#C1,C2
-0.1698734223104985 0.7797532556040647
-0.1669977827286785 0.7774397299378916
-0.16414256951286987 0.7750733625451868
-0.1613022798839031 0.7726913882973984
-0.15843721448729187 0.7701719882904503
-0.1556252155290423 0.7677667588228261
-0.15281789470205343 0.7653925349176466
-0.15001011000988917 0.763028677614235
-0.14722135911943246 0.7606811172050418
-0.1444794817890479 0.7583470995284903
-0.14165891123660757 0.7558952789146898
-0.13889749045851096 0.7534983056256939
-0.13611994934289184 0.7513055378539534
-0.13335919910488603 0.7487320199825996
-0.1306575208723988 0.7464302404082908
-0.12783571579086406 0.7440640758739587
-0.12521875685575845 0.7419253591110565
-0.1225114264823921 0.7396392629615045
-0.11984807964483513 0.7374973609219924
-0.1171640471986033 0.7350498270422527
-0.114503929606797 0.7327058571541715
-0.11183266240257428 0.7305912585557846
-0.1092281006354533 0.7283618082218796
-0.10657866292524387 0.7260566895552782
-0.10387838394297433 0.7237560118820542
-0.10131075452545213 0.7215327047608582
-0.0986138938245894 0.7192331483420434
-0.09601091903013215 0.7169471220631016
-0.0934912184143929 0.7150177550238145
-0.09087996410342891 0.7125534899819835
-0.0882976068524195 0.7104557779770033
-0.08583442679575315 0.70844947240686
-0.08313835399900094 0.7060924079923301
-0.08064461611341966 0.7039338760557073
-0.07817817333658739 0.7018959510423792
-0.07556524683779198 0.6994873814310115
-0.07308412659096142 0.6973685163417969
-0.0705504483072038 0.6951932948878125
-0.06805829183865175 0.692995708728085
-0.06554173736472946 0.6908383514027144
-0.06313133330298315 0.6889062343828721
-0.06056033447744503 0.6865681605258249
-0.05816937458985639 0.6845582553156717
-0.05574506768808197 0.6823781608688082
-0.053317974821144205 0.6804161236624081
-0.05096560726729039 0.6783036511871627
-0.04842249581035552 0.6762418319932074
-0.0459477470146521 0.6741262430758697
-0.043562174976977126 0.6720567377607346
-0.041200739863648146 0.6700304205229318
-0.03878174717214567 0.6680251784999809
-0.03622914692271662 0.6656444357305281
-0.03403652280708692 0.6638511669909302
-0.031499694818703745 0.661557608497581
-0.029157005647483476 0.6595234173535363
-0.02692050215985787 0.6574813437939174
-0.024480340363202353 0.655481515368399
-0.022213291040798618 0.6536419777623734
-0.01992489603690973 0.6516523203179726
-0.017479634002364304 0.649401325371341
-0.015190122324300287 0.64756596402804
-0.012960586378024668 0.6454864472414534
-0.010679436406079273 0.6436442990360819
-0.008288183496040552 0.6414738017804643
-0.006109032062374458 0.6395867152944406
-0.003778990672060006 0.6377205119198037
-0.0014762383920504715 0.6355885373931557
0.00081444444592404 0.6334891797866248
0.0030013630790312 0.6316816215054376
0.005190597129009484 0.6298055688367284
0.007476834328759003 0.6278392315648957
0.009770032151083513 0.6259899790150224
0.011894282659969497 0.6240068983255556
0.014243419434014077 0.6218370508835468
0.01641543453881488 0.6203215206148088
0.01854843937483896 0.6182640165209965
0.02088106946939238 0.6161284785265497
0.02291043109214585 0.6145174741141141
0.025159757457574143 0.6123747913208883
0.027227699828952782 0.6106063487516554
0.02948539987229492 0.6084878103497563
0.031695309769679485 0.6067234727929509
0.03374676416717503 0.604813561882605
0.0360663679977573 0.60281891190364
0.0381639121152083 0.6009510322683055
0.0403363175480299 0.5991796537428548
0.04242318721387683 0.5970922912601789
0.044514968931455116 0.5954723944951245
0.04657221316662918 0.593472444487798
0.048720071544692926 0.5918132680031813
0.05075237471342508 0.5898947377970221
0.05283121048451155 0.5881262129855093
0.0550405915230071 0.5862406781486337
0.0569792232455335 0.5845606108534946
0.05915274252877966 0.582714776361716
0.06099084414930333 0.5809231773380924
0.06314521722390132 0.5790635771772172
0.06528850867294089 0.5772162682507647
0.06734437679247485 0.5751115397493396
0.06927591701336011 0.5737755346642441
0.07146817789615945 0.5718293057250701
0.07338245485652639 0.570086754629331
0.07539481848729734 0.5682993603211893
0.07743046294888767 0.5664996925954536
0.07928103369303974 0.5648990539466875
0.08138196758451954 0.5629938377761257
0.08332932231054246 0.5611426628689988
0.08533536101622818 0.5594582968918698
0.08729460549782464 0.5577000082003502
0.08920072744115759 0.5560349579915081
0.0913104143188308 0.5540842562785706
0.09324791931724297 0.5524603975124881
0.09523301118485672 0.5505935017512185
0.09719454539311423 0.5488613281869945
0.09913244197855131 0.5473233921438112
0.10102557372774079 0.5454314753539116
0.10301158706647429 0.5437209510645242
0.10482634976327465 0.5420867820346909
0.10679480352237447 0.5401729188787747
0.1087636409093945 0.5386891016732877
0.11065762946605695 0.5369228177554467
0.11271374778051646 0.5351792008156453
0.11439037619755876 0.5337147974395563
0.11629451620543496 0.532030813167564
0.11818383426664592 0.530362185999907
0.1199813561591363 0.528653978361076
0.12180564369512337 0.5269244177349524
0.12369125386992719 0.5254092283634856
0.1255601303838566 0.5236151893416606
0.12745219669718832 0.5219968854002607
0.12938411399141592 0.5202461501152481
0.13105609986451727 0.5187888193998912
0.13305451744408292 0.5169584235217497
0.13488442077488705 0.5152927669268875
0.1365953056851228 0.5138481215836113
0.1384678400456737 0.5120575227210246
0.14021076193369075 0.5104504587323022
0.14212464666464297 0.5088726357682641
0.143801704545788 0.5073919000272977
0.14576253481247736 0.5055695530288706
0.14752033758232663 0.5040777102931979
0.1494132675179075 0.5022173926879993
0.15116669394488325 0.5006453301327243
0.1528128945497319 0.49919579837451644
0.1545941111044309 0.49753130623713515
0.15644953007964457 0.49581359218273013
0.1582579546348215 0.4943102145682774
0.15977552427885378 0.49278227315987777
0.16160849186436255 0.49126176296571034
0.1633244623874277 0.489715881104996
0.16520092204160886 0.4880294184819016
0.16684272790004218 0.4867710390827349
0.16862733866281066 0.4848043632103364
0.1701508965971169 0.48352385294090483
0.17195794827052358 0.48177330758877446
0.17377848320415856 0.48000622442217866
0.17542849882868228 0.4787606411925669
0.17708975603891852 0.4772059027751908
0.17890493973311605 0.47557974149054394
0.18042576839697966 0.474179590265392
0.18207859619354905 0.4725222771828713
0.1838680999003096 0.4710260852685636
0.18545756859232532 0.4694030723184034
0.18728990910302523 0.4678641426713236
0.18884113014787052 0.46644779803201697
0.190594299174215 0.46501084032735773
0.19214460034723746 0.463722463644512
0.1938742009305514 0.4618166378004638
0.19550008274927855 0.4604083632497813
0.19712609358922129 0.4588555499286736
0.19880595263047796 0.4575170626197256
0.20053258865462442 0.45595159110605066
0.20193910904589096 0.4546415986349671
0.20356737260443258 0.45293927443121096
0.2052533251951678 0.4514768572934673
0.20690217353920382 0.4501210528773898
0.20842579391870364 0.4488106031300888
0.21011271112680818 0.44707272892099814
0.21161325603001024 0.44574686483863923
0.21325039740506935 0.4441673199546311
0.21479440950805484 0.44271008439624404
0.21632706914542832 0.4413109676432666
0.2181045409791318 0.4397800465251265
0.21967043038528744 0.4383491044113461
0.2212063028942688 0.4369346150638529
0.222716222211102 0.4355633944590861
0.2242805965522402 0.434123997717098
0.22586248514425156 0.43262057860378433
0.22728104162442042 0.4313522067432458
0.22883296452152346 0.43005839483749764
0.23048926819146776 0.4283171831321363
0.23199523162479108 0.42706373160416544
0.23348795926755328 0.4256599234949002
0.2352338841499475 0.42400742428097526
0.23634494288541896 0.4228545189666062
0.23812319032278384 0.4213841931580631
0.23962145463382523 0.41997230281751674
0.2411113763835171 0.4185796153195884
0.2427325363894831 0.4171429113863595
0.2441413005693207 0.41572637728941797
0.2457161774260802 0.4141995530251391
0.24714413480912079 0.41314415919204683
0.24856328121140148 0.41177956514338254
0.2500198622029899 0.41051567537903244
0.2517638621043242 0.4087177667396126
0.253071170687018 0.4076383355591867
0.25456508448479054 0.406286620275247
0.25599467758752803 0.4047879091086769
0.2573962736934656 0.40339522673509665
0.2589124485382843 0.40213218951573304
0.26044247447906177 0.40069841815216367
0.2618301445811926 0.3994860816407302
0.26321246347514854 0.39814962526973136
0.2647902428249452 0.3964531433583815
0.2662316545867747 0.3951616447664436
0.2675053143539749 0.3942534516113741
0.269106391094922 0.3925254943324073
0.27051475035760525 0.3912230750775801
0.2717623866403131 0.39023046957249036
0.2733380335686369 0.3886557465928255
0.2747754523635422 0.38746130859544653
0.2762069441143446 0.3860866898651039
0.277518644976861 0.38472160407243344
0.2788699261224959 0.38352625928254563
0.2802123913829731 0.3821167146655095
0.28174264698670154 0.3808266578168346
0.2830273414346985 0.3796608184977485
0.28438154186770787 0.3783383581932755
0.28599766982760716 0.3768582475899181
0.28737282050496277 0.37559929239365336
0.2885767108840656 0.37440096342955903
0.29005761871745356 0.37298500314918187
0.2914203004695926 0.37170415858480016
0.29271617033605096 0.37055444959937406
0.29413263821819086 0.3691009292179203
0.29540712044305234 0.36801735680316666
0.29673888469837734 0.36664741714916943
0.298148500559053 0.36546542577790947
0.2995583386065305 0.36391332340204113
0.3007533914124218 0.3629603151518506
0.3021775160886661 0.3615342740483743
0.3034505413709753 0.36055852466970545
0.3048085970117665 0.35921794319500727
0.3061629573936247 0.3579332619704733
0.30754070653207294 0.3566257467161276
0.30884561739613553 0.3554211516657731
0.3100460139987455 0.3542523139506258
0.3113638699285816 0.35293193946639106
0.3126148424906206 0.3518289067472992
0.3139533975149051 0.3504499773961705
0.3153697470642532 0.34923649304448084
0.31651167408565234 0.3480897713299876
0.31790111045915376 0.3468143009975911
0.31911329269965 0.3456610542207537
0.3202808982226018 0.344418110154788
0.32181068579671107 0.34307951152361055
0.3229326756767484 0.34199790191113916
0.32429420755769794 0.34084740175468947
0.3254948645166293 0.3398049762558731
0.3268481444570092 0.33826641716932954
0.32806286958969993 0.33720920374683566
0.32938277085244866 0.33584410244462387
0.3305235063066711 0.3347660541267748
0.33189704743479104 0.33355777236289713
0.3331220130667147 0.3325244848707343
0.3342472238749163 0.331225748561429
0.3356215164519573 0.3298505028983672
0.33677935477883353 0.32880093979218167
0.33816693675490433 0.32741612294644357
0.3392886774209642 0.3263147132229583
0.34042200254447014 0.3253566996951432
0.34171052624936055 0.3241495952901627
0.3430980511098602 0.32272515563099274
0.34422131068420075 0.3217040116647875
0.34534480794650463 0.32072009292994014
0.3466405541557413 0.3193416767072322
0.34775230115328654 0.3182832052457563
0.3490066414495054 0.31734415783597597
0.35027792284385856 0.3160085337181771
0.35140118814724447 0.3150323797471322
0.35275149214417983 0.3136356743659621
0.35379260854047473 0.3127182543615004
0.35504796838993474 0.3114659899199202
0.3562067491221185 0.310357729457528
0.3571679845623215 0.30934588603844454
0.35855816800279067 0.3080042188249417
0.35961710061130286 0.3072352194096775
0.360765944052917 0.3059296845086263
0.3619664715093857 0.30487305989771146
0.36312138367985564 0.3038144334450537
0.3643590092701647 0.3024867380249537
0.3654172390104781 0.3014742971195615
0.3667167701245118 0.30015317823754056
0.3678833671078467 0.299045524859529
0.369099510519774 0.2978380680775781
0.3701460488282528 0.29695469507104805
0.37118563299386137 0.2960000577843725
0.37237339738037595 0.2948354364034574
0.373553180134029 0.2937230956626489
0.3745547112019246 0.29256022820603417
0.37579909541439543 0.29159202876667095
0.37684196769478556 0.29046713058816237
0.37797727115054464 0.2894132436686159
0.3790915626687263 0.2884800349774182
0.38034013934228245 0.28728683115046333
0.38149042723819354 0.2861188492481968
0.382485371121357 0.28508328394915255
0.38369477940764535 0.2838937287193601
0.3848258877446102 0.2827659026205754
0.3857530737439811 0.2817753562255559
0.3869902050815717 0.28069363187353374
0.38801244715762234 0.2797141320069602
0.389204845235473 0.2785334316834303
0.39026146145235135 0.277500729883661
0.3911719916163246 0.27670257822885364
0.3924618805062829 0.2753033544528292
0.39340879941100176 0.27444583771730696
0.39458329813471377 0.2734160699608574
0.3956016327639585 0.27253601319008264
0.3965978039107421 0.27144010851458694
0.39781400203302336 0.2703078925171279
0.39885002811345766 0.2692176438183323
0.3999964593438287 0.26805079718935027
0.40105577241343665 0.2671272383152519
0.4020656594188738 0.26609729987025316
0.4031515996332697 0.264981860576554
0.4040813240849836 0.2640170524000756
0.4052664308918385 0.26304530529558506
0.40638038918159197 0.2617027225374458
0.4072571796666144 0.2611076717493957
0.4083649653520633 0.260003309675037
0.4092839830969894 0.25903345246170023
0.4104298300639932 0.25798663858895693
0.4112754538335927 0.2571960128834561
0.41248007203697273 0.256003728727571
0.41353522777080903 0.254994339593057
0.41450023250625284 0.2541671562946192
0.41539438124764255 0.25301050159086286
0.416545672583902 0.25198801684228084
0.41757436467796855 0.250899030012447
0.41873097432577094 0.2498772861276018
0.4196581557691203 0.24908575115828874
0.42054314710346025 0.24814933525829613
0.4214821656912892 0.247408714713705
0.4226625071162637 0.24601500985742591
0.4236569000753387 0.24496356688890503
0.4244591537023858 0.24427666811485055
0.4256500035029646 0.24310165766256625
0.426575506608535 0.24213079759860273
0.427481659160084 0.24141839880703891
0.4287522865714292 0.24016755859962374
0.4296306738997943 0.23910062229562384
0.430430026487351 0.23855492477574508
0.43143590131335924 0.23749552543787683
0.4325283508980006 0.23657386183375523
0.4334821854456448 0.23547016572738183
0.434470047001196 0.23468144836495325
0.43551989490656856 0.23359707366021581
0.4363007967143679 0.23260131423595315
0.4371805488234139 0.23184307176887758
0.43841374186323095 0.23066930412852332
0.4394748898206024 0.22957508012530986
0.4402397487298186 0.22896270240969258
0.44109861692186264 0.22782319934647127
0.4422760242956752 0.22680359141630085
0.4430817728854675 0.22605577508749358
0.44410818501635246 0.2249457930874656
0.44491435737049695 0.22421158263476687
0.44597314955303763 0.22314646958382328
0.4467091321100109 0.22256192850446405
0.447690963302891 0.22154443446427602
0.44875703984628873 0.22065315227232457
0.4495539653115778 0.21966609129617415
0.4506045577726762 0.21860478271987144
0.45134459070623295 0.21816281431765533
0.4522872962930418 0.21712300177318794
0.4533608593131028 0.21592970970018716
0.45415709375391894 0.21506146523946496
0.45522730341171364 0.21416312807288124
0.456150277902809 0.21331770667514377
0.4570167235337767 0.21232308959130003
0.45792910734361375 0.21166241702084015
0.4588372705835733 0.2106749966358516
0.45977417976231577 0.20979282895336887
0.4607252489567119 0.20883738629397325
0.4615705806237839 0.20813071590713822
0.46251268132957607 0.2068027038491383
0.4633222350860258 0.205947328916312
0.46421229538855874 0.20537244902027668
0.46508430359609626 0.20456343949322703
0.4659246800620855 0.20363029798921334
0.4667894163259671 0.20280787880696277
0.4678665086436124 0.20176391331036841
0.46879550405309617 0.2007115319870479
0.46953179853013854 0.20005080079138932
0.4705142621933624 0.19912487846258614
0.4713754681255961 0.19834800701419325
0.47218652099163766 0.19738080311413903
0.4730684543692955 0.19668739507990668
0.4739723114074647 0.19568237802019112
0.47480735286267833 0.19476441391976157
0.4756495022957827 0.19407514518218544
0.47636205293322825 0.1931549303493984
0.4773625804319776 0.1922873117811888
0.47816084030463485 0.1915553916611899
0.4789480158299852 0.19075917586140362
0.4797675010462256 0.18987621792476267
0.4808653340088079 0.18885802882167163
0.4816361444101342 0.18800737285475605
0.48260081847081143 0.18729025022185036
0.48327804739247676 0.1865634361216732
0.4839394132923745 0.1856753336149392
0.48506281152873737 0.18483782644830044
0.4857049332534174 0.1841717444005237
0.4866998694916584 0.1830479150195024
0.4875149751839784 0.1823500221068753
0.48814817445668107 0.1816619551828152
0.4890807564962402 0.18086103415797466
0.48994306733923115 0.1801188544074705
0.4907066821982024 0.17916344592222516
0.4914516955492841 0.17829078184851127
0.49225859657748744 0.17744939130686493
0.49331426890215585 0.17646746944704833
0.4939731664661024 0.1760314502177281
0.49485756362052385 0.1749695175600961
0.4956070447571678 0.17435541523064485
0.49647572257053424 0.17359488012554386
0.4970796077964082 0.17268703610569464
0.49791245822858904 0.17208930379103088
0.4989856396312841 0.17077723078543122
0.49947115910558487 0.17039836001700476
0.5003993874205763 0.16955758036056778
0.5011643879831844 0.16883972595934793
0.5020795707498165 0.16821270055724202
0.5028250838311838 0.16722985206261876
0.5037367160568458 0.16617313006487544
0.5044376120679261 0.16529147362468333
0.5051827199230869 0.16468929325459336
0.5059818560201865 0.16390139488787825
0.5066971696508967 0.16339177490722945
0.5075335850532018 0.16228346257682913
0.5084045686578833 0.16148368951559622
0.5089861100220952 0.1609802697331748
0.5097710250592863 0.16032507667150753
0.5107085506154239 0.1591627189496876
0.5113636822102239 0.15866826785633825
0.5122537439301433 0.15785102779299764
0.5130275092582881 0.15719107859557102
0.5136529547967713 0.1563312151681543
0.5143969782415381 0.15556009960291473
0.5151134896230884 0.15492588871551183
0.5160549503227294 0.15391776898277976
0.5168117914157346 0.15317702123494814
0.5174113809425815 0.15263876033967128
0.5182202219525138 0.15163946796927097
0.5190736809517564 0.15116585982348107
0.5198336246973512 0.15029754786889837
0.5207248010624375 0.1494886631947412
0.5211567605224099 0.14897620275289247
0.5220531050945589 0.14800902411445382
0.5228207281952972 0.14723582681433856
0.5234236463845738 0.1465873988091817
0.524140987485852 0.14587949561612557
0.5248207488834065 0.14535123891809687
0.5256874571816664 0.14436796527456297
0.5263926533313943 0.14376582727228882
0.52705099101493 0.14304269298570726
0.5279403308712611 0.1421310313171753
0.5284896002014807 0.14161738624432285
0.5292300647124646 0.14076387790008793
0.5299864530774996 0.14007603803925361
0.5307035563591673 0.13928030336782116
0.5313883050731296 0.138684118383418
0.5321707007161252 0.13798442782287035
0.53280237594332 0.13731430960515856
0.5334467574495357 0.1366279443210815
0.534252005910994 0.13584410372641054
0.5349946099016203 0.13517626211977984
0.5356278978153903 0.1343034680149966
0.5363465076192955 0.13356570667006062
0.5371626876347078 0.13288920241877245
0.5377427235109081 0.1324556626722747
0.5384364475513517 0.13168717484784964
0.5392229376557209 0.1307414111674976
0.5399750482073861 0.12997017612873007
0.5406775415680646 0.12933772069405347
0.5412996384111957 0.1287420806174031
0.5420984334494007 0.12822187646018024
0.5426652677195045 0.12765702200199658
0.5433637410548924 0.12681187239365777
0.5440678429819508 0.12616037996042095
0.5446472373301912 0.12566432040901487
0.5453738593590487 0.12475716902995337
0.5461562903734407 0.12406422047869814
0.5467110860143796 0.12348022810833403
0.5474224428449233 0.12270021232453132
0.5480335281771291 0.12193587749313606
0.5488978924129251 0.12124164040494168
0.5495224098584546 0.12057145662153523
0.5501277166360089 0.12002763150593532
0.5507708590340025 0.11953254448272765
0.5515684864593717 0.11853411180479045
0.5521227739925094 0.11797711062648508
0.5527961305984577 0.11729942914500358
0.5534827738950878 0.11668580606513435
0.5542957001712054 0.11569538670010249
0.5547185045843922 0.11543449645004389
0.5555307255912608 0.11450374127754082
0.5560728930351027 0.11419806417646194
0.556763489845217 0.11349528652187235
0.557339971307296 0.11286480345107441
0.5579580352957485 0.11213841196082108
0.5587530058267614 0.11134846301866186
0.5594436853584743 0.11062110717663742
0.5598976274281495 0.11015393392169326
0.5606560000805195 0.1093943310511879
0.5611995418224085 0.10878040296630043
0.5618724132324362 0.10827871692780588
0.5625585203360255 0.10746337394311167
0.5631631858502619 0.10694927410932054
0.5639124702039963 0.10609928088280396
0.5643840041706734 0.10580507608973866
0.5650695937406578 0.10496770440775904
0.5657923440094134 0.1045099896500471
0.5663239430974213 0.10383891852615712
0.5668917397151936 0.1032442888949967
0.5675838717901183 0.10251850462802681
0.5681070532981807 0.10195774706257055
0.5688783783898126 0.10139288294565607
0.5694060994785114 0.10059009856335022
0.570153681136137 0.10012787940536705
0.5707956818482314 0.09932853077104742
0.5712747947626792 0.09883815194984502
0.571979715151571 0.09828406135519996
0.5725765821142673 0.09752607986367934
0.5732805424485905 0.0968931400473998
0.5739549642105628 0.09623734860861455
0.5742830774915098 0.09584919024996963
0.5748422222967413 0.09533468481642715
0.5754304339219954 0.09468797436735621
0.5761780420763127 0.09388064686684827
0.5767858923187775 0.09327907562752713
0.5773742469529731 0.09283049386648712
0.5779850612224211 0.09217094764330658
0.578528880506879 0.09161023863782713
0.5790994899784254 0.09098190563120934
0.5798690656230312 0.09019709340968074
0.5803112136941724 0.08991669548366499
0.5810077594334764 0.08913012843984247
0.5816035611769743 0.08851705366292228
0.5821116610615666 0.0878531426680691
0.5828039954622528 0.08719484293076252
0.5832353524345046 0.08681618051518503
0.5839191279136586 0.08622530606885803
0.5844306274348314 0.08557867372754924
0.5849905465379649 0.08504175113358137
0.58560932011626 0.08443812657820393
0.5861156782186416 0.08380226721763817
0.5866930013506478 0.08356835035091026
0.5872967217736254 0.08257501096557696
0.5880761341592501 0.08217196947004057
0.5884134140167203 0.08155378440119843
0.5891149435598135 0.08088881895487732
0.5895386886608172 0.08039912107797953
0.5902730967810467 0.07969307467740261
0.5908444524301679 0.07925601557884487
0.5913458621352371 0.07867700597328275
0.5917872875663677 0.07813290946009466
0.592493692231836 0.07760003287751704
0.592944448884322 0.0769665009308903
0.5935249319161966 0.07652917008909244
0.5940877209377328 0.07575470788639616
0.5947406259132797 0.0753470062053545
0.5952529911010142 0.07473345921664987
0.5957775198083539 0.07412847581790483
0.5963257244887054 0.07361588558278942
0.5969232754111047 0.07320788500978215
0.5974518490516179 0.07249734903114669
0.5980503827580153 0.07186969069758442
0.5984128150234206 0.07158033557216437
0.5991666701911719 0.07092979146225031
0.5996787869868263 0.0702842587095378
0.600111000262504 0.06981961075459997
0.6006121036650762 0.06927417949141712
0.6012795640769317 0.06851785903258967
0.6018289647506295 0.06783631314116645
0.6024069620486097 0.06742271082286644
0.6028833711250188 0.06672562542826532
0.6035738967796637 0.06614431959622247
0.6039582380577786 0.06576154557054115
0.6044703072465483 0.0653467046023446
0.605154987062086 0.06483875386707938
0.6056212818864869 0.06437761906400497
0.6061175572371571 0.06358658286904384
0.6066964238715151 0.06304651245254411
0.6071401208067405 0.06250997775061984
0.6075792434245156 0.06227520650562479
0.6081585719922795 0.06159006173767079
0.6086739913362169 0.06117337632920705
0.6091730831292875 0.060464042874402435
0.6098280933423645 0.05995765719745938
0.6103462253269718 0.05930863748046433
0.610818309121741 0.058876601935135
0.611306987426221 0.05840578363163751
0.6118620349106167 0.057770617487430176
0.612373054561299 0.05716001575982277
0.612813839586932 0.056976421927299015
0.6133773515027363 0.05620697491572013
0.613855498352528 0.055751779570416105
0.6142855967528559 0.055330748064691515
0.6150213157181469 0.054888836839406374
0.6153003876505017 0.05418779620000569
0.6158398911880137 0.05360546561663704
0.6165184537707731 0.05284640991617695
0.6168101275341532 0.05284163248211582
0.6173765899472282 0.052084575837997193
0.6178519345836548 0.05162706479735468
0.6183628350400735 0.05118057515927876
0.6187366603406421 0.05067988032913995
0.6194301966028855 0.049937793758074944
0.6198109188170651 0.04953109916273557
0.6202446294073188 0.04926616411425122
0.6207950815836687 0.048425552142329575
0.621235804825958 0.048062377599276895
0.6217826585989155 0.0476027812863975
0.6223297155865002 0.04699542585121308
0.6228876730466719 0.04650214959303667
0.6234086021249899 0.0458654809162552
0.6238689655238606 0.04541984355972739
0.6241653974597379 0.04521315729311004
0.6247688156949324 0.04451370221058493
0.6252887222989267 0.04406300625777693
0.6256976043127128 0.04345531385372692
0.626264952304594 0.04294388666159188
0.6265777664744795 0.04260725882457572
0.6271214028547579 0.0420220346317105
0.6274443023576372 0.041747404592177184
0.6281026404142883 0.04121304740782905
0.6285737691146415 0.04068559301192398
0.6290491614375353 0.03987161805994632
0.6295496024870479 0.03944481284491452
0.6299667798292332 0.03907469807782138
0.6304395404266631 0.038587414589455915
0.6309586611758798 0.038159710776442535
0.6314405662512681 0.03753773806930605
0.6317758153878106 0.03715902153243911
0.6322653317054298 0.036542299731990746
0.6327574858970647 0.036356645012518674
0.6331624530374391 0.035596981139566664
0.633687481528008 0.03512949776391183
0.6341747662612933 0.03480703727334844
0.6345609318100226 0.03416203081898439
0.63501991800572 0.03371488104030462
0.6355317229522366 0.033117485900540755
0.6360789343702066 0.03258629457558826
0.6364043468842377 0.0323735324824177
0.6367418886914975 0.03213141183232504
0.6371701926522282 0.03126834092896469
0.6378001147722814 0.030890003852120262
0.6383679721643816 0.03019782889818612
0.638599164442719 0.030213312842721884
0.639186874521898 0.02939418946573813
0.6395949819761828 0.02887765792743524
0.6401002764330983 0.028600190999786612
0.640457115266533 0.028121069341187743
0.6409001669892953 0.02757584622327025
0.6412645522938826 0.027271253363387316
0.6416840160915787 0.026615455765587104
0.6421192561387001 0.026236067059396184
0.6426826217449436 0.025629055478745832
0.643085252672931 0.02529505586139036
0.6434782530697849 0.024845184307455748
0.6440012666234405 0.024330663041943534
0.6444170902111812 0.02381913192614693
0.6448421785378545 0.023157414335037152
0.6452286548049319 0.022973744081185354
0.6456664223547282 0.022429085748038036
0.6461376275810637 0.022056417036294018
0.6465027237149835 0.021629630740593986
0.6469557884255123 0.02106998686580941
0.6473958034097659 0.020705506216474157
0.6478131610340955 0.02030204981627015
0.6482648711391862 0.01978915022396721
0.6486614736445685 0.01932926258423706
0.6491225413936943 0.018623312292974203
0.6495574426113329 0.01839020630420718
0.6499538094406883 0.017955355549867047
0.6502985685247351 0.01754181167641633
0.6507231934561087 0.017084688006820836
0.6513148564416485 0.016312748535631694
0.6515293825741332 0.016079251309023657
0.6520834528992584 0.015446614141980564
0.6523514348128445 0.015255277226479347
0.6528403779046382 0.014755683914464135
0.6533292827647713 0.014226255642374785
0.6536106917044787 0.013941154867721406
0.654177023151363 0.013282116113465414
0.6544371167385133 0.01306655628252551
0.654888851467741 0.012442218423694196
0.6553067644824602 0.012033379788974008
0.6556840578092078 0.011586212410473307
0.6561509260531422 0.011184695767332276
0.6565616030777642 0.010785082919022693
0.6568962973214925 0.010295943374915462
0.6572888950574135 0.00978760893538555
0.657834365138348 0.009260098838056674
0.6580502490140202 0.009010194245758663
0.6585860070403577 0.008461668216854568
0.6589430415482123 0.007964829157413034
0.6593235497779633 0.0075207075960179726
0.6596742413358622 0.007195899350118551
0.6601055701872163 0.006554217662483319
0.6605954244712724 0.0061647260257997605
0.6609013599417416 0.005701076869781052
0.6613538839430966 0.005213027735914588
0.6616224626301177 0.005072825160489458
0.6621326869702585 0.004518687468579086
0.662438809021707 0.004116063423093008
0.6627697459868516 0.0036822848554134424
0.6631862286225976 0.003132871068357579
0.6634490083589248 0.002876871392362368
0.6640172933619217 0.0023337557607858717
0.6645781991373974 0.0016099006906065139
0.6647088028787734 0.0015167408999515741
0.6651519226914703 0.0011057799799073509
0.6656374295448637 0.0004677466342233316
0.6659181919347615 0.00025022084255843513
0.666232289328228 -0.00011488971659789904
0.6666500050550834 -0.0006957777411722432
0.6670523351190054 -0.0012228560928437826
0.6674337278510459 -0.0016857782439777536
0.6679108347501569 -0.0021613406245434286
0.6682734196936229 -0.002593881544407539
0.6685798370348014 -0.003173046764966325
0.6688723724645477 -0.0030376701550368645
0.6692874210558355 -0.003703943421911493
0.6697092421167951 -0.004276430181093027
0.6700996833018433 -0.004605326032222745
0.6705094054802615 -0.005283450244310983
0.6708832590168117 -0.005790836714279379
0.6712344395551118 -0.006009929815472548
0.6715387898159787 -0.0062213068888617995
0.671915074287567 -0.0066692958557430515
0.6722193817104004 -0.007165498531337522
0.6727196085346114 -0.007680486073106341
0.6730262247300557 -0.008240878109363359
0.6735081035305573 -0.008692246130417414
0.6736638886870965 -0.009017295351049892
0.6740795892221496 -0.009358036418625648
0.6743951452593537 -0.009717554603561496
0.6748759333240213 -0.010419326468872558
0.6751975575873483 -0.010828052791314935
0.6754886986711264 -0.011140380441131859
0.6759149900063645 -0.011701975767388961
0.6761428943420508 -0.011942233005273972
0.6766079359654974 -0.012536674367343736
0.6769127937524266 -0.012775057128156853
0.6773570992785329 -0.013440340481404078
0.6775736182864781 -0.013642540140558768
0.6779179133872466 -0.01407260681491529
0.6784593773047479 -0.01472584196873472
0.6788345029781446 -0.015271828334081583
0.6790183288376647 -0.015384680870586975
0.6794826309454554 -0.01599131999302572
0.6797083550455162 -0.01618282396744586
0.6801085128400972 -0.016839555695786323
0.6805509753063486 -0.01708997065967277
0.680808827721574 -0.017548043485951847
0.6811633726565182 -0.01793495928758493
0.6816359110307392 -0.018627987019102066
0.6818627303895093 -0.018984538787447214
0.6821006843563118 -0.019128624447871223
0.6824317909094839 -0.019772573868878762
0.6827914315527424 -0.02018391599160818
0.6832107261346393 -0.02032231763358816
0.683525049676316 -0.020884097168764826
0.683969724690138 -0.021391242207554617
0.684260809205446 -0.021761347473450487
0.6845354393736798 -0.022234356279666967
0.6848756612818724 -0.02268379765917017
0.6852643780435634 -0.023095378713024584
0.6855716897367233 -0.023752063538880486
0.6859877320864446 -0.024040714924356332
0.6862302076437347 -0.02422894969218803
0.6865313805595361 -0.02462060772352115
0.6869269715607655 -0.025248626783809236
0.687189831718188 -0.025604391265434345
0.6874659547329189 -0.026012684081654358
0.6879333956944769 -0.026624596909727183
0.6881414461681039 -0.026897630387825
0.6885258345056029 -0.027326652060840395
0.6888410752767382 -0.027926654074218016
0.6891018590187092 -0.028208415401831388
0.6893458079126783 -0.028500977087294266
0.6899267796322526 -0.02923665830894584
0.69018894834822 -0.0294124242526681
0.6905424541629935 -0.029948783862453143
0.6907876440230027 -0.0303661348031381
0.6910848271001634 -0.030818615602035915
0.6913847144407168 -0.031218702772697338
0.6917357826729784 -0.03158893808687835
0.6919746860293111 -0.03213322278080166
0.6923586319898284 -0.03269804334337156
0.6926661773753431 -0.03278175827464458
0.6930841995974659 -0.03361743558798658
0.6933273930363856 -0.03382410459623697
0.6936408093073057 -0.034199148047179495
0.6939638769528591 -0.034611922905270154
0.6943246230618236 -0.035230006504838984
0.6947483945128712 -0.035853146459785545
0.6949698250496807 -0.03602477806547877
0.69526347209974 -0.03655521721022914
0.6954758705507307 -0.036729372950926376
0.695781223086478 -0.0373049008436942
0.6961588248662038 -0.03775274124719363
0.6964981987998726 -0.038335560575884386
0.6967694682631697 -0.038733448776347434
0.6970711412811652 -0.039030567934456695
0.6973162718514432 -0.0393454171544223
0.6976608830249303 -0.03982900366323461
0.6979398599901321 -0.04043875565866628
0.6982443244816883 -0.04079826432327782
0.6985933283011211 -0.0411172106605634
0.6988618183104768 -0.041624392681218425
0.6991317800905446 -0.04206518674407178
0.6994252430811764 -0.04253461682630577
0.6998152247189762 -0.04309495771991889
0.7001491577676636 -0.04350591237454304
0.7003932620721772 -0.04376291813396549
0.7006436477223454 -0.04415921902592279
0.7010165712256355 -0.044538281265656066
0.7012775601703943 -0.04524233952884982
0.7015138398196858 -0.04533643886213712
0.7018314168134553 -0.04610197578829822
0.7020981448164505 -0.04634374416445364
0.702383031223173 -0.04675162236160124
0.70269968060684 -0.047264974077123156
0.7030608017394661 -0.04789892373939397
0.703316181882335 -0.04828237851864392
0.7036540805892938 -0.04889627343402314
0.7038617883413406 -0.049043064787429036
0.7041200471397975 -0.04964845052703204
0.7044531244311293 -0.049962511638746654
0.7047574928853382 -0.050489653376124544
0.7050515030760712 -0.05084409310265847
0.7054475697542956 -0.051457329830827514
0.7056669834980208 -0.05185449329651293
0.7059235060242989 -0.052225327967463486
0.7061769655284496 -0.05274565771041306
0.7064632554351867 -0.05321685656042685
0.7069000411896443 -0.05377183316125389
0.7070327073758736 -0.054107278273235804
0.7073183409760417 -0.05449605957437709
0.7075546610396112 -0.05490125027636272
0.7078590633855628 -0.055197469457646475
0.7081283714645956 -0.056001123070158254
0.7084782413875477 -0.056281224527162
0.7087558908411109 -0.0566625125257898
0.7089381309421622 -0.05699675693958073
0.709367189112556 -0.05772002180433733
0.7095716692611924 -0.058079205865442685
0.7098864844745119 -0.058660281795133384
0.7100909306799064 -0.059090391956685195
0.7103811666766646 -0.05960793456611335
0.7106815918484151 -0.05996407521891767
0.7110178775423628 -0.06033995615829002
0.7112216794328277 -0.060841034505829894
0.7114992238068832 -0.0612817356988814
0.7117635884511936 -0.06170231939654902
0.7120133719414657 -0.06220664137708598
0.7122633618125092 -0.06266838681837839
0.7125358494783685 -0.06313498847045707
0.7128489392943964 -0.06361160799231103
0.7131567065652139 -0.0642731028332707
0.7132824298460045 -0.0644897638505666
0.71362309279287 -0.06500188904508586
0.7139276613800838 -0.06561545181118578
0.7141942879277352 -0.06581085936160225
0.714500681804453 -0.0665254451148456
0.7146565402243942 -0.06687978397510663
0.7148691428225106 -0.0673392638672693
0.7151487734067183 -0.06788508485825351
0.7154862132358243 -0.06827865192881288
0.7157178599413321 -0.06875642460379683
0.7159702393578222 -0.0691626404295893
0.7163091433053956 -0.06979085746333746
0.7165690414450185 -0.07022676566558061
0.716832290736528 -0.07068528268685348
0.7169863132734626 -0.07106063809537866
0.7173032427683729 -0.07148072074886136
0.7175133788579753 -0.07202742430079345
0.7178005057429704 -0.07262916318061308
0.7181265583098262 -0.0730704980560326
0.7183664229095236 -0.07354130956654881
0.7185563326526776 -0.07399564131263103
0.7187861109864682 -0.07445239119093916
0.719071300512132 -0.07497267193333357
0.7193205818128479 -0.07546674783664331
0.7196315661840798 -0.07591667780172973
0.7197845104020316 -0.0764621512924929
0.7200132725632782 -0.07683684102595323
0.7204283209727781 -0.07741474862425768
0.7206407573396524 -0.0778566554532899
0.7209203928760086 -0.07850194404773658
0.7211103797018491 -0.07893192352432699
0.7213484074350764 -0.0792965860611008
0.7216506272927514 -0.07981336969724162
0.7217674437763415 -0.08041058540918478
0.7221322942510227 -0.08084244280651354
0.7222648695786829 -0.08129186966751334
0.7225850053204146 -0.08172641347190313
0.7227575989027477 -0.08218560466727798
0.7230577727510429 -0.08276339862366278
0.7233207816769789 -0.08337488746794941
0.7234599166134827 -0.08376307351663348
0.7238950528044115 -0.08446622992753317
0.7240477574420073 -0.08476016734318204
0.7243478685606108 -0.08540039983212822
0.7245652712398565 -0.08590675364622946
0.7247537476799738 -0.08625826275058801
0.7250680437866165 -0.0870684166161243
0.7253564626379035 -0.08761729901677573
0.7255264736041535 -0.08803272333766354
0.7257841283179837 -0.08849368393240542
0.7259728812608331 -0.08874017886042151
0.7262660606167486 -0.0894849845088943
0.7264274408497031 -0.08984877960924087
0.7266728944936198 -0.09068735784174198
0.7270087415578147 -0.0911210874596814
0.7271616539621795 -0.09164487649580955
0.7273969892544205 -0.09229526190120363
0.7275992396238151 -0.0926495423012168
0.727811492481143 -0.09324167916673032
0.7281010998757355 -0.09375481512289763
0.7283024892229036 -0.09407271037132847
0.7285141069730074 -0.09463806376746309
0.7288400905014332 -0.09536680533876352
0.7290888211493847 -0.09584052686750644
0.7291088597199362 -0.09619473634420483
0.7294402915114494 -0.0968094599058057
0.7296773293272455 -0.09739217832038782
0.7298496615929677 -0.09795512231527481
0.7301186419304349 -0.09839968588979131
0.73042348583576 -0.09897328493086188
0.7306029238512833 -0.09955914583516667
0.730733369510178 -0.09997448689834931
0.731104864428463 -0.1006467419408823
0.731310667871165 -0.10122568606900229
0.7313892724637954 -0.1016034701654338
0.7317488554524687 -0.10231385823353478
0.7319113529550028 -0.10271429589482861
0.7322902275371298 -0.10364105048418526
0.7323446736788675 -0.10386186605118719
0.7326503714894549 -0.10449855784748674
0.7328065252639071 -0.10497349898826047
0.733029032129712 -0.10560234850884476
0.7332870556673481 -0.10613341212504412
0.7334749941204252 -0.10660482088406831
0.7335935712950897 -0.10728996791786816
0.7339830678433767 -0.10788671863123556
0.7340930070682398 -0.10817724268634554
0.7344646835905906 -0.1090625395242506
0.7345633333366771 -0.10953606343484823
0.734847263555211 -0.11011175615033486
0.7349769718836953 -0.11056683406854984
0.7353015922487396 -0.11127894747147993
0.7354876927813597 -0.11187234253100276
0.7356292812858426 -0.11248688361997206
0.7359002445270518 -0.11292308868385226
0.7361603679481326 -0.11349252404019516
0.7363332894078438 -0.11408202749057361
0.7364851187326571 -0.11482122461702482
0.7367753657155833 -0.11552041293175641
0.7369489891193058 -0.11592480775593106
0.7371639851230428 -0.11650836326439207
0.7374337003125745 -0.11718443928740252
0.7375337416991238 -0.1176119181665366
0.737800761982068 -0.11825479523308224
0.7380165787799187 -0.11881049551880452
0.7381551266410776 -0.11942807141696365
0.7383527034522224 -0.11992131590911348
0.7386059018607228 -0.12074321308935343
0.7388249734778045 -0.1212816598785742
0.7389749425217458 -0.12181267781404226
0.7391773359076601 -0.12254227977980214
0.7393743108829982 -0.12298782155370835
0.739664447721919 -0.12365787352647173
0.739856561363659 -0.12427422410999922
0.7400208208157353 -0.12506235497917184
0.7403014600624117 -0.12571624283881555
0.7406191564529128 -0.12634427251774238
0.7406663264039751 -0.12677977243845107
0.7409408814482371 -0.12740550605127787
0.7410167574746002 -0.12803206313451942
0.7412832864566279 -0.12875655114679097
0.7413723476221463 -0.12924256580652527
0.7416711579734879 -0.1299381422746867
0.7418105053859284 -0.13043839639537735
0.7420243745671837 -0.13114429520239956
0.7422438824497757 -0.1318998057010461
