#C1_inf,C2_inf
0.0 0.7214633072666538
0.002861850157378054 0.7206937691980762
0.005719574591141696 0.7201808897990114
0.008603831636193049 0.7193014473357126
0.0114355265817353 0.7187283144365284
0.0142383222028577 0.7181293691993627
0.01706759169532235 0.7175979161758819
0.01986217199623852 0.7167874468968101
0.022694014686059027 0.716095015451298
0.025456079793830466 0.7155364072976622
0.028202754082825132 0.7148393869970459
0.031000625937011694 0.7140559858697578
0.033744140358001884 0.7133987412022837
0.03643169000699553 0.712720767348948
0.03920889019355611 0.7119854065198146
0.04194656300994393 0.7114275738599446
0.04462898560864881 0.7107892373196676
0.04737086152508485 0.7099785023660511
0.05000793261207437 0.7093967835150523
0.05264761561650633 0.7086417505884869
0.05541204236046526 0.7080031163179845
0.05802315591666374 0.7072818626053534
0.06068675590667072 0.7067260754766864
0.06327359740612182 0.7060808893395245
0.06597770655704704 0.7052244600957741
0.06859182145172149 0.704608714315482
0.07119295346121868 0.7040243494002246
0.07380772338961217 0.7032426115996697
0.07633729712577764 0.7026508334815162
0.07894269508493235 0.7018296529837951
0.0814734013651297 0.70118946115692
0.08404920808151628 0.7005671644042235
0.08668577080167417 0.6997735399399356
0.0891920690185537 0.6991336596378925
0.09175867130708248 0.6984258858185688
0.094309738291675 0.6976160984438557
0.0968462725503294 0.6970497912646914
0.09932276485345692 0.6963336097664976
0.10194373945227875 0.6956972964202908
0.10433692521627236 0.6949996954339546
0.10679385756983861 0.694334930947619
0.10931240653586205 0.693637547485368
0.11169948039723265 0.6929466646062105
0.11414418250098068 0.692127996181144
0.11664802166952315 0.6914601890507612
0.11909494859606329 0.6909741718348827
0.12143235145013986 0.6900237366906554
0.12390782757373076 0.6894142150766394
0.12633796398390829 0.6888052519642696
0.1286509464189105 0.6879992041898506
0.13103108627157833 0.6873317116965767
0.1334878686222506 0.6867213259161242
0.1360101933203396 0.6859157943528174
0.13824715614480765 0.6853037605559815
0.14061727262054025 0.6843813038899457
0.14302885568824197 0.6837929538731031
0.1453744885143725 0.6832626589489352
0.1476895549794508 0.6823890145116472
0.15000033047862682 0.6816893020523951
0.15242261076464558 0.6811774178653405
0.15456259203727707 0.6803575726805293
0.1569341715191791 0.6796311936865458
0.15916924496758744 0.6788432023018857
0.16153850506814094 0.6782659687803003
0.1638752557270846 0.677530964344599
0.16611854397911652 0.6767953458209974
0.16840820339782703 0.6760584223204795
0.17064723327691433 0.6753633935536536
0.17292562921054422 0.674671987327834
0.17510815639153388 0.6740381203662134
0.17744174191558149 0.6732724991986082
0.17953353029156627 0.6724661778714145
0.1818583468360615 0.6719353114376755
0.1839658818156551 0.6711591520315576
0.18623384172953372 0.6704222477536315
0.18837111490129543 0.6696456860802282
0.19061427151108856 0.6691881814442511
0.19281896811339228 0.6681705606847456
0.19488483445790594 0.6674766028724866
0.1971112997431107 0.6667607340430892
0.19929113195936587 0.6660285299967357
0.20133825165221542 0.6654481329818707
0.20373522935825272 0.6646201212199948
0.20587472410414187 0.6639699427569037
0.20790142731860073 0.6631667286592874
0.20997476770626855 0.662635177632973
0.21227571315314875 0.6618893702529943
0.21430334100778847 0.6610081513700385
0.21648248208061338 0.6605174547698562
0.21855017544698774 0.6596997365268749
0.22063733381253914 0.6589628036339995
0.22273043377969026 0.6581714702661483
0.22482593493472103 0.657387464669152
0.22687753188765958 0.6568129041005348
0.22891760471240374 0.6559254098513889
0.23100597284481883 0.655355710153385
0.23315441858559083 0.6546194682230991
0.23507566688430082 0.6537110883783934
0.23713616827435346 0.6530943079174105
0.2392244623356855 0.6523432011063776
0.2412311187027386 0.6519476966835098
0.2431660624426344 0.6508865146970161
0.24525542022028402 0.6502704855583914
0.2473126121542788 0.6494098443877391
0.2493168415627801 0.6488619647329508
0.25124605220962304 0.6480245743230353
0.25326317538881216 0.647227063979944
0.2552873612819698 0.646620364236682
0.2573941150400585 0.6457383461303141
0.2591469607383923 0.6452031986102169
0.261005883466921 0.6444113014810836
0.2631346002124838 0.6437221861304695
0.2651244824086233 0.6429023557711815
0.2670608838881837 0.6422150022085801
0.2689539481412676 0.6413583514912964
0.27082266870442495 0.6407538826475958
0.272790049108823 0.6401152101508346
0.2746534413305819 0.6392600252666801
0.27669016132402446 0.6384875997156313
0.27847480794716706 0.6377281437958955
0.2805227941948263 0.637164109016765
0.2823259808714562 0.6362256664992643
0.28445804834836896 0.6355411337007196
0.2861840216672893 0.6349127793237241
0.2880993853573972 0.6340159873473132
0.28999076444131877 0.6332848156713455
0.29184775692132325 0.6326042414474082
0.29365728819028303 0.6318572786374181
0.295601495305694 0.6309539768783308
0.2973840795486845 0.6303989696860924
0.29913072140233543 0.6295026549169985
0.3009489137300918 0.628777820573454
0.3028699651827371 0.6281911496421608
0.30479313231795724 0.6274303219698405
0.3064414995709742 0.626585937411485
0.308305030958111 0.6259706693327705
0.3101663534646806 0.6251070944085013
0.3119013487960711 0.6242653434311733
0.3137324723868379 0.6238039461498346
0.3155667546724329 0.6229020104727605
0.31738624164425144 0.622055537041192
0.3191812789965156 0.6212073763466204
0.32108224379883676 0.6205757324545736
0.3227944441833408 0.6197630638597216
0.32450314022887405 0.6190244080848388
0.3263151657646427 0.6184648416187274
0.3279183961319122 0.6175170064235005
0.32969043709279355 0.6169089464424106
0.3313912207341465 0.6161382589394919
0.33319037988531874 0.6153750586645279
0.33492619640789345 0.6146954795065612
0.33681848536901104 0.6139715354392103
0.3384654858753844 0.6131781244951612
0.34021482042225293 0.6121712477648913
0.3419813443031511 0.6115838473685506
0.3435876949815837 0.6107615682507093
0.3453229333921922 0.6098320442331957
0.34691142592280944 0.6092084318413171
0.3486897074153329 0.6085161727733793
0.3503609868748926 0.6077889543952952
0.351975740205421 0.606989486541706
0.35369939499520775 0.6062113871921244
0.3554833905211252 0.6054429718169411
0.3569074493025993 0.6048527919913067
0.3587005688002406 0.603778579212892
0.36037838947544854 0.6032163788896585
0.36213595908621865 0.6022400406877484
0.3636296875204037 0.6017958629371012
0.365407765026613 0.6008915867244644
0.36719773044936344 0.6000606101019614
0.3687387009220442 0.5993445160304058
0.37028667920847813 0.5985902166532997
0.3719692845068623 0.5978637518911216
0.3735417484113197 0.5970836756530522
0.3751349015429576 0.596419076563331
0.37671407032819804 0.5954976542760779
0.37825063100708267 0.5947598806608199
0.38005583179038893 0.5939702245469538
0.3814204267633531 0.593181913472214
0.38305113445145433 0.5923760447365262
0.38476169968802976 0.5917350429032637
0.38635567993375153 0.5909582799179407
0.387846529298001 0.5901429492768338
0.38923721918996945 0.5893713653230084
0.39108001175353047 0.5886026814037971
0.3925442422571641 0.5876717038772161
0.3943385224010707 0.5871333649881811
0.3956710447690107 0.5862494075848909
0.39722364521717024 0.5854870834119597
0.39875917037787434 0.5847192490742235
0.4005137388445703 0.5839080881027578
0.4019799787593349 0.5831544017845378
0.40335475420516553 0.582312205355791
0.4048550725862827 0.5816958402724408
0.40643935343103965 0.5806915066175287
0.4079024534840666 0.5799653745291424
0.4094683289594946 0.5791900702373445
0.4109042575204961 0.5784760760085124
0.41228702204084944 0.5776770385238646
0.4139783827618667 0.5769550626312623
0.41564356048591145 0.5763180924354752
0.416995271044728 0.5754074163287122
0.41852047829032313 0.5745126833267191
0.41995850843018256 0.5737616190073747
0.4213505505400027 0.5729571178259314
0.42285400411125007 0.5722332308469709
0.4243854708706263 0.5716067348663175
0.4256966705975944 0.570744123282426
0.42735742940824406 0.5700364393713064
0.4287670019806291 0.5690373572778051
0.43023399797674977 0.5684947441928546
0.43143445111454604 0.5675929671718052
0.43323182580403585 0.5666293327440572
0.4345832258607172 0.5661536365207467
0.43608397331016513 0.5650973764990155
0.43743116888596256 0.5644242527549846
0.43888795032123995 0.5636060013956076
0.4404773952867814 0.562877560264544
0.4418190254869273 0.5620959730046624
0.4432429622120777 0.5610571690063619
0.44465347388350296 0.5606172101910674
0.44595312823802213 0.5597804306189678
0.4473633171749166 0.5588170496120155
0.448855733575255 0.5580888532859396
0.4503319571097115 0.5571858313382962
0.45152867362326776 0.5566637577016007
0.45304636937936793 0.5558691730925294
0.45442554349512787 0.5549456785882612
0.45577577097199007 0.5542416682793985
0.4572270835528508 0.5533533800563252
0.4585256500789705 0.5524790585427648
0.4598129951499359 0.5520002869126883
0.4612536046053788 0.5510237664539523
0.4627694924359038 0.5501392135020358
0.4638867238600485 0.5493819702210727
0.46527921040517706 0.5487010859759512
0.4667522837156042 0.5479302430901694
0.4681384598665199 0.5471147127426172
0.4691363082326472 0.546238040839683
0.4707993411680558 0.5455148434202093
0.47207264233854074 0.5445279646933279
0.4732004425115818 0.5438719190619334
0.4746737992192578 0.542877913321378
0.47607624431624873 0.5422484544208462
0.4772236180507081 0.5414272044284825
0.47880008044639577 0.5404978897533709
0.4798823101386598 0.5396437434868941
0.4812522384886736 0.5390289418268264
0.4825019190464085 0.5382293282969242
0.48389403596303704 0.5375068395639113
0.4853253869376021 0.5366440386139932
0.48642385441147595 0.5357600102427843
0.4877213925613827 0.5350931368458127
0.4890563196274825 0.5340056526672616
0.4902158795467001 0.533246676168274
0.49172510029102057 0.5324897801059473
0.49303371562089193 0.531602308500974
0.49407798864737373 0.5310916982137998
0.49540645163863395 0.5302626174023564
0.49666303883161034 0.5294794971032722
0.4979944141767977 0.5284418582100501
0.4991562556444682 0.5277000888819967
0.5005629024889588 0.5269340377124022
0.5017586699614931 0.5261559547474874
0.5029913726135873 0.5253347965883773
0.5042384174624848 0.5246810195061069
0.5053689685978102 0.5238087102390554
0.5066978498355355 0.5229407391971084
0.508023244146254 0.5223487985474793
0.5091070556022084 0.5211878430139112
0.5103695383724767 0.5204455687600196
0.5115432541391552 0.5196065306054771
0.512883933672488 0.5189417796561907
0.5140761355404424 0.5179692653286039
0.5151159603493067 0.5171797703806944
0.5165012557449478 0.5163357242049839
0.5176472022408496 0.5155625586764147
0.5188987399927092 0.5147679030344463
0.5202342925194241 0.5140498846249837
0.5214493359132284 0.5130614670420564
0.5225201849639671 0.5124582370754651
0.523574989099493 0.5116167098080027
0.5248768919609575 0.5106597343097192
0.5260506490143992 0.5098688952440009
0.5272242119421543 0.5090209627001034
0.5283366018374526 0.5082579260556479
0.5296861816797337 0.5073267569547679
0.5306718628772531 0.5065668753498997
0.5318441809343588 0.5057931522275827
0.5330048021839552 0.5048855330594467
0.5341335863791103 0.5041508035222004
0.5354279557291358 0.5034132911421512
0.5366017897818856 0.5025754711448354
0.5377035942119891 0.501594017053416
0.5388312076090898 0.5007840090048385
0.5400447459149543 0.4999605437609336
0.5410266837941085 0.4991521063380966
0.5422540831348674 0.4984261356789387
0.5434102540316272 0.4977343156673154
0.5445008890341902 0.4967378444486563
0.5457618481981632 0.4959474764028019
0.5468242379636599 0.4952535337852444
0.5478259529134315 0.49421352113447015
0.5490051945716883 0.49348472235488305
0.5501314388696208 0.492660506276003
0.5513807255106455 0.4917805300613062
0.5524715654383567 0.49117032673458283
0.5534999102971544 0.4901009663908751
0.5546040620737638 0.48947865746740915
0.5558265306627242 0.48866311952155306
0.5568867550194654 0.48785349862090577
0.5579568614935562 0.4869234021011707
0.5591022551107218 0.48600274338008975
0.5600533812747548 0.48530629265529845
0.5611653648657533 0.4844886415661076
0.562292581384866 0.4836819001117373
0.5633221820470775 0.4828940791374744
0.5645758138622408 0.48187611006378706
0.5654062870689365 0.48111223274188697
0.5665854494325979 0.4802220191083577
0.5675208899696602 0.47943685206260367
0.5686411615909257 0.47854246337912243
0.5697709723547353 0.4779936948846538
0.570771715752418 0.47698183163702457
0.5719328027215344 0.47613170496510926
0.5728998282131385 0.47537044648411364
0.5741045195234746 0.47459659869775306
0.5750373052460608 0.4737541551581268
0.5762448621747196 0.47288218531237003
0.5772778683526514 0.47207702297864806
0.5782026561836613 0.4711345035172021
0.5792172984563939 0.47030723421404996
0.5803476138008048 0.46973535335641337
0.5813640687633648 0.46872805258541494
0.5822886170360118 0.46790828530327144
0.5833786471425149 0.4669001888325107
0.584326779894181 0.46636553489114685
0.58540661940646 0.4653775725090348
0.5864447227711457 0.4645957567345862
0.5874272279061004 0.46362831022692863
0.5884215919269842 0.46287231985375543
0.5896158768279016 0.4619652710578186
0.5904682135839413 0.4611808598158694
0.5914737246916267 0.46048233470366773
0.5925018671440356 0.45945728257440765
0.5935400157933433 0.45870013753040095
0.5943178552000329 0.4578518576140712
0.5954464239778258 0.45701750642366923
0.5963846468864669 0.456209555909053
0.5974359782594616 0.4553939447037548
0.5983982328904542 0.45438151478359845
0.5995080963525499 0.4534680935902774
0.6004755319429268 0.4529469413389715
0.6013774660163662 0.45182413658188436
0.6023026000679699 0.4513761249733478
0.603405843212171 0.4502931982508619
0.6043862145877132 0.44938233514700787
0.6052595042816457 0.44842055256604696
0.6063013135201905 0.4479183304680381
0.6073609556987967 0.44689538002862705
0.6082669612327308 0.4461208523207575
0.6091000357344482 0.4452965763507629
0.6100956984769426 0.44448111469861984
0.6110662815248363 0.4436568442911669
0.6120623868367763 0.4427402751918611
0.6128343413594142 0.44180887059986174
0.6138346084508812 0.4410028463302713
0.614840422948479 0.4400952549221353
0.6156959003011109 0.4395870082446204
0.6166725293416793 0.43863514330009623
0.6175503806577332 0.4376019244377439
0.6185274926394055 0.4367481465560119
0.6195338558562672 0.43585004335602684
0.6205013358848005 0.4351747280261985
0.6214082373496903 0.43412413926295956
0.6222346319740586 0.4333393001142106
0.623141237624458 0.43264370561780474
0.6241182110266185 0.4318269104025596
0.6248774293523827 0.43110416921317074
0.6258635703719783 0.4302964432938041
0.6268885572624808 0.4291703570699291
0.6277342031816423 0.42854438755042223
0.6289236751366741 0.42762497888060624
0.6296773604477861 0.4268177274478827
0.6304364304022964 0.42592156060440356
0.6315167156633219 0.42489384351286275
0.6323561219276002 0.42416399166450847
0.6331947997913354 0.4233434195671555
0.634235843733093 0.42257961676494893
0.6351826205416609 0.42173662213334906
0.6360361452436982 0.42085492661067114
0.6366467491951545 0.4200794930885695
0.6375504186173182 0.41904009163790246
0.6385149030754321 0.41848119020761987
0.6392631826751752 0.4174911585627237
0.6402773018011623 0.41647186697524996
0.6412508907675597 0.4156522084850429
0.6419337162228616 0.4149801532874646
0.6427106546352894 0.4141894256592533
0.6437314555102129 0.41326793451152244
0.6447179570043112 0.4124178964090198
0.6454792181402846 0.4114799532975425
0.646295643312003 0.41058357337281304
0.6472186440750953 0.4099376890399883
0.6479789980845205 0.4089696742368636
0.6488002435410012 0.4081469509980674
0.6496687158601254 0.40728829368909203
0.6506453745970104 0.40653484955354857
0.651448231944548 0.4055462535820994
0.6522222348300081 0.4046012241168805
0.6530056119103596 0.4037106759182312
0.6539654596494515 0.4027954409580081
0.6547539569030513 0.40206334275753985
0.6557778647239665 0.4011535730714546
0.6562657074963258 0.4003987450054004
0.6573521794324981 0.3995001361802004
0.658008292162598 0.3988008399321169
0.6589546023962065 0.3978563951072508
0.6597748191722448 0.3971693095670824
0.660579538081236 0.3960746589013485
0.6614646285437673 0.39527362181026593
0.6622752394069185 0.3945231153474089
0.663137596544609 0.393440037564749
0.6638889210453749 0.3927112246800748
0.6647952106849067 0.3917729685579546
0.6656282510562856 0.3910981031948295
0.6663048348033277 0.39025684964077834
0.6670409090973409 0.38932978049467926
0.6678332098383177 0.38818302249593417
0.6686898105125085 0.38740609207864973
0.669430537107039 0.386897981502063
0.6702648848068691 0.385970775408763
0.671262669447359 0.3849704237909214
0.6719107294178497 0.3843847815966618
0.6726431587447116 0.38338418703956967
0.6735681193541689 0.3824587383422393
0.6743057719769712 0.38142220348073974
0.6750361217699361 0.38085558654437457
0.675790672130604 0.3799653942959479
0.6766920155601384 0.3792075587806547
0.6774748595330354 0.3782986643765056
0.6780992413816722 0.3772729348153372
0.6788673143787664 0.37665903604825046
0.6797752533250099 0.3755435207037374
0.6805432205009767 0.3747903477101395
0.6812163491818035 0.3738906288758911
0.6820894723403754 0.37334109839733143
0.6828683773461124 0.37240364786899127
0.6835865959167226 0.37145169718777005
0.6844021830130288 0.3706295987643279
0.685098691925268 0.3696439787307847
0.6857922820468827 0.3688538700534787
0.6866445947690734 0.3680825018510968
0.6873510068210289 0.3671795929430347
0.6882338627782276 0.3661922492555767
0.688857145341021 0.36534459329716196
0.689627795066041 0.36459225446491483
0.6904797088911078 0.36376058916594867
0.6910488139216774 0.36268467411415095
0.691928433192678 0.36192873837935824
0.6923924966384122 0.3610786959705895
0.6932270896557422 0.3603471749421333
0.6940822802938833 0.35934017895259696
0.6948467428907881 0.3583633133987266
0.6956276050624028 0.35789615460449664
0.6961939718326231 0.35666145486345524
0.6969217170350405 0.3558679221680705
0.6976046981530852 0.35525619232901784
0.6983528973973894 0.3541465452713376
0.699206530595171 0.3533680825476986
0.6998268086478528 0.35251062484136153
0.7006100884142394 0.35187536260769936
0.7013880853203083 0.3507825561961574
0.701962000429514 0.35000647091496806
0.702595012533247 0.3493911477838133
0.7034485020443424 0.34842793497833113
0.7040747762880644 0.3476276215651469
0.7049167962222829 0.3467393048724625
0.7055733196056279 0.34597488211458727
0.706198903105856 0.3448971600251821
0.7071161288952422 0.3439781872767578
0.7077545080390801 0.3430305587520579
0.7084454759871112 0.3422206357155346
0.709133342337893 0.34133631118466734
0.7098090894280853 0.34050701658987026
0.7104609190364621 0.34003558099839726
0.7111170593645812 0.3389328440889491
0.711841650746166 0.3380942185659239
0.7124520250813077 0.3371239819541436
0.7132404279391391 0.3359679921137958
0.7138210787290242 0.33525805398101616
0.7146311080632386 0.33445516347728566
0.7153074946936768 0.333676765306275
0.7159059705455848 0.3329550835759493
0.7166346677756518 0.3317628767317522
0.7172708602853677 0.3313721543429562
0.7179795003885514 0.3303088306391039
0.7187707747862209 0.3294568291741148
0.7193984896166332 0.32877094231509174
0.720013823042992 0.32760342239810736
0.7206086264886853 0.32691059382831555
0.7213542677755223 0.3259275298318389
0.7219399359407894 0.3252544916292808
0.7226834308826804 0.32443495968248415
0.7232392449824239 0.32329103610894827
0.7239785166996799 0.32237707700773477
0.72446794090629 0.321732960776706
0.7251767056301193 0.3208626147945717
0.7259680885106171 0.32011206609696297
0.7265259871596134 0.3191379341332897
0.7271794210771823 0.31814293765443546
0.7280373994967444 0.31748934061957534
0.7285760566815307 0.3165444473278737
0.7291312100781733 0.31582555404031576
0.72984285972789 0.3150816941730845
0.7303844395367989 0.31408208525804626
0.7310461552570007 0.3131298542541918
0.7318284142064588 0.31240737311068956
0.7323589113853157 0.311338467972208
0.733101992367218 0.3106212669997057
0.733515061107731 0.309785224114961
0.7342383884862274 0.30898925562249924
0.7349663364184851 0.30802909538828926
0.7356490724644835 0.3071999600062797
0.7360924055199028 0.3063737339913777
0.7369217955431258 0.3054653364562854
0.737422170063728 0.3046668514834058
0.7380739485260787 0.303941084230095
0.7388120960804385 0.3029593232634308
0.7393600351102867 0.3021293187028956
0.7399058361839029 0.3013773064954639
0.7404996821042243 0.30030073773511934
0.7411098963188225 0.29956207528347323
0.7417822815939581 0.2986287328805445
0.7422431380003914 0.29752336001666113
0.742935967195633 0.296905190514011
0.7437105420248442 0.29613216680773313
0.744286896977142 0.29519500788466546
0.7447939148103463 0.2943451049848732
0.7454497080895816 0.29345426812291087
0.7460194609031153 0.29258422786459115
0.7466172673632454 0.2916005497567372
0.747182240394804 0.29103846191707405
0.747921811628417 0.2903866341486284
0.7484538358089564 0.28926529899194087
0.7490692153170238 0.2883025760113479
0.7496441218572407 0.28758505814513413
0.750310321144151 0.2865943413979225
0.7508926165201315 0.28601407565585013
0.7512919688760269 0.2849818170537195
0.7519031248153605 0.2839835042347363
0.7524793468807525 0.28304208180583046
0.7531748110257175 0.2824824793939572
0.7538073663598596 0.2816237410725969
0.7542905100182209 0.28053615874791826
0.7549970935074906 0.2799504034699407
0.7554227503934043 0.27893287198747174
0.7561957540836427 0.27823171354104015
0.7566751740346263 0.27750048865924315
0.7571620702866708 0.27635417692978204
0.7577302962769781 0.27568308953209875
0.7584052667899666 0.2747694645192654
0.7589162394432123 0.2740139285135481
0.7594571500843155 0.2729926662615687
0.7602024186850236 0.27232630061454
0.760546307470183 0.27158330857404445
0.7612532395263618 0.2703464644194955
0.76167090510392 0.269782893204615
0.7623548122906219 0.26894350084699115
0.7629494463196219 0.2680195781352802
0.7634250363553454 0.266958010403637
0.7639105339288026 0.2661389360402733
0.7645524725896368 0.2656705643422508
0.7651520855609844 0.26463547671746646
0.7656560041999892 0.26340437118826
0.7662365014299722 0.26298249608659474
0.7667214209664273 0.26199777375767286
0.767309120745409 0.2613577406944504
0.7679574102269712 0.2604900830038568
0.7685548391974318 0.25925536673702176
0.7688732460854152 0.2588742071800577
0.7694791967736101 0.257913293928698
0.7701014246852821 0.25665789631324676
0.7706895670769595 0.2560667385915324
0.771163487150275 0.2552358048014429
0.7717092765258386 0.2543544625332347
0.7721803952085516 0.2535925130534057
0.7726679476237608 0.2529983957638118
0.7733418618146011 0.2521342761386439
0.7737133457995611 0.25121810158829017
0.7743152258184732 0.2501981345792976
0.7747367543904997 0.24944831295340597
0.7754692196173802 0.24847080655065257
0.7759092943443217 0.24765260241443965
0.776558265988611 0.24671844477721339
0.7770236418651674 0.24611517514639225
0.7775733968857934 0.24528541148089633
0.7780074482445789 0.24438453224828738
0.7785135623846988 0.2436509510534538
0.7790558108753117 0.2425953042849064
0.779695942057666 0.241851610911738
0.7800634608463562 0.24080991335479174
0.780638854004845 0.24005311757628467
0.7810327025731242 0.2392817228060342
0.7816877382261738 0.23840972198769228
0.7821348054030504 0.23763061290956322
0.7826859444490658 0.2366467024152561
0.7831521913543161 0.23608652134993102
0.7837426830299871 0.2351581362500793
0.7841951129724022 0.23413946537321495
0.7847442724276159 0.2335524311982763
0.7853091790449445 0.23269023834985125
0.7856947699824568 0.23174894012452618
0.7862116697202581 0.23104228906061186
0.7866965638581516 0.2301241785158884
0.78721728215101 0.22920071661359487
0.7877870461571954 0.22842880572659108
0.7881866796884703 0.22758275177226084
0.7888313846651597 0.22666615514997124
0.7892869583834216 0.22594846745748898
0.7897334789487239 0.22501235926630647
0.7902694271003615 0.22432051898964467
0.7907608820872571 0.22346070449237299
0.7911533827399738 0.2225999016174829
0.7916361539438737 0.22150861439002156
0.792295869656781 0.22095474732008968
0.7926542379869759 0.22019060906263754
0.7931805533897658 0.21928934142944423
0.7936596479583038 0.21849225473804768
0.7941132960619974 0.21772396666530336
0.7946426103453252 0.21684244717486167
0.7950239385218464 0.2158729942037979
0.7956234115182452 0.2151380663079906
0.7961116281561309 0.21430916103885944
0.7965877074871024 0.2132205765333215
0.7970241527736306 0.2125297346713555
0.7975591493456864 0.21188857590157484
0.7979798137296222 0.2109579073126885
0.7984971391089424 0.21006834185913648
0.7989453110490126 0.2094286502038869
0.7993118731193669 0.2085035872833566
0.7997899385834214 0.20756447366239916
0.8001725456409483 0.20681235918881324
0.8008186689423794 0.20589838788390447
0.8013625130910195 0.20520737331895944
0.8016990278039182 0.20453737605954647
0.8021647337912268 0.20357433287040938
0.8026726525021178 0.20297018868161287
0.8030231418386765 0.20178354460175907
0.8035393739276029 0.2010226313337865
0.8039721502118945 0.20021517908709596
0.8044240989390726 0.19952350298642874
0.804948688672101 0.1986281331481139
0.8053328851654009 0.1979180306507684
0.8058586378755527 0.19682562216645838
0.8063210105665637 0.19603712527464423
0.8067299431726737 0.1954351223141697
0.8072517639164978 0.19452575768802616
0.8076124678664016 0.19383079567668582
0.8081276316811598 0.1928843777679181
0.808528962589383 0.19219668459605788
0.80891531087582 0.1911135511545563
0.8094635695684065 0.19046748945635916
0.8099953236103279 0.18964539934810465
0.8104138972703616 0.18883134274948432
0.8107063582418413 0.1881790283083281
0.8113063440333603 0.1873730606812023
0.8116888016471655 0.1865264601756489
0.8120578388333449 0.1854471038937563
0.8124845075282856 0.18491710052252974
0.8129560529011929 0.18387641657279385
0.813299713792267 0.18304973870886254
0.8138636228184133 0.1821217110564467
0.8142838829700098 0.18167824187833637
0.8146487718684093 0.18078999891842262
0.8150196593701908 0.17999817409515873
0.8156523118787511 0.17904474208125531
0.8159810073466056 0.17830581785116761
0.8163558679949329 0.17753221235989602
0.8167587139142685 0.17668213158716994
0.8173162204501284 0.1760429431565358
0.817713026507833 0.1751907867443827
0.8180270705853707 0.17440541503851859
0.8185643670422642 0.17346041181297134
0.8189531473013575 0.17276567550265043
0.8193416292418885 0.17188966101873215
0.8197481840040552 0.17106397627575254
0.8202044179978062 0.17041730648964082
0.8206897970074261 0.169670422522614
0.8211808379732646 0.16863508661190685
0.821420954357751 0.16791025775493607
0.8219969330340186 0.16715370529462537
0.8222580722874712 0.1663353036116897
0.8226770990011585 0.1658235178784061
0.823300286563267 0.1646863015181681
0.823585249064831 0.1637302803118056
0.823897097568486 0.16321096914364863
0.8243164161894123 0.16235314300711812
0.8247988441279894 0.16176342919721098
0.8251974336457358 0.16064893997360896
0.8256447121422466 0.16017791000955728
0.8260591061972709 0.15936874316756744
0.8264911208963994 0.15848530260808114
0.8267500653173442 0.15789307723686663
0.827250960753649 0.1568409998123863
0.8276307565873717 0.15602422408192562
0.8280567688345476 0.15526033979462328
0.8282695417622064 0.15446673207845574
0.8287623575708879 0.1538542811248902
0.8291820255000797 0.15316738965793342
0.8296445677594827 0.15221666975880999
0.8299436875528806 0.1514083567236021
0.8304059664219434 0.15067523436795816
0.8308042351247646 0.149979991307153
0.8311722570992153 0.14908489562118676
0.8315058530028804 0.14835854629211498
0.8320114252995036 0.14763886993013298
0.8322520818411456 0.1467029967516652
0.8327338587824242 0.1459533973365612
0.8331513316841932 0.14527413861796956
0.8336014296452011 0.14441911971115617
0.8338780847915432 0.14373104006569293
0.8342139285168296 0.1428751319200865
0.834696804367432 0.1421612557118267
0.8351257345314028 0.14123114748049292
0.8354641971387788 0.14038581269534978
0.8357919817360913 0.13979379221700783
0.8361372277378631 0.13907386976712843
0.8366834195952892 0.13817977494130973
0.8369049841339156 0.13757363107460352
0.8374109337793297 0.13672635990184012
0.8377039713793738 0.1358647736522861
0.83811345254167 0.13510995500708478
0.838421313819087 0.13439092173468803
0.838800627874733 0.1338499956561705
0.8391883882046368 0.13299938018826485
0.8395118505824863 0.13217786824434996
0.8400083512793074 0.13166562208396326
0.8401556186600848 0.1306965472053263
0.840706209022091 0.13009063134942567
0.8411269955150524 0.12907975989349096
0.8413711217197857 0.12813629420771544
0.8417833543875776 0.12777389400923433
0.8420621586438134 0.1269798613351394
0.8424308939466707 0.1262152742939079
0.8428823369422855 0.12551752188769638
0.8432226283979004 0.1247759140570448
0.8436585183333349 0.1239425061509889
0.8440443128987437 0.12312815610699501
0.844270362049113 0.12239690738068287
0.8447608709670544 0.12184045814383004
0.8450584913244528 0.12108035015546026
0.8455177888211287 0.12023914108825395
0.8457724858471027 0.1195586018925916
0.8459776065224354 0.11883977929120715
0.8463962325544371 0.11801071887851577
0.8468998415252464 0.11733249955288882
0.8471834422357732 0.11670269332391636
0.8475188822792645 0.11579625608129684
0.8478451216922849 0.115089529821507
0.8481512002677325 0.11427929642567425
0.8485389302115296 0.11367313622220188
0.8489288615892896 0.11284966823760867
0.8491980080016305 0.1121925652670267
0.8497329620273946 0.1114018321515009
0.8500707217231457 0.11066313745706335
0.8503130253184424 0.10984114179269788
0.8507142213437695 0.10917234397066178
0.851054175445856 0.10861862320894644
0.851322429605429 0.1079824465859649
0.8516393893351841 0.10707815472255733
0.8519802557635522 0.10638593252286388
0.8523211688621153 0.10549351627134484
0.85276821782856 0.10504865570144761
0.8530932287942937 0.10423661810206819
0.8534024170948918 0.10345594144044179
0.8538311632417783 0.10292320576594949
0.8541262023811089 0.10211346043906677
0.8544941264312335 0.1012783766390124
0.854664679078741 0.10068461110935689
0.855001467981509 0.10015874597378338
0.8555712558182871 0.09918915644992199
0.8558416492776052 0.09858017595338653
0.8560755831794763 0.09783194579368737
0.8564574219802592 0.09715358044799116
0.856791486631175 0.09648222942577422
0.857125239858916 0.0956768038185507
0.857424980043563 0.09510382217499802
0.857825505981422 0.09428619511455183
0.8580350107555215 0.09365662030722322
0.858392782813029 0.09304400609133479
0.8588067215851174 0.09213588417373109
0.8590755444723813 0.09158258152867194
0.8594961525174571 0.09090921611610536
0.8596248928605106 0.08998330985413971
0.8599389070144514 0.08950676940984037
0.8603002984137845 0.08877419326052038
0.8606559120136387 0.0881807595675983
0.8609640634978639 0.08731479181252821
0.861249695866344 0.08680041983311892
0.8616987331490334 0.08608197442491206
0.8618279753354352 0.08533118469273304
0.8621536027431375 0.08465151081470879
0.8624758235408916 0.08423763705784659
0.8629709093508098 0.08328200379476547
0.8631165624154086 0.08271885065414841
0.8636498453381922 0.08212132854786203
0.8637558320621581 0.08148063898234936
0.864115809551623 0.08060526543837565
0.8644586730963122 0.08001129818138297
0.8648140031308943 0.07926896380992277
0.8650734547847945 0.07863122972630654
0.8654048412064206 0.07798417021852855
0.8657319115713515 0.07732439211431208
0.8660069672493731 0.07675616742566804
0.8663963804015047 0.07599748363375725
0.8665899469417259 0.0752946828890263
0.867025491428527 0.07468638407018202
0.867209839455429 0.073995023940855
0.8675073524438707 0.07361410172699301
0.8677485891842637 0.07290223769794602
0.868180187821945 0.07219867807874947
0.8684373193468665 0.07153812137478455
0.86876138577374 0.07061702644755508
0.8690919188623718 0.07010530108490687
0.8693319723981368 0.06950229337155822
0.8696398294095546 0.06884941358748198
0.8700416421626227 0.06824111038293956
0.8702172474787002 0.06762438589292596
0.8705332689879148 0.06677490630910188
0.8708008694495338 0.06620071789846849
0.8710976501307738 0.06573920736302996
0.8714553329925357 0.0650926223963958
0.8717564374943165 0.06448321905697796
0.8720283154832403 0.06382003088108212
0.8723077180458905 0.06320354383711846
0.8725750030640762 0.06244982780858055
0.873019051797307 0.061848849006705287
0.8731788726709095 0.06115021758358208
0.8734295897646551 0.060589886700931794
0.8737592298275528 0.0601738059090996
0.874056584408626 0.059614364933931574
0.8743285552085662 0.05894320994472235
0.8746871933459688 0.05825906598856123
0.8749587473413838 0.057626173380300294
0.8752738559896681 0.05706881404898012
0.8754959250450055 0.05633231516001658
0.8759042448940744 0.055845922790106806
0.8760853595204992 0.055170347283916454
0.8763068732894024 0.054693022664065616
0.8766420283460225 0.05419352315684678
0.8769892429919404 0.05341912267509907
0.8771716746188808 0.05292609515391644
0.8774786416253372 0.052204409334371094
0.8777975697060316 0.05154142228309189
0.8780712737104979 0.05116227034432741
0.8782999300132492 0.050433235519559694
0.8786680858104834 0.050002407047364916
0.8787561015749057 0.049368044255764465
0.879214432053682 0.04884221787788212
0.879424470617407 0.04833808261237338
0.8796771572207209 0.04777891656698796
0.8799439054751534 0.04717349784595104
0.8802347063538567 0.04686365750312149
0.88055312779653 0.04605693382952136
0.8807218935077243 0.04528715171071751
0.8810384952879011 0.04468309182871033
0.8814432077303741 0.04436589138436642
0.8815729595754049 0.043673922111662655
0.8818348407740926 0.04304003546228741
0.8821852642495671 0.04273763236556649
0.8824725066895073 0.0421069934990278
0.8826918069720209 0.04148468451926679
0.8830372507046921 0.041122760951727066
0.8832703322077406 0.040320620547323216
0.8835354949244438 0.03996519505684348
0.883612507035435 0.03958817803691628
0.884154208839331 0.03895325536692973
0.8843180260975066 0.03835225464802716
0.8845914919004769 0.03779264868514853
0.8847781052059738 0.03726637324525117
0.8850263259446736 0.03668673295352043
0.8852758931922162 0.03600637710537524
0.8854968678805376 0.03565505070884434
0.8859030697795599 0.03497610004427343
0.8861875844789762 0.03458009373982007
0.8863146961921202 0.03412845030243372
0.886602269565458 0.03376737052332057
0.8868446579048774 0.03310817997923943
0.8871735822685117 0.032672486231588915
0.8874306216265496 0.03200558316955415
0.8876577648842511 0.03165827874010596
0.8878649828517725 0.031155776237162813
0.8882398187849017 0.030634322063090802
0.888469401036214 0.03021471883633886
0.8886575075137702 0.029779847618437993
0.8889950108175193 0.02903856117259096
0.8891620854921798 0.02881330852953423
0.8895242935475033 0.028375279278677557
0.8897855896892602 0.027834089007427343
0.8900134717604157 0.02726085757083152
0.8902803020796104 0.0268436731544468
0.8904009486276603 0.02632718630210007
0.8906849668142465 0.0258651046001811
0.8908909547037581 0.025338994321117414
0.8912394618153356 0.024939982975215713
0.8914796885406018 0.024600097291677003
0.8918159250425775 0.02393942151123707
0.8919732216059081 0.023698520111762433
0.8922739083347935 0.023153649312505742
0.8924604109710458 0.02270539376016001
0.8927094008722155 0.022410493584425484
0.8930066456883655 0.021876791593259615
0.8932126913428761 0.02138425281853662
0.8934070540091101 0.020971347877232094
0.8936713310056227 0.020604991423590735
0.8939744676253695 0.020124787547650236
0.8941035445137743 0.01964801005425798
0.8943839320824655 0.019366478140101173
0.8946988729801898 0.019005080559014065
0.8948429550359432 0.018481873897266632
0.8951101596288066 0.01815826926221642
0.8953174802985859 0.017687393743093915
0.8955997747730159 0.017419390527186995
0.8958217207747836 0.016749815567177584
0.8960502411678913 0.016435515285349922
0.8963489716942492 0.01617000557509629
0.8965168654959992 0.015839024761440168
0.8968192006029744 0.01541171330220159
0.897029368660912 0.014977109743787964
0.8972072631751972 0.014598989907994908
0.897472541290729 0.014341065915037587
0.8976334245804641 0.013850406948211158
0.8979326925063248 0.013513014288046632
0.8981398419145129 0.013244851889294584
0.8984748521060923 0.012877529337804172
0.8987149770005296 0.012396308052091909
0.8988719874201674 0.01210798676292446
0.899080715903189 0.011678424799097198
0.8993148010602018 0.011303911958983948
0.8994145801691492 0.011068988164463
0.8996925549203256 0.010810146092879003
0.9000698825654875 0.010375300605204085
0.9001967713282326 0.010156347058774218
0.9004461162464602 0.009833511518068883
0.9007002605598543 0.009419193938524528
0.9009899769534915 0.009171405943145583
0.9012113456056697 0.008822012030299753
0.9013521512027004 0.008547479015759474
0.9016860528650711 0.008166777969024763
0.9018444946679997 0.007906415381682796
0.9020411716499082 0.00761694038754912
0.9022487714443371 0.007415273743609174
0.9024593539728875 0.006986383295543019
0.9027028304265236 0.006780889469849005
0.9029355868482201 0.0064241116765184625
0.903110053785822 0.0062981861492568125
0.903396758067227 0.005890929902661712
0.9036303805660802 0.0057251747617006465
0.9038393872798667 0.005403373855162985
0.9039852240731182 0.0052219955241255
0.9042699058089346 0.004982256010580999
0.9044652284771877 0.004779915020550307
0.9047026216393589 0.004498191380227334
0.9049061897064955 0.004408086710665837
0.9051021245894953 0.004071264035449884
0.905304714931808 0.0039304766241597955
0.9054652494600411 0.0036171485862090957
0.9056855477564949 0.0034943281101972312
0.9059206065666612 0.003240607338501178
0.906231014857047 0.0031244221907255065
0.9063430911405196 0.0029103456134358385
0.9065725428351145 0.002649305270405855
0.9068000916203204 0.002472788191704267
0.9070262361895791 0.0023176810611307275
0.9072769816715973 0.002211472659888858
0.907396153082954 0.002026349510005021
0.907664917727578 0.0018217806220123256
0.9078864202996454 0.0016622478157073406
0.9080739352557154 0.001544159585127547
0.9083217059457851 0.0014662470577156972
0.9085226715063623 0.0012680972297669513
0.9086188829142726 0.0011464094042612505
0.9088713934478836 0.0010668481242352978
0.9090449491396411 0.0009336724924288164
0.9093510136323545 0.0008815288883422534
0.9094842469750736 0.0007246551855399908
0.9097225886635685 0.0005834752900358842
0.9098754043402097 0.0005277975309795346
0.9101145559370272 0.0004680899924567328
0.9103325471680954 0.00037354228849206805
0.9105394796011794 0.00032369301090229285
0.910719884128448 0.00024988221885191564
0.9109406205062797 0.00021818969963816048
0.9110812724195525 0.00013319258564981062
0.9113003763068586 9.398101933422165e-05
0.9116420063806289 6.540400229360088e-05
0.91175141808909 2.6844443532070272e-05
0.9119667075030716 2.525857966928502e-05
0.9122079240833102 2.270950202332145e-06
