#C1,C2
-0.2434794702668014 0.5064730461101984
-0.238935828230885 0.5058624264956525
-0.23441712110013746 0.5052589992115144
-0.2299462569259607 0.5044941647530413
-0.22547399791494782 0.503925318914572
-0.22100367782429664 0.5032023408407557
-0.21661652661378616 0.5026460186458228
-0.2122287883725117 0.5018884681971268
-0.20790511022534308 0.5012903959709664
-0.20357901264117106 0.500575309559539
-0.19922545649625123 0.49984815902574037
-0.19495906154212983 0.4992126597909659
-0.190712219731051 0.498506461095717
-0.18652047468896715 0.49791264936202034
-0.1823114388526611 0.4971128794182042
-0.17809235202748697 0.49643085163848916
-0.17400348797857734 0.495893529275328
-0.16978413366581635 0.4952005520862543
-0.16567315160881757 0.49430257422438834
-0.1615945882112102 0.49371264465885184
-0.15759071610663677 0.4930411151232918
-0.15353232969851283 0.49237268942139817
-0.1495230820881962 0.49174966655023206
-0.1455586589563167 0.4910118460723207
-0.14166522507964618 0.4904452400693983
-0.13772495166286047 0.48961259015027686
-0.13380830679064926 0.48908204814216977
-0.12980285135955327 0.48835389297645554
-0.12591490044901066 0.4876240482268927
-0.12210275179364949 0.4869819580642278
-0.11821915089373491 0.4862796198474805
-0.11444015448318956 0.48568012424107193
-0.11058660659203134 0.4848866287372367
-0.1067726249490446 0.48415456988745714
-0.10315129234492226 0.4834234593092079
-0.09934284714904629 0.4827121484306675
-0.0957044567878288 0.48205742926996736
-0.09201054763782035 0.48137221337163777
-0.08835915279514206 0.4808504029396818
-0.0846101042889934 0.4801492701915859
-0.08099433360611374 0.47941652281603203
-0.07739188568529154 0.47868812347453477
-0.0739067869023663 0.4780831792389368
-0.0702336682553375 0.47723283709520964
-0.06673165365795386 0.4766056141151293
-0.06317522626363115 0.4757782439458244
-0.05965508612596504 0.47526118804455014
-0.05595550436009877 0.4745653233792148
-0.05266691086311548 0.4738524882163842
-0.0491892086862743 0.4730980286161192
-0.04571371046953321 0.4724996662116409
-0.04235937509817944 0.471751751358874
-0.03886758393808687 0.47102237821040743
-0.03546493825778185 0.47049281809954085
-0.03221087010055246 0.4696478075923071
-0.028726463044458254 0.4690087977710528
-0.02552580052098186 0.46827840921598746
-0.022144440552535952 0.4674014507116024
-0.01876359804108008 0.4668154153549808
-0.01549209358691506 0.46618708257773983
-0.012149141659854371 0.4652814669717305
-0.009023782983830001 0.46472048843071584
-0.0058503711135004 0.4639881282954285
-0.0024356504752349774 0.463348992521942
0.000674656827658434 0.46264805658377356
0.0038640957884470382 0.46202601046048014
0.0070447523023132695 0.4611761846312072
0.010235569390437346 0.4603265942810814
0.013352806586766849 0.4598510540917203
0.016578812891545055 0.45915375686067145
0.01946125465677084 0.45848136881285945
0.022616011045114123 0.4577449317416055
0.02568747598592058 0.45693254709131187
0.02867817154716223 0.4560869612132806
0.03176504086594201 0.45567702095413426
0.03492712425451583 0.4547528994246009
0.037812475668770884 0.45408955200972484
0.04073127575828828 0.45335119677919916
0.04381447901606261 0.4526183651785555
0.0466918341725272 0.45169209987464115
0.04982053658386676 0.45119896378471885
0.05276843396396935 0.450523194188509
0.05573168368725179 0.44972839949936677
0.0585362344175282 0.44906742487049994
0.06165531269001967 0.4483271818580416
0.06452305628958332 0.44773068385827924
0.06707984430875946 0.4468950690959445
0.07006798049365626 0.44632430472607093
0.07289629654458685 0.4454516728175581
0.07576787676142593 0.44483375498336625
0.07860657138875848 0.4441466338508035
0.08135342135471912 0.44337801122182646
0.08413081883112283 0.4425561271380671
0.08698361091835849 0.44180824875694996
0.08963575384864331 0.4413250694889332
0.09250682764757678 0.4402460501650663
0.09530729230777679 0.43956229048468715
0.09785787177017546 0.43892590015537775
0.1005758538021364 0.4383509929783456
0.1034143136505059 0.4374337002472776
0.10609832521232776 0.436777654942962
0.10859253294583726 0.4360998059655283
0.11143063848230705 0.4353247739106478
0.11408636603325639 0.43463694226135935
0.11658279674348204 0.43399518062535763
0.11921019643452846 0.4331610527725999
0.12180891417022677 0.4322384563128568
0.12450643699203634 0.4316891663729762
0.12704934493855313 0.4310548428693239
0.12960473654201865 0.4301698957135222
0.13222804035820857 0.4295961383475118
0.13475158034436785 0.42878696446375425
0.13732226633096323 0.4282012966467494
0.13987811491699664 0.42733433118980674
0.14232751520648246 0.4265720783768862
0.14485698694811688 0.42566738356333217
0.14735412143215687 0.4251200071372963
0.14996769034065194 0.424555360655509
0.15223018494298524 0.4236083718860028
0.15469722563195443 0.4227259353514525
0.15707031518581793 0.42204716208041554
0.15967859434541798 0.42148289739307193
0.16207775022575743 0.4206604980004042
0.16448826615032852 0.4198181043668158
0.16686295175353816 0.41915084072165704
0.16904000468272296 0.4180934821253743
0.17147306122510497 0.4177246117551418
0.17398551854045508 0.4169390190146344
0.1762992082524628 0.4161622912818092
0.17867048111606365 0.41540911824728916
0.18081278240677212 0.4147920354332127
0.1832594672778426 0.41397832794631656
0.18556985966930706 0.4131661957185671
0.18790780298707954 0.4124645014397836
0.1900971665533987 0.411761074397117
0.19258292858710935 0.41090313190275113
0.19481426894377385 0.41012285305401813
0.197025510665493 0.4095239195626948
0.1992843558345574 0.40876884017059506
0.20159350720085323 0.40801430318360515
0.20389732277248362 0.4073600279847462
0.2059436498672288 0.4064437191749148
0.20826168692902913 0.4056316153163612
0.21041476937318127 0.40510542807732636
0.2125907716665113 0.4041640674281765
0.21485284091946555 0.4034898373886006
0.21691438247645067 0.40265832563775233
0.21925287993894016 0.4018423809553276
0.2210457448445443 0.4011740804245882
0.22338610906426626 0.40036543212513503
0.22553702775589213 0.3996861627788459
0.2276822273122916 0.3988767330160056
0.22990300475452852 0.3982576942918315
0.2318104906916587 0.3975215088249781
0.23394909815097897 0.3965130450129761
0.23607910579508384 0.39605431396470653
0.2380429920946706 0.39516286961049224
0.24001851190790824 0.39441163081389424
0.24225126104801498 0.393782464220324
0.24427027260333634 0.39299755451934754
0.2462081589663847 0.3921768684049534
0.24839404291892908 0.39120389978106423
0.2502962550372435 0.39071224031189816
0.25241723723533227 0.38981614772724177
0.25439015827137657 0.38923319252590866
0.2563365717221727 0.3883721389497576
0.25839831013621595 0.3877134634107657
0.2603763450545248 0.3867149426576049
0.2622717891951012 0.3860756514456833
0.26441456483092496 0.38532028828024883
0.26615580260158656 0.3844997806887142
0.2680730362054785 0.3838324273532627
0.27021828539851467 0.38291795636511655
0.27208559086770234 0.3820683231325394
0.2737482009553196 0.3812537711823288
0.2759389349856668 0.3807475535287043
0.2776987139427217 0.3797449801660932
0.279640193427075 0.37918626065859423
0.2814923592221258 0.3784057285050865
0.283345755749547 0.3775918394229944
0.28526237105830166 0.37666739280996725
0.2871163219357359 0.37599400899528085
0.28894838098038556 0.37523880282348004
0.2907878179817348 0.3743546298937854
0.29252095186411897 0.37373734089980654
0.2943843164081946 0.3730527776249876
0.2962420571581379 0.3721461039378165
0.29808456520693605 0.3714327059123625
0.29995080598675383 0.37060404258640717
0.30167083809909945 0.36991023425725694
0.3034583515403352 0.3692103148562273
0.3052188049872261 0.3684045321204415
0.3071246988510814 0.36765050955764095
0.3088106038134836 0.3669137786792421
0.3105238690558383 0.3659529448633618
0.3122971334494694 0.3651356158500188
0.3141092572931635 0.3644761901802966
0.31566020607725165 0.3636294468639853
0.31743606982473405 0.3628350042283996
0.3194279692070833 0.36207889299232715
0.32091931943699825 0.3612448620461301
0.3226568119878528 0.36056018514575644
0.3242820388652291 0.359666158073411
0.3261010196834443 0.3588454717720739
0.32770845821859196 0.35821175922508947
0.32936022437787205 0.3572345121893417
0.33113910508140865 0.3565631612192584
0.3328218976830759 0.3559503321292096
0.33428597064989485 0.3550730426986963
0.3359456877934458 0.35451313412940205
0.33764188967709396 0.3536107004366454
0.3392067519680274 0.35281515531547564
0.3408039964738644 0.3518777217423969
0.34244799081720667 0.3510912809817876
0.3441194832306502 0.35024709605298215
0.3457168748567737 0.3493799517804143
0.34740475204878984 0.3486768029179394
0.34899765450901865 0.34793086188397
0.3503457731706102 0.34701910840248
0.35217316759445505 0.346435298261529
0.3536310588432122 0.34547860181717843
0.3551751877257614 0.34483899729700723
0.35687413975256266 0.34403881182581014
0.3583767985494176 0.34314733272636216
0.35986235720591153 0.342384752232
0.3614187605319804 0.34144023939131846
0.3629874514696283 0.340754204518045
0.3645062324506958 0.3400674445694624
0.3661567352272873 0.3391459176327875
0.3675990869728428 0.33846027592090205
0.36908076773344123 0.33776524867152785
0.3705771001723336 0.33694447621820717
0.37195083740359625 0.3361584855228125
0.3735309717181988 0.33520174653656615
0.3751680871147135 0.33451155195992605
0.3764813508253372 0.333669303899026
0.3780397815810195 0.3328907263301178
0.3793151091928022 0.3320318211164674
0.3806874934192723 0.33141122536391315
0.38236211900775063 0.3305210485782815
0.383808337827522 0.3297645416835266
0.385188635680227 0.3289968924914441
0.3865945123370059 0.3281996692387515
0.38782791149704543 0.32733989318647355
0.3894951824834897 0.32658472058745863
0.3908412921564969 0.32570139483801847
0.39231912981205375 0.325032237693525
0.3936659911151569 0.3241409995342646
0.39507901721553285 0.32331424644584356
0.39643468964460593 0.32250211648803245
0.39796501338630186 0.32191413856221557
0.3992011297831849 0.32096692744274685
0.40072477810127805 0.3200901944619781
0.40205132077303607 0.3192426990217612
0.4033890147417146 0.31843546273658657
0.40456846149071846 0.3177392487244152
0.4060903543826052 0.3169900618251115
0.4072957438539103 0.31618564429897883
0.4087662553196233 0.31512885914829286
0.41012585730355344 0.3143637129176073
0.411379255309151 0.3136537952190765
0.41263142430564914 0.31280440120702985
0.4140505952686615 0.3120832496455454
0.4152314506155963 0.31119763620350066
0.4168203182654411 0.31070993521845097
0.4179026708570156 0.3096285360858672
0.41917314794281946 0.30872931415696664
0.4204872058896192 0.30778667862751224
0.421815724270569 0.30724807914229685
0.42306209255951 0.306238835003715
0.4244841974798216 0.30558567246123464
0.42557841292113296 0.30473810260450024
0.42689046679519016 0.3041340169929441
0.42808854606717095 0.3032008859984176
0.429535058131041 0.30258424512158516
0.43060552978762356 0.3017447425650403
0.4318966272862622 0.300645764300933
0.43309401044977713 0.29988322301371345
0.4342423779299407 0.2990378417588692
0.43551701715642954 0.2983142557753304
0.43692013170744703 0.29765528018177884
0.43800701546068455 0.29655322209680074
0.4392892331486241 0.2958289210237998
0.4404485280152248 0.2949849483360289
0.4416928342337815 0.29425968693210763
0.4429143599581432 0.29342636718141896
0.4440649124728454 0.29251039242437976
0.4451458663008091 0.2916105428016486
0.44638001074268907 0.29099103945247123
0.4477281094588249 0.29020345449813084
0.4487724280648163 0.2892547280083259
0.45006204218684187 0.288479709571622
0.45097373905682325 0.287793161289471
0.4522652710607432 0.28706391076622534
0.4534552382285245 0.28598421250951483
0.4545680279592732 0.28534877856543955
0.45573057532606165 0.2844374171163147
0.45695459409659167 0.28340696764852596
0.45803974620017784 0.2826802107021907
0.4591644944391583 0.28205453843941725
0.4603830515673003 0.28117429664526367
0.4614172367263739 0.2803798127514218
0.4625746051366223 0.27954743909537144
0.46366373702490626 0.27862592809714587
0.4647534642896537 0.2777031093904551
0.46590416918318545 0.2769584661285605
0.4669046638060318 0.27598206889790383
0.4680236711167496 0.27537996306850326
0.46922827381186105 0.2744198834807376
0.47026781318775746 0.2736994758595251
0.4713263190809255 0.27278420259498154
0.4724093442249243 0.2721124520651908
0.4735304123214533 0.27096667828584864
0.47457084564520924 0.2703168937952659
0.4757659680297014 0.26956269188903215
0.47680034207584876 0.2687543030337102
0.4776895030180174 0.2677429410280545
0.4787222799379415 0.2669360540914575
0.4798265497279711 0.26612242927113117
0.4808386215224004 0.26537908924862563
0.48186190175585353 0.26459670268477664
0.48297810754611936 0.26362782071125157
0.4841402927931525 0.26277117400124705
0.4849820995393367 0.2622415201815663
0.4860777162962763 0.26114292323181687
0.48704722299831527 0.2604128040207031
0.4881374922294154 0.25942326425793083
0.48915912473029366 0.2587272328385627
0.4902845140191022 0.25795768960947774
0.4909857713973874 0.2572318018680474
0.4920711438766051 0.2563301154065176
0.4931628481916551 0.25546390331332836
0.4941492909365931 0.2546381440929847
0.49506907727625127 0.253648624963833
0.49605106278081157 0.25308023051101325
0.4969831532956136 0.25216882676665475
0.49801317105367826 0.25128712863807245
0.4991024706091969 0.250465811784251
0.4999366624071725 0.2494654145337594
0.5008504355265189 0.2488345974006905
0.5017553706943886 0.24799794206170092
0.5027617209692338 0.24711294005170661
0.5037648848191897 0.24617755595013893
0.5048048961558544 0.24542104204990614
0.5057002491385137 0.24462892874183842
0.5065520728048302 0.24375284093656382
0.5075069472653349 0.24288167528364926
0.5084868776060468 0.24210374005330373
0.5094157736035396 0.24127094113087313
0.5104363551583669 0.24037738362334174
0.5113691823795452 0.2394530431607246
0.5122048396941908 0.2386347486636257
0.5131000422579145 0.2378286210421258
0.5140168998716284 0.23715984011324445
0.5148506575022088 0.23626907736453498
0.5158234810984492 0.23528277867407613
0.5167901394810693 0.23455858229010565
0.5176603353079609 0.23382756070752522
0.5184292547586813 0.2328874616248411
0.5195039294033891 0.23192140178920453
0.5202685822640896 0.23118896354090515
0.52117402307527 0.23049050500515647
0.5221247611909366 0.22941629033067126
0.5228597665810318 0.2289277391520347
0.5237550706105573 0.22763792161174182
0.5245467078557932 0.22711219518223594
0.5254862601461577 0.22610120047928142
0.5263662812473276 0.22528565182628515
0.5272535485033555 0.22458886640345346
0.5281319169001258 0.22386557096208817
0.5290037864010663 0.2226170870672132
0.5296858470738738 0.2220783076135935
0.5305936950579079 0.22105615535339831
0.5316319959155485 0.2202716100628053
0.5322954860342205 0.21950754053476232
0.5331767406980593 0.21883906968748149
0.5338979852639608 0.21772185999047192
0.5348775154338697 0.21691072827902871
0.5356846794109188 0.2158885954857699
0.5364312239917476 0.21532595793358947
0.5373194938136857 0.21412201445518078
0.5381647892015281 0.2134686178213581
0.538822589488878 0.21280089473844568
0.539670724488715 0.21192450362761886
0.5405450184814301 0.21100092205198454
0.541352196756438 0.2099502835531877
0.5421324251763223 0.20930915923094653
0.5429703874700144 0.20846710329239906
0.543807456528398 0.20761762710114787
0.5446057816687074 0.20680534263359587
0.5454094194145996 0.2058530424237918
0.5461187024644666 0.20492633756902803
0.546747398689024 0.20424658723870928
0.5475854421438752 0.20342134330367614
0.548475380246754 0.20245447181724954
0.549199857897933 0.20151817049057466
0.5499892148487137 0.20085081040478694
0.550811374166213 0.19995012306629958
0.5515436924758427 0.19918404579489982
0.5521781882952178 0.19820105189169326
0.5530881466686762 0.19749732201926254
0.5537773677499086 0.19662556116077892
0.5545315125044868 0.19579569061945415
0.555314051377661 0.19487013409690881
0.5561845557264379 0.19390359500678025
0.5567055753394033 0.19322666924340728
0.5576022646223636 0.1922767893270089
0.5582123102162454 0.19144846082953118
0.5591289132347387 0.19060213036133947
0.5597341602632621 0.18978341193179496
0.5604765223213474 0.18908852562976766
0.5611089946138438 0.18829073428038437
0.5618652089219979 0.18715911646943487
0.5625873044835598 0.18628453346065402
0.5632921160325989 0.18554599172444045
0.5639388538554907 0.1846172173770059
0.5648265501648982 0.18387194290052103
0.5653367992914794 0.1829567043271483
0.566118388927726 0.18227568277872677
0.5668664203615393 0.18123181313063078
0.5675533163898515 0.18061859201396138
0.5683559643587736 0.17978897215286574
0.5689400671408907 0.17864676086266632
0.569672838520252 0.17783036265680766
0.5703666959817003 0.17703594940761716
0.570977972464371 0.17647313494872421
0.5716940521025154 0.17529388012638517
0.5724114343819641 0.17449196935143943
0.5731152901462052 0.17373779229411315
0.5738325122319318 0.17263733304956755
0.5744424660577899 0.17200131006740785
0.5750856723129151 0.17102371841338218
0.5758801142457445 0.17015007353239234
0.5764053699206756 0.16949643737411504
0.5770576248388682 0.16840548158186266
0.577788941697497 0.16748300523540374
0.5782894862657896 0.16672279523090464
0.5790726852631948 0.16585847814180013
0.5797265471829608 0.16504590274712552
0.5805562475461553 0.16411395428526857
0.5810080228041633 0.1633369561157673
0.5817300393729387 0.16221912902525118
0.58231602185003 0.16168268492501373
0.5830470783778551 0.16086731523843248
0.5836243770675521 0.15998043502793294
0.5841840046195527 0.1590890891129099
0.5848398767079132 0.15792817364423098
0.5855770811512898 0.15757718475443652
0.5861753930959105 0.1565926795281755
0.5867491192212891 0.15561435574646146
0.5874753895055339 0.15483642988476523
0.5879490076540449 0.1540585413914504
0.5885242501742441 0.1530615506355474
0.5893324683804563 0.15234006952763404
0.5898677193010914 0.15145307961018553
0.5904401871067685 0.15040166481323683
0.5911240778308092 0.14975816101031772
0.5917573969441757 0.14884021123673843
0.5923022189414734 0.14815205453865302
0.5929396904618455 0.1470362047459848
0.5934092125771392 0.14628939036593605
0.5940100358886339 0.14529625679202665
0.5946735411981366 0.1445164432702091
0.5952575385539164 0.14368971646745535
0.5958085581033835 0.14283290469617918
0.5964226980531832 0.14191078161143236
0.5970714654495805 0.1409600843996021
0.5975353025203526 0.14016246948814196
0.5982714436178206 0.13944432305584867
0.5988145204616085 0.13847645404727552
0.5995169154038759 0.1377110065691998
0.5999758967208481 0.13694506118802333
0.6006311842526936 0.13607703033931198
0.6010357593053192 0.13504797942361915
0.6016932093571526 0.1340846298614317
0.6021092520173649 0.1334515535445914
0.6027052931390405 0.13256217617140745
0.6033466829536768 0.13165797877809896
0.6038967359270883 0.13088457609403994
0.6044749870627036 0.13011875804644438
0.6050219586983251 0.12926246194077554
0.6055641320433828 0.12833137327129454
0.6062953166831008 0.12727934188960047
0.6067285636998611 0.12641610365615155
0.6072492517700635 0.12561633717668788
0.6078211813994406 0.12494719611384333
0.6083318354989747 0.12393848202931448
0.608847974031186 0.12322577813080784
0.6094363642185904 0.12224590854455877
0.609928162155659 0.12137053720137606
0.6104632600376775 0.12067743036680814
0.6110597656830358 0.11967520498602216
0.6115572784585949 0.118707998895796
0.611995414565511 0.1179862512873611
0.6126070491661925 0.11732117004964362
0.6131090528195834 0.1163853684932992
0.6137228772317079 0.1157330535830974
0.6142189635068781 0.11466091877727871
0.614735322587958 0.11385675027732836
0.6151192769719537 0.11272946130933273
0.6157706518411393 0.11193731234071427
0.6161720243747643 0.11104186588130685
0.6167980871245057 0.110356076271275
0.6172640076263262 0.10956126193504759
0.6178056133604098 0.10842928902799134
0.6182924069014243 0.1075809174223187
0.6187637569335235 0.10702335708550118
0.6192072856566136 0.10594400990447286
0.6197128031384244 0.1053797946050247
0.6202702108904735 0.10432019020178965
0.6207312314360384 0.10332121274887221
0.6212552418892333 0.10250978389247226
0.6217629889545887 0.10168691678925204
0.6222685426935833 0.1008392178102662
0.6227186406330788 0.09979090048066278
0.6232289138676 0.09915791067561533
0.6236810226069046 0.09832372045214224
0.6241585984473866 0.0973028279959959
0.6246187104877553 0.09663474585753654
0.6250985348900772 0.09590477666192579
0.6256584569380031 0.09475071040229091
0.6260604465358331 0.09399746994254779
0.6265364422888936 0.09316429524192774
0.6270613050913073 0.09222683445888238
0.6274700461152259 0.09145176107155975
0.6280354282037713 0.09063691072331884
0.6283704055857889 0.09007139883944029
0.6289331817765212 0.08893788484118006
0.6294607388349 0.0880436980174242
0.6298638141339244 0.08715063500547474
0.6303817370135437 0.08640907259845979
0.6308022218460362 0.08541958115642503
0.6312417336446839 0.08453039209057503
0.6316669213632268 0.08369140655623877
0.6320818031491012 0.08300081026639841
0.6325227351021608 0.08187610462633635
0.6329455566242109 0.08113497853528509
0.6335404346753958 0.08014786317972503
0.6339560566817385 0.07939043541752569
0.6343749916272347 0.07857874912514831
0.6348100155014825 0.0776995376401182
0.6353337599017354 0.07725281032065326
0.6356639408396049 0.07613948360432646
0.6360904902163304 0.07511430109259445
0.6366370519835606 0.07431960207015001
0.6369848258364649 0.07327694215322214
0.637402255943183 0.07267641327594901
0.6378342325810594 0.07172658582526373
0.6383384619094602 0.0710143260234494
0.6386156682379963 0.07000525669337768
0.6391459544341173 0.06917385361042463
0.6396005473661698 0.06855078840541176
0.6400082244925361 0.06755577065396326
0.6403058018087017 0.06660285273981373
0.6407975200787547 0.06601724010497248
0.6413335705312363 0.06507690097594934
0.6416462064523479 0.06431907505873627
0.6420436113599993 0.0632113687171825
0.6424268266660379 0.0626180945397963
0.6428874493954134 0.06140755054328298
0.6433168731973936 0.06074850814018498
0.6437118853110869 0.06006607566367264
0.6440756136932099 0.058855239260736575
0.6444921896855723 0.05786037564234517
0.6448809189995529 0.05732480224937256
0.6453362914059858 0.05630867216344762
0.6458387087180643 0.05572200929298879
0.6461921807473888 0.05485648465075435
0.6465871064072958 0.05396318846382356
0.6470013872446944 0.05299763344858702
0.6473685108844679 0.05232637841419421
0.6476946925275692 0.05125843609259109
0.6481588719687162 0.05058522639121757
0.6484849733609505 0.04991689787438239
0.6488384587789952 0.04881318753630973
0.6493480854877355 0.04798849998423374
0.6496000146795468 0.04716659857064978
0.6500389461131187 0.04621080066789365
0.6504083461755515 0.04533497434789471
0.6508982763658003 0.04477424595223092
0.6512549748473958 0.04370072878601586
0.6515192036845959 0.042940765869329184
0.6519591445235394 0.04204187248246752
0.6523791191248648 0.04108597086514357
0.6527142647676746 0.040266062493394955
0.6530673217717379 0.039441673325129406
0.6535067751104285 0.03868167462902508
0.6537947814538475 0.037891119063043904
0.6543341903122363 0.036881649031444225
0.6545643562195586 0.03604134365202996
0.6549657446574219 0.035375111171046
0.6552420449564892 0.034419027979124245
0.6556790038862254 0.033665909428518576
0.6559781374637755 0.03271623142808969
0.6563592547921949 0.031965473926758664
0.6568002762053499 0.03134933880992166
0.6571148865538364 0.03033571786039593
0.6575041055794008 0.029565268415526005
0.6579530443182159 0.028585879896538626
0.6582417203232974 0.02778406102282485
0.6585395792862262 0.027034066377668833
0.6588756057061581 0.02613706482182823
0.6591706945496979 0.02510986832927078
0.6595496164031304 0.024376852962490505
0.6599271660216374 0.02376269466965111
0.6602716371505476 0.022721300150407877
0.660682888622751 0.021708529507886067
0.6609990775322386 0.021111509835873756
0.6613917871274687 0.020253355213685233
0.6617744480657767 0.01919539767484482
0.6620182652491117 0.018488211464277284
0.6622944025110816 0.017691716303343565
0.6627095560725486 0.016852226803706485
0.6630204276013366 0.015744622251817633
0.6633820844689425 0.015354491814989626
0.6637620444464648 0.01426898169943527
0.6640678283645772 0.013416491923803144
0.664341313257497 0.012517404147370039
0.6647733291286949 0.011876234524398368
0.6650035423007464 0.011076940901294432
0.6653728463910152 0.010142288692189385
0.6657902676290103 0.009317762900555662
0.6659653345371762 0.008569813104865622
0.6663883284350948 0.007658927330699419
0.6667146007376711 0.006747781144564782
0.6669970816406415 0.00604336697796817
0.6673586983781373 0.0051770002476226006
0.6675821630834696 0.004304249519828576
0.6679036850580496 0.0032754841332175676
0.6683098397667632 0.002757782110176323
0.6685269095429874 0.0019087758691950472
0.6689342146898712 0.0012551718828988333
0.6692215901810837 0.00013341278055925207
0.6695915084566252 -0.00048022236344788874
0.669838863976484 -0.001339410601846367
0.6701440782326583 -0.0022305231262327065
0.670416535224441 -0.003122323665102209
0.6706916767689107 -0.00393790801156144
0.6710427110942018 -0.0045705362583340105
0.6713506225371323 -0.005587040921425122
0.6716968403330227 -0.006326049508915219
0.6719446302767161 -0.007195086858688058
0.6723072480936948 -0.007986112617276418
0.6725634558018666 -0.008823510888060746
0.6729153908806979 -0.009728944794927228
0.673219175597718 -0.010583544907643103
0.6735636323727398 -0.011265188552959635
0.6737318426634237 -0.011989509108674665
0.6740156048927982 -0.013018760514359882
0.6742937238890448 -0.013919330933759164
0.6746664703190729 -0.014625174401028593
0.6749279699522582 -0.015472136591784012
0.6752631877828782 -0.016264985667983487
0.6755288825542324 -0.017018416286914115
0.6757530881778145 -0.017734141826569714
0.6760878819053721 -0.018620539005384937
0.6764829541688452 -0.019459001139290864
0.6767141556635244 -0.02033511146567932
0.6769815126150759 -0.021002227150176387
0.6772999525381475 -0.02204585823104863
0.677545500918494 -0.022916296154763847
0.6778439209859707 -0.02370290899336289
0.6780362271860115 -0.02432739159728001
0.6783627598508831 -0.02504128815203441
0.6786692030972418 -0.026019468220143425
0.6789447713180007 -0.02690344205974524
0.6793082557333155 -0.02756305136313639
0.6794029111000116 -0.028348518451416258
0.6797185518783947 -0.029263357575749802
0.6800870050847777 -0.029963805759133242
0.6803029004023099 -0.031021975981226333
0.6805957157074679 -0.03170471797073435
0.680887073582568 -0.03239232802370226
0.6811183709279159 -0.033580935060961464
0.6814087152733591 -0.03418452836079963
0.6816939037655557 -0.03486498830289017
0.6819716185619925 -0.0359271001819442
0.6821943397128521 -0.036442344893902495
0.6824013669697094 -0.03752008666883763
0.682694346110626 -0.03801829001288068
0.6829045828052397 -0.03895003180380949
0.6832013887815253 -0.039585432531427406
0.6834850224230219 -0.04044378919347166
0.6837862010968837 -0.04117215226873902
0.684014136222682 -0.04227462097395371
0.6842757761744477 -0.04302615379088101
0.6845173767205209 -0.04372820799113228
0.684733624940551 -0.04450787065489967
0.6850251465243123 -0.04540372346409968
0.6852848257077871 -0.04616217943089615
0.685493493547726 -0.04690732407716877
0.6857761329861506 -0.04777946528636287
0.6861389870762601 -0.04845371021514397
0.6863208481910689 -0.04927116760809455
0.6865387463437421 -0.05011655716784466
0.6868195261597027 -0.050845857125901256
0.6870751651284824 -0.05180822200806898
0.6873359341160404 -0.05246713497830521
0.6875190057376167 -0.05321144784071838
0.6878120340537454 -0.054104739304363186
0.687981495844297 -0.05483020616064868
0.6882468878763438 -0.05554829275620962
0.6885409759993623 -0.056386909703186244
0.6887861077994054 -0.057268824395379364
0.6890425921636724 -0.05792894468900908
0.6892955805344624 -0.05883817005599776
0.6895571621942839 -0.059386434100267976
0.6897166063185524 -0.060308222768056446
0.6900120137213658 -0.06115944683780736
0.6902143574083383 -0.06176355587401447
0.6904634276604565 -0.06251449656360472
0.6906927348748825 -0.06344533140629824
0.6909340271611771 -0.06413084833779334
0.6911429661690299 -0.06512028192612804
0.6913858657726554 -0.0654893817680546
0.6915632791897667 -0.06656240441660963
0.6918427151991834 -0.06727007902517598
0.6921171808207448 -0.06829814841286583
0.6922757264452223 -0.06871958705025269
0.6925542704554489 -0.06971206951096395
0.6927742741670576 -0.07047188634377252
0.6930489725172458 -0.0709706840582118
0.693116160874765 -0.07208711235259666
0.6934908588460927 -0.07264520491907486
0.693639330172051 -0.07346863040631688
0.6938965195638006 -0.07433999791076293
0.6940997204062554 -0.07502357388692268
0.6943746216164793 -0.07562716145297929
0.6946161904682683 -0.07648935647593821
0.694745578883284 -0.07701225862560665
0.695027740466302 -0.07812998797812429
0.6951445691454038 -0.0788092311854521
0.6954508130497162 -0.0795926269202609
0.6956789822791946 -0.08046901761963074
0.6958606676391962 -0.08096088693595169
0.6960523130052637 -0.08190554400339209
0.6963376998773211 -0.0826141594664965
0.6965006233058847 -0.08346684599045881
0.6967735251181263 -0.0841638006195263
0.6968811289216047 -0.08480152028278595
0.6971833160887723 -0.08559077521434386
0.6973447388199429 -0.08633468868383895
0.697549876001404 -0.08729187419012849
0.6977817891575736 -0.08796012224831071
0.6979087821515447 -0.08868515411727615
0.6981976361939756 -0.08951860310209989
0.6984065175083188 -0.0902795615987528
0.6985912925411658 -0.0910418529315172
0.698842247488736 -0.09167606425132577
0.6989914939727352 -0.09237920009161835
0.6992334360845359 -0.09314590571034384
0.6993710402158381 -0.09395381106417275
0.699533389104044 -0.09467194446162383
0.6997517998159427 -0.09549758331157251
0.6999867658594413 -0.0959695608193428
0.7001862604354289 -0.09681182424565923
0.7004136767817725 -0.09766886954192186
0.7005789808522392 -0.09819477542083752
0.700730193783684 -0.09908786728961591
0.7010348458572738 -0.099742514915349
0.701243290384805 -0.10039194279913163
0.7014477343566733 -0.10119603196697977
0.7016342400801442 -0.10219944882816431
0.701761374206039 -0.10273218815821958
0.7020019593787888 -0.10347552654553724
0.7021513096604838 -0.10409447475515296
0.7023696142126402 -0.10479380738729902
0.7025744335088432 -0.1056526597827778
0.7027503449200229 -0.10630260430668256
0.7029623132550155 -0.10713182916496197
0.7030979728035084 -0.10769938529782838
0.7032937934360456 -0.10854727743224243
0.7034817168450135 -0.1093545010761697
0.7036968951544359 -0.1100908262326665
0.7038754540662541 -0.11066533652417196
0.7041001773152219 -0.11158280631082515
0.7042350548031157 -0.11204760588920512
0.7045024649139512 -0.11276406077821319
0.704636295027424 -0.11334943407090167
0.7048070504448022 -0.11428078191283306
0.7050212210790664 -0.1149835513002739
0.7051350567213982 -0.1157659424494932
0.7053755204354809 -0.11651155287818446
0.7054936417168097 -0.11699651511616624
0.7057037292841176 -0.1177620876881644
0.7058766282159538 -0.11847156612408125
0.706031172610016 -0.11945443024895316
0.7061659194259483 -0.11980308696193107
0.7064498348929203 -0.1203764029837878
0.7065722358153917 -0.12122462925564179
0.7067994155751568 -0.1220875032026569
0.7069691585339427 -0.12280961819847444
0.7071308483416078 -0.12324412912928648
0.7073007378882897 -0.12411383369570325
0.7074802577040508 -0.12477017724401049
0.7076843316656588 -0.12550923529025623
0.7078398996442371 -0.12613993775987695
0.7080319150729809 -0.12676107338183681
0.708109123176139 -0.12731685107420784
0.7083420025043837 -0.12814238855151225
0.7084185745284471 -0.12885165879361757
0.7086638088283076 -0.12956802021856437
0.7088343972987038 -0.13022684920359504
0.7090058142093937 -0.13101912866752738
0.7091930898443476 -0.1316897041329935
0.7093535511527126 -0.13208279887471494
0.7095096395765094 -0.13287876652739058
0.709676339586344 -0.13372638862058048
0.7098395375064429 -0.1342100284912313
0.710015250448688 -0.13480617849648444
0.7102287250255709 -0.13568047628134514
0.7103372676129592 -0.13632890904434544
0.7105071363556054 -0.1369118107979874
0.7106483611082578 -0.1374670239519353
0.7108111165228265 -0.13812092107153603
0.7110245850791524 -0.13883660403254158
0.7111276608844611 -0.1395689930490289
0.7112781235441975 -0.1402711206801381
0.7115041830942858 -0.140897488977463
0.7115939519055615 -0.14151609190731537
0.711862109403734 -0.14194402390889657
0.7119382419447312 -0.14269446938500205
0.7120267518336257 -0.14337348056845842
0.7121657659661308 -0.14401470925525048
0.7123638765646706 -0.14475180546285535
0.7126306191738448 -0.145442115743279
0.7126561480613 -0.14588815882527448
0.7129046007782008 -0.14660603293579175
0.712957982776098 -0.1471586056487356
0.7132111268245701 -0.14801208085443804
0.7133617212268496 -0.14858347052934182
0.7134851455845069 -0.14914461325433812
0.7136340365136212 -0.14972856667363052
0.7138019264173391 -0.1504816195098949
0.7139468509398578 -0.15099971948884292
0.7140653336226109 -0.15157087051667248
0.7142164446397338 -0.15228109500495676
0.7143892200341032 -0.15294542420031695
0.7145730491865266 -0.15354998815287932
0.7146304232277828 -0.15406419262777546
0.7148328493072432 -0.1547508907743854
0.714928954235296 -0.15540672819083132
0.7150574230960242 -0.1560352041624676
0.7152527314756526 -0.15647454466714392
0.7154049187125112 -0.15715484744505268
0.7155884080613694 -0.1577235301792342
0.7156371351387437 -0.15820533949107005
0.7158655347188917 -0.1588659182541252
0.7160364666996616 -0.15966563338884263
0.7161478527407844 -0.16021205661344537
0.7162821264432869 -0.16089325121404527
0.7163636808778625 -0.1613530743927419
0.7165319066766546 -0.16207456795012518
0.7167296969002138 -0.16265591215255867
0.7168453008038679 -0.16316199078919422
0.7169805219420434 -0.16368818922977443
0.7170476980789612 -0.16442444264731523
0.717263415505977 -0.16495337054622924
0.717420412648324 -0.16556620212317072
0.717488116843226 -0.166029597566376
0.7176732508167875 -0.16668994829050962
0.7177914880388375 -0.16735070856086007
0.7179254751319465 -0.16773645204120288
0.7180607195478977 -0.16832738378324194
0.7181948614411934 -0.16893348172928754
0.7183309473552008 -0.16949122074503073
0.7184961931580466 -0.16994564896316863
0.7185937744096059 -0.17053318657813407
0.7187071229527996 -0.17108773444935385
0.7188626427052592 -0.17169445087773302
0.7189810786784291 -0.1722269116799333
0.7191481268996774 -0.1728160055891181
0.7192291174439099 -0.17330905450124776
0.7193909328148397 -0.17398729812086575
0.7195454178941213 -0.17429751871564966
0.7195905605116654 -0.17496048860557387
0.7197380743222209 -0.17554672877683428
0.7199249599408782 -0.175961018073122
0.7200604950506743 -0.17654679136633497
0.7201214137189037 -0.17689659473140326
0.7202176855868619 -0.17767932911906056
0.7203942012302486 -0.17808817661075035
0.7205788028080277 -0.1785752846847651
0.7206398945716698 -0.17925137306834768
0.7207838789449071 -0.17954222128911143
0.7209262250007243 -0.18021219269491381
0.7210362287222664 -0.18055709990388855
0.721203026426721 -0.18126640258454005
0.7212626324052155 -0.18178469354327595
0.7213782293190344 -0.18228497041386657
0.7215150458789515 -0.18260914541693438
0.7216931519444544 -0.18322925193243986
0.721791322163159 -0.18372872529748527
0.7219276799062161 -0.18414357406674628
0.7220546705113132 -0.18474914300144682
0.7221187790533851 -0.18518284690215567
0.722263272450785 -0.18566482851605856
0.7224430765629809 -0.1860740928963108
0.7224907171729494 -0.18671137131433777
0.7225961893905591 -0.18705010463426983
0.7227314475065673 -0.18766536281956656
0.7228763085743023 -0.18795116778775586
0.722969919456457 -0.18849570341370545
0.7230769632340036 -0.18899717704747174
0.7231913385094547 -0.18951088884231423
0.7233389643054039 -0.189822111609337
0.7234537498290504 -0.19045363141197733
0.7235679039637507 -0.19081809484967335
0.7237322575675033 -0.1912658752616012
0.7237743650083189 -0.1916886712265937
0.7239404760804108 -0.19212379170527502
0.7240058300507713 -0.19266754421601637
0.7241670728951689 -0.19314703895045113
0.7242929775143659 -0.19347104943599444
0.7243559544541437 -0.19389249657093963
0.7244333404457294 -0.19441243123511384
0.7245764297503111 -0.1946962876659448
0.7246570068391095 -0.19517065894748695
0.724816578019516 -0.19551925328345252
0.7249659166532224 -0.19604647045038356
0.725072824838579 -0.1964511204124034
0.7251185533977483 -0.1968986249746791
0.72527344420423 -0.1972385437199596
0.7253382192095278 -0.19753277816500944
0.7253788384862886 -0.1980650200137488
0.725539533661855 -0.19844032451223234
0.7256588744722928 -0.19879329468044324
0.725814847366698 -0.19912486859065223
0.725921961229668 -0.19959025691906526
0.7260157281576837 -0.199914153917324
0.7260391025033611 -0.20046042728484412
0.7261725823212065 -0.20080543718534802
0.7263574670469198 -0.20110828464013927
0.7263943715771669 -0.2015013617002914
0.7265343342003233 -0.201747024368619
0.7266731651359307 -0.20217053454510345
0.7267254091197876 -0.20252197499933808
0.7268404109918721 -0.2028246686489726
0.7269089850391964 -0.2032065605754698
0.7270408153800146 -0.2034629200504033
0.7271527752242416 -0.20373731317956453
0.7272314981463653 -0.20412929296923107
0.7273663984639424 -0.2044624516161678
0.7274446050561204 -0.20479605819336152
0.7275662550362901 -0.20513549963119312
0.7276915559668872 -0.20548795220673596
0.7277629411890824 -0.20563607013566562
0.7278556132498256 -0.20601095456668025
0.7279725918418339 -0.2064680200185067
0.7280796790684348 -0.2065901549099278
0.7281544991923999 -0.20685509226666807
0.728242143576943 -0.20723744154676868
0.7283814767330173 -0.20751764727884478
0.7284892092014549 -0.2078242210226888
0.7285214575458666 -0.2081450112730295
0.7286368664391473 -0.2082932508929873
0.7287534561499599 -0.20867087123483605
0.7288590347312537 -0.20883727158776186
0.7289294475291975 -0.2091090442844533
0.7290704167429135 -0.2095116535047815
0.7291048370814891 -0.20962376324382379
0.7292439117693493 -0.2099132407172428
0.7293473425333256 -0.21008569323259405
0.7294202488041467 -0.2103017454801239
0.7295222666753728 -0.21051157757087444
0.7295869562557992 -0.21082054375813405
0.7297195297415809 -0.2110644576229764
0.7297791021768224 -0.21115030529551101
0.7298485630250763 -0.21139146372446468
0.7299837270344448 -0.21165118244562772
0.7300879913916679 -0.2117464374549521
0.7301858503562481 -0.21191309857435356
0.7302881931905153 -0.21222948396517402
0.730380623144807 -0.21234060992353718
0.7304455908114059 -0.21250527054606225
0.7305015565124316 -0.21267110648425377
0.7305978192095358 -0.2129212129856258
0.7307349953866374 -0.21300422319106824
0.7308073913103871 -0.2131852870730699
0.7308981850248973 -0.21330722441173075
0.7310269405267183 -0.2134996534805836
0.7310904417676581 -0.2136071846520172
0.7311517766232606 -0.21373975557731492
0.7312346628048602 -0.21384815952283717
0.7313361765488521 -0.21396638891734285
0.731362939624468 -0.2140867093686721
0.7315073083845726 -0.21421414407600145
0.731520617502818 -0.2142610994550229
0.7316948445566106 -0.21438622893663326
0.7317612933098093 -0.21439635270537002
0.7318964941281035 -0.21449846135206915
0.7319222366879837 -0.21459220847099
0.7320143375671021 -0.21465220871695675
0.7321020503827299 -0.21470195816778445
0.7321995353308609 -0.21474656025797587
0.7322771592386875 -0.21479143100215412
0.7323279975847258 -0.21482839202383883
0.7325008851526241 -0.21484692558977123
0.732585907918274 -0.21488521885649067
0.7326155110017002 -0.21488677585412716
