#C1_inf,C2_inf
0.0 0.7213588322419271
0.004543642035916395 0.7207482126273812
0.00906234916666393 0.7201447853432431
0.013533213340840677 0.71937995088477
0.01800547235185357 0.7188111050463007
0.02247579244250475 0.7180881269724844
0.026862943653015225 0.7175318047775515
0.0312506818942897 0.7167742543288556
0.03557436004145831 0.7161761821026951
0.039900457625630326 0.7154610956912677
0.04425401377055016 0.714733945157469
0.04852040872467156 0.7140984459226946
0.052767250535750376 0.7133922472274457
0.05695899557783424 0.712798435493749
0.06116803141414029 0.7119986655499329
0.06538711823931442 0.7113166377702178
0.06947598228822405 0.7107793154070566
0.07369533660098504 0.710086338217983
0.07780631865798382 0.709188360356117
0.08188488205559119 0.7085984307905805
0.08588875416016462 0.7079269012550204
0.08994714056828856 0.7072584755531268
0.09395638817860519 0.7066354526819607
0.09792081131048469 0.7058976322040493
0.1018142451871552 0.705331026201127
0.10575451860394092 0.7044983762820055
0.10967116347615213 0.7039678342738984
0.11367661890724812 0.7032396791081842
0.11756456981779073 0.7025098343586214
0.1213767184731519 0.7018677441959564
0.12526031937306648 0.7011654059792092
0.12903931578361183 0.7005659103728006
0.13289286367477005 0.6997724148689654
0.1367068453177568 0.6990403560191858
0.14032817792187913 0.6983092454409365
0.1441366231177551 0.6975979345623962
0.1477750134789726 0.696943215401696
0.15146892262898104 0.6962579995033664
0.15512031747165933 0.6957361890714104
0.15886936597780799 0.6950350563233145
0.16248513666068765 0.6943023089477607
0.16608758458150985 0.6935739096062634
0.1695726833644351 0.6929689653706654
0.1732458020114639 0.6921186232269383
0.17674781660884753 0.691491400246858
0.18030424400317024 0.6906640300775531
0.18382438414083635 0.6901469741762788
0.18752396590670262 0.6894511095109435
0.1908125594036859 0.6887382743481129
0.1942902615805271 0.6879838147478479
0.19776575979726818 0.6873854523433696
0.20112009516862195 0.6866375374906026
0.20461188632871452 0.6859081643421361
0.20801453200901954 0.6853786042312695
0.21126860016624893 0.6845335937240358
0.21475300722234314 0.6838945839027815
0.21795366974581953 0.6831641953477161
0.22133502971426544 0.682287236843331
0.2247158722257213 0.6817012014867094
0.22798737667988633 0.6810728687094685
0.23133032860694702 0.6801672531034592
0.2344556872829714 0.6796062745624445
0.237629099153301 0.6788739144271572
0.24104381979156642 0.6782347786536707
0.24415412709445983 0.6775338427155022
0.24734356605524843 0.6769117965922088
0.25052422256911466 0.6760619707629358
0.25371503965723874 0.6752123804128101
0.25683227685356824 0.6747368402234489
0.26005828315834645 0.6740395429924001
0.26294072492357223 0.6733671549445881
0.2660954813119155 0.6726307178733342
0.269166946252722 0.6718183332230405
0.2721576418139636 0.6709727473450092
0.2752445111327434 0.6705628070858629
0.2784065945213172 0.6696386855563295
0.2812919459355723 0.6689753381414535
0.28421074602508967 0.6682369829109278
0.287293949282864 0.6675041513102842
0.2901713044393286 0.6665778860063698
0.29330000685066815 0.6660847499164475
0.29624790423077074 0.6654089803202377
0.2992111539540532 0.6646141856310954
0.3020157046843296 0.6639532110022286
0.30513478295682106 0.6632129679897703
0.3080025265563847 0.6626164699900079
0.31055931457556085 0.6617808552276732
0.31354745076045765 0.6612100908577996
0.31637576681138824 0.6603374589492867
0.3192473470282273 0.6597195411150949
0.3220860416555599 0.6590324199825321
0.3248328916215205 0.6582637973535551
0.3276102890979242 0.6574419132697957
0.3304630811851599 0.6566940348886786
0.3331152241154447 0.6562108556206618
0.3359862979143782 0.655131836296795
0.3387867625745782 0.6544480766164158
0.34133734203697685 0.6538116862871064
0.3440553240689378 0.6532367791100743
0.3468937839173073 0.6523194863790063
0.34957779547912915 0.6516634410746907
0.35207200321263865 0.6509855920972569
0.35491010874910844 0.6502105600423764
0.3575658363000578 0.649522728393088
0.36006226701028343 0.6488809667570863
0.36268966670132985 0.6480468389043286
0.36528838443702816 0.6471242424445854
0.36798590725883773 0.6465749525047049
0.3705288152053545 0.6459406290010525
0.37308420680882004 0.6450556818452509
0.37570751062500995 0.6444819244792405
0.37823105061116924 0.6436727505954829
0.3808017365977646 0.643087082778478
0.38335758518379803 0.6422201173215354
0.38580698547328385 0.6414578645086149
0.3883364572149183 0.6405531696950608
0.39083359169895826 0.640005793269025
0.39344716060745333 0.6394411467872376
0.3957096552097866 0.6384941580177315
0.3981766958987558 0.6376117214831811
0.4005497854526193 0.6369329482121442
0.40315806461221937 0.6363686835248006
0.4055572204925588 0.6355462841321329
0.4079677364171299 0.6347038904985445
0.41034242202033955 0.6340366268533857
0.41251947494952435 0.6329792682571029
0.41495253149190636 0.6326103978868705
0.41746498880725647 0.6318248051463631
0.4197786785192642 0.6310480774135379
0.42214995138286504 0.6302949043790178
0.4242922526735735 0.6296778215649413
0.426738937544644 0.6288641140780452
0.42904932993610845 0.6280519818502958
0.43138727325388093 0.6273502875715122
0.4335766368202001 0.6266468605288457
0.43606239885391074 0.6257889180344798
0.43829373921057524 0.6250086391857468
0.4405049809322944 0.6244097056944234
0.4427638261013588 0.6236546263023237
0.4450729774676546 0.6229000893153338
0.447376793039285 0.6222458141164748
0.4494231201340302 0.6213295053066434
0.4517411571958305 0.6205174014480899
0.45389423963998266 0.619991214209055
0.4560702419333127 0.6190498535599052
0.45833231118626694 0.6183756235203293
0.46039385274325206 0.617544111769481
0.46273235020574155 0.6167281670870562
0.4645252151113457 0.6160598665563168
0.46686557933106765 0.6152512182568637
0.4690164980226935 0.6145719489105745
0.471161697579093 0.6137625191477343
0.4733824750213299 0.6131434804235601
0.4752899609584601 0.6124072949567068
0.47742856841778036 0.6113988311447047
0.47955857606188523 0.6109401000964352
0.481522462361472 0.6100486557422209
0.48349798217470963 0.6092974169456229
0.48573073131481637 0.6086682503520526
0.4877497428701377 0.6078833406510762
0.4896876292331861 0.6070626545366821
0.49187351318573047 0.6060896859127929
0.4937757253040449 0.6055980264436268
0.49589670750213366 0.6047019338589704
0.49786962853817796 0.6041189786576373
0.4998160419889741 0.6032579250814862
0.5018777804030173 0.6025992495424943
0.5038558153213262 0.6016007287893336
0.5057512594619026 0.6009614375774119
0.5078940350977263 0.6002060744119775
0.509635272868388 0.5993855668204429
0.5115525064722799 0.5987182134849913
0.5136977556653161 0.5978037424968452
0.5155650611345037 0.5969541092642681
0.517227671222121 0.5961395573140574
0.5194184052524682 0.595633339660433
0.5211781842095231 0.5946307662978219
0.5231196636938764 0.5940720467903229
0.5249718294889272 0.5932915146368152
0.5268252260163484 0.592477625554723
0.528741841325103 0.5915531789416959
0.5305957922025373 0.5908797951270095
0.532427851247187 0.5901245889552087
0.5342672882485362 0.589240416025514
0.5360004221309204 0.5886231270315352
0.537863786674996 0.5879385637567163
0.5397215274249393 0.5870318900695451
0.5415640354737374 0.5863184920440911
0.5434302762535552 0.5854898287181358
0.5451503083659008 0.5847960203889856
0.5469378218071366 0.584096100987956
0.5486982752540275 0.5832903182521701
0.5506041691178828 0.5825362956893696
0.552290074080285 0.5817995648109707
0.5540033393226397 0.5808387309950904
0.5557766037162708 0.5800214019817475
0.5575887275599649 0.5793619763120252
0.559139676344053 0.578515232995714
0.5609155400915354 0.5777207903601282
0.5629074394738847 0.5769646791240558
0.5643987897037996 0.5761306481778588
0.5661362822546542 0.5754459712774851
0.5677615091320305 0.5745519442051397
0.5695804899502457 0.5737312579038025
0.5711879284853933 0.5730975453568181
0.5728396946446734 0.5721202983210704
0.57461857534821 0.5714489473509871
0.5763013679498773 0.5708361182609383
0.5777654409166962 0.5699588288304249
0.5794251580602472 0.5693989202611307
0.5811213599438954 0.568496486568374
0.5826862222348288 0.5677009414472043
0.5842834667406658 0.5667635078741255
0.5859274610840081 0.5659770671135163
0.5875989534974516 0.5651328821847108
0.5891963451235751 0.564265737912143
0.5908842223155912 0.563562589049668
0.59247712477582 0.5628166480156986
0.5938252434374116 0.5619048945342087
0.5956526378612564 0.5613210843932577
0.5971105291100136 0.5603643879489071
0.5986546579925628 0.5597247834287359
0.600353610019364 0.5589245979575388
0.601856268816219 0.5580331188580908
0.6033418274727129 0.5572705383637286
0.6048982307987818 0.5563260255230471
0.6064669217364297 0.5556399906497737
0.6079857027174972 0.5549532307011911
0.6096362054940887 0.5540317037645162
0.6110785572396442 0.5533460620526307
0.6125602380002426 0.5526510348032565
0.614056570439135 0.5518302623499358
0.6154303076703976 0.5510442716545412
0.6170104419850002 0.5500875326682948
0.6186475573815149 0.5493973380916547
0.6199608210921386 0.5485550900307546
0.6215192518478209 0.5477765124618464
0.6227945794596036 0.546917607248196
0.6241669636860737 0.5462970114956418
0.625841589274552 0.5454068347100102
0.6272878080943234 0.5446503278152552
0.6286681059470284 0.5438826786231727
0.6300739826038073 0.5430854553704801
0.6313073817638468 0.5422256793182022
0.6329746527502911 0.5414705067191873
0.6343207624232983 0.5405871809697471
0.6357986000788551 0.5399180238252537
0.6371454613819583 0.5390267856659933
0.6385584874823342 0.5382000325775722
0.6399141599114073 0.5373879026197611
0.6414444836531032 0.5367999246939442
0.6426806000499863 0.5358527135744755
0.6442042483680794 0.5349759805937068
0.6455307910398375 0.5341284851534899
0.646868485008516 0.5333212488683152
0.6480479317575198 0.5326250348561439
0.6495698246494066 0.5318758479568402
0.6507752141207117 0.5310714304307075
0.6522457255864247 0.5300146452800215
0.6536053275703548 0.5292494990493359
0.6548587255759524 0.5285395813508051
0.6561108945724505 0.5276901873387585
0.6575300655354629 0.526969035777274
0.6587109208823977 0.5260834223352293
0.6602997885322425 0.5255957213501796
0.661382141123817 0.5245143222175959
0.6626526182096208 0.5236151002886953
0.6639666761564206 0.5226724647592409
0.6652951945373704 0.5221338652740255
0.6665415628263114 0.5211246211354437
0.667963667746623 0.5204714585929633
0.6690578831879344 0.5196238887362289
0.6703699370619915 0.5190198031246728
0.6715680163339723 0.5180866721301463
0.6730145283978424 0.5174700312533138
0.674085000054425 0.516630528696769
0.6753760975530636 0.5155315504326616
0.6765734807165785 0.5147690091454421
0.6777218481967421 0.5139236278905979
0.6789964874232309 0.513200041907059
0.6803996019742484 0.5125410663135075
0.6814864857274859 0.5114390082285294
0.6827687034154255 0.5107147071555285
0.6839279982820262 0.5098707344677575
0.6851723045005829 0.5091454730638363
0.6863938302249446 0.5083121533131476
0.6875443827396468 0.5073961785561084
0.6886253365676105 0.5064963289333773
0.6898594810094905 0.5058768255841999
0.6912075797256263 0.5050892406298595
0.6922518983316177 0.5041405141400546
0.6935415124536433 0.5033654957033507
0.6944532093236246 0.5026789474211997
0.6957447413275446 0.501949696897954
0.6969347084953259 0.5008699986412435
0.6980474982260746 0.5002345646971682
0.699210045592863 0.49932320324804336
0.7004340643633931 0.4982927537802546
0.7015192164669792 0.49756599683391933
0.7026439647059597 0.4969403245711459
0.7038625218341017 0.4960600827769923
0.7048967069931753 0.49526559888315047
0.7060540754034237 0.4944332252271001
0.7071432072917077 0.4935117142288745
0.7082329345564551 0.49258889552218377
0.7093836394499868 0.49184425226028916
0.7103841340728332 0.4908678550296325
0.711503141383551 0.4902657492002319
0.7127077440786624 0.48930566961246624
0.7137472834545588 0.48858526199125374
0.7148057893477269 0.4876699887267102
0.7158888144917257 0.48699823819691945
0.7170098825882547 0.48585246441757735
0.7180503159120106 0.4852026799269946
0.7192454382965028 0.48444847802076085
0.7202798123426501 0.4836400891654389
0.7211689732848188 0.4826287271597832
0.7222017502047429 0.4818218402231862
0.7233060199947725 0.4810082154028599
0.7243180917892018 0.48026487538035434
0.7253413720226549 0.47948248881650535
0.7264575778129208 0.4785136068429803
0.7276197630599539 0.47765696013297576
0.7284615698061381 0.47712730631329503
0.7295571865630777 0.4760287093635456
0.7305266932651167 0.4752985901524318
0.7316169624962168 0.47430905038965954
0.732638594997095 0.4736130189702914
0.7337639842859036 0.47284347574120644
0.7344652416641888 0.4721175879997761
0.7355506141434065 0.47121590153824633
0.7366423184584565 0.47034968944505706
0.7376287612033945 0.4695239302247134
0.7385485475430527 0.4685344110955617
0.739530533047613 0.46796601664274196
0.740462623562415 0.46705461289838346
0.7414926413204797 0.46617291476980116
0.7425819408759983 0.4653515979159797
0.7434161326739739 0.4643512006654881
0.7443299057933203 0.4637203835324192
0.74523484096119 0.4628837281934296
0.7462411912360352 0.4619987261834353
0.7472443550859911 0.4610633420818676
0.7482843664226558 0.4603068281816348
0.7491797194053151 0.4595147148735671
0.7500315430716316 0.4586386270682925
0.7509864175321362 0.45776746141537794
0.7519663478728482 0.4569895261850324
0.752895243870341 0.4561567272626018
0.7539158254251683 0.4552631697550704
0.7548486526463466 0.4543388292924533
0.7556843099609922 0.45352053479535437
0.7565795125247159 0.45271440717385447
0.7574963701384297 0.45204562624497313
0.7583301277690102 0.45115486349626366
0.7593029513652506 0.4501685648058048
0.7602696097478707 0.44944436842183433
0.7611398055747622 0.4487133468392539
0.7619087250254827 0.4477732477565698
0.7629833996701905 0.4468071879209332
0.763748052530891 0.44607474967263383
0.7646534933420714 0.44537629113688515
0.765604231457738 0.44430207646239994
0.7663392368478333 0.4438135252837634
0.7672345408773587 0.4425237077434705
0.7680261781225945 0.4419979813139646
0.7689657304129592 0.4409869866110101
0.769845751514129 0.44017143795801383
0.7707330187701569 0.43947465253518214
0.7716113871669273 0.43875135709381685
0.7724832566678678 0.4375028731989419
0.7731653173406752 0.4369640937453222
0.7740731653247093 0.435941941485127
0.77511146618235 0.435157396194534
0.775774956301022 0.434393326666491
0.7766562109648607 0.43372485581921016
0.7773774555307622 0.4326076461222006
0.7783569857006711 0.4317965144107574
0.7791641496777203 0.4307743816174986
0.779910694258549 0.43021174406531815
0.7807989640804872 0.42900780058690946
0.7816442594683295 0.42835440395308677
0.7823020597556795 0.42768668087017436
0.7831501947555165 0.42681028975934754
0.7840244887482315 0.4258867081837132
0.7848316670232395 0.4248360696849164
0.7856118954431237 0.4241949453626752
0.7864498577368157 0.42335288942412774
0.7872869267951995 0.42250341323287655
0.7880852519355089 0.42169112876532455
0.7888888896814011 0.42073882855552047
0.789598172731268 0.4198121237007567
0.7902268689558254 0.41913237337043796
0.7910649124106766 0.4183071294354048
0.7919548505135554 0.4173402579489782
0.7926793281647345 0.41640395662230334
0.793468685115515 0.4157365965365156
0.7942908444330145 0.41483590919802826
0.7950231627426441 0.4140698319266285
0.7956576585620192 0.41308683802342194
0.7965676169354776 0.4123831081509912
0.79725683801671 0.4115113472925076
0.7980109827712882 0.41068147675118283
0.7987935216444624 0.4097559202286375
0.7996640259932393 0.40878938113850893
0.8001850456062047 0.40811245537513596
0.8010817348891651 0.4071625754587376
0.8016917804830468 0.40633424696125986
0.8026083835015402 0.40548791649306815
0.8032136305300634 0.40466919806352364
0.8039559925881488 0.40397431176149634
0.8045884648806452 0.40317652041211305
0.8053446791887993 0.40204490260116355
0.8060667747503613 0.4011703195923827
0.8067715862994003 0.4004317778561691
0.8074183241222921 0.3995030035087346
0.8083060204316996 0.3987577290322497
0.8088162695582808 0.397842490458877
0.8095978591945274 0.39716146891045545
0.8103458906283408 0.39611759926235945
0.8110327866566529 0.39550437814569006
0.811835434625575 0.3946747582845944
0.8124195374076922 0.393532546994395
0.8131523087870534 0.39271614878853633
0.8138461662485017 0.39192173553934584
0.8144574427311725 0.3913589210804529
0.8151735223693168 0.39017966625811384
0.8158909046487656 0.3893777554831681
0.8165947604130067 0.38862357842584183
0.8173119824987332 0.3875231191812962
0.8179219363245914 0.3868870961991365
0.8185651425797165 0.38590950454511086
0.8193595845125459 0.385035859664121
0.8198848401874771 0.3843822235058437
0.8205370951056696 0.38329126771359134
0.8212684119642985 0.3823687913671324
0.821768956532591 0.3816085813626333
0.8225521555299963 0.3807442642735288
0.8232060174497622 0.3799316888788542
0.8240357178129567 0.37899974041699724
0.8244874930709647 0.37822274224749597
0.82520950963974 0.37710491515697986
0.8257954921168315 0.3765684710567424
0.8265265486446565 0.37575310137016116
0.8271038473343535 0.3748662211596616
0.8276634748863541 0.37397487524463857
0.8283193469747147 0.37281395977595966
0.8290565514180912 0.3724629708861652
0.829654863362712 0.37147846565990417
0.8302285894880905 0.37050014187819014
0.8309548597723353 0.3697222160164939
0.8314284779208464 0.36894432752317907
0.8320037204410456 0.3679473367672761
0.8328119386472577 0.3672258556593627
0.8333471895678928 0.3663388657419142
0.8339196573735699 0.3652874509449655
0.8346035480976106 0.3646439471420464
0.8352368672109772 0.3637259973684671
0.8357816892082748 0.3630378406703817
0.8364191607286469 0.3619219908777135
0.8368886828439407 0.36117517649766473
0.8374895061554353 0.36018204292375533
0.8381530114649381 0.3594022294019378
0.8387370088207178 0.358575502599184
0.8392880283701849 0.35771869082790786
0.8399021683199845 0.35679656774316104
0.8405509357163818 0.35584587053133077
0.841014772787154 0.35504825561987063
0.8417509138846221 0.35433010918757735
0.8422939907284099 0.3533622401790042
0.8429963856706773 0.3525967927009285
0.8434553669876496 0.351830847319752
0.844110654519495 0.35096281647104066
0.8445152295721206 0.34993376555534783
0.8451726796239541 0.34897041599316037
0.8455887222841664 0.3483373396763201
0.8461847634058419 0.3474479623031361
0.8468261532204782 0.34654376490982763
0.8473762061938898 0.3457703622257686
0.847954457329505 0.34500454417817306
0.8485014289651266 0.3441482480725042
0.8490436023101842 0.3432171594030232
0.8497747869499022 0.34216512802132915
0.8502080339666626 0.34130188978788023
0.850728722036865 0.34050212330841656
0.8513006516662421 0.339832982245572
0.8518113057657762 0.33882426816104316
0.8523274442979875 0.3381115642625365
0.8529158344853919 0.33713169467628745
0.8534076324224605 0.33625632333310473
0.8539427303044789 0.3355632164985368
0.8545392359498372 0.33456099111775084
0.8550367487253963 0.3335937850275247
0.8554748848323124 0.3328720374190898
0.8560865194329939 0.3322069561813723
0.8565885230863849 0.3312711546250279
0.8572023474985094 0.3306188397148261
0.8576984337736796 0.3295467049090074
0.8582147928547594 0.32874253640905704
0.8585987472387552 0.3276152474410614
0.8592501221079407 0.32682309847244295
0.8596514946415656 0.32592765201303553
0.8602775573913072 0.3252418624030037
0.8607434778931276 0.32444704806677627
0.8612850836272112 0.32331507515972
0.8617718771682257 0.3224667035540474
0.8622432272003249 0.32190914321722985
0.862686755923415 0.32082979603620154
0.8631922734052259 0.3202655807367534
0.8637496811572749 0.3192059763335183
0.8642107017028399 0.3182069988806009
0.8647347121560347 0.31739557002420093
0.8652424592213902 0.3165727029209807
0.8657480129603848 0.3157250039419949
0.8661981108998802 0.31467668661239145
0.8667083841344014 0.314043696807344
0.867160492873706 0.3132095065838709
0.8676380687141881 0.3121886141277246
0.8680981807545567 0.3115205319892652
0.8685780051568787 0.31079056279365447
0.8691379272048045 0.3096364965340196
0.8695399168026345 0.30888325607427647
0.8700159125556951 0.3080500813736564
0.8705407753581088 0.30711262059061106
0.8709495163820273 0.30633754720328843
0.8715148984705727 0.3055226968550475
0.8718498758525903 0.30495718497116897
0.8724126520433226 0.30382367097290874
0.8729402091017014 0.3029294841491529
0.873343284400726 0.3020364211372034
0.8738612072803452 0.30129485873018846
0.8742816921128376 0.3003053672881537
0.8747212039114854 0.2994161782223037
0.8751463916300283 0.29857719268796745
0.8755612734159027 0.2978865963981271
0.8760022053689622 0.29676189075806503
0.8764250268910124 0.29602076466701377
0.8770199049421973 0.2950336493114537
0.8774355269485399 0.29427622154925437
0.8778544618940362 0.293464535256877
0.8782894857682839 0.2925853237718469
0.8788132301685367 0.29213859645238194
0.8791434111064064 0.29102526973605514
0.8795699604831319 0.29000008722432313
0.8801165222503621 0.2892053882018787
0.8804642961032663 0.2881627282849508
0.8808817262099845 0.2875621994076777
0.8813137028478608 0.2866123719569924
0.8818179321762616 0.2859001121551781
0.8820951385047977 0.28489104282510636
0.8826254247009188 0.2840596397421533
0.8830800176329712 0.28343657453714044
0.8834876947593375 0.28244155678569194
0.8837852720755032 0.2814886388715424
0.8842769903455561 0.28090302623670116
0.8848130407980378 0.279962687107678
0.8851256767191494 0.27920486119046495
0.8855230816268008 0.2780971548489112
0.8859062969328393 0.277503880671525
0.8863669196622149 0.27629333667501166
0.8867963434641951 0.27563429427191366
0.8871913555778883 0.2749518617954013
0.8875550839600113 0.27374102539246525
0.8879716599523738 0.27274616177407385
0.8883603892663543 0.27221058838110124
0.8888157616727872 0.2711944582951763
0.8893181789848656 0.27060779542471747
0.8896716510141903 0.26974227078248303
0.8900665766740972 0.26884897459555224
0.8904808575114957 0.2678834195803157
0.8908479811512694 0.2672121645459229
0.8911741627943706 0.26614422222431977
0.8916383422355176 0.26547101252294625
0.891964443627752 0.26480268400611107
0.8923179290457967 0.2636989736680384
0.8928275557545369 0.2628742861159624
0.8930794849463483 0.26205238470237846
0.8935184163799201 0.26109658679962233
0.8938878164423529 0.2602207604796234
0.8943777466326018 0.2596600320839596
0.8947344451141972 0.25858651491774454
0.8949986739513974 0.25782655200105786
0.8954386147903408 0.2569276586141962
0.8958585893916663 0.25597175699687225
0.8961937350344761 0.25515184862512363
0.8965467920385394 0.2543274594568581
0.89698624537723 0.25356746076075376
0.8972742517206489 0.2527769051947726
0.8978136605790377 0.2517674351631729
0.8980438264863599 0.25092712978375864
0.8984452149242234 0.2502608973027747
0.8987215152232907 0.24930481411085292
0.8991584741530269 0.24855169556024725
0.899457607730577 0.24760201755981837
0.8998387250589964 0.24685126005848734
0.9002797464721513 0.24623512494165034
0.9005943568206378 0.2452215039921246
0.9009835758462023 0.2444510545472547
0.9014325145850174 0.2434716660282673
0.9017211905900988 0.24266984715455353
0.9020190495530277 0.24191985250939751
0.9023550759729595 0.2410228509535569
0.9026501648164994 0.23999565446099946
0.9030290866699318 0.2392626390942192
0.9034066362884389 0.2386484808013798
0.903751107417349 0.23760708628213656
0.9041623588895524 0.23659431563961475
0.9044785477990401 0.23599729596760244
0.9048712573942702 0.23513914134541392
0.9052539183325781 0.2340811838065735
0.9054977355159131 0.23337399759600597
0.9057738727778831 0.23257750243507225
0.9061890263393501 0.23173801293543517
0.906499897868138 0.23063040838354631
0.906861554735744 0.2302402779467183
0.9072415147132663 0.22915476783116395
0.9075472986313786 0.22830227805553183
0.9078207835242984 0.22740319027909872
0.9082527993954963 0.22676202065612705
0.9084830125675479 0.22596272703302311
0.9088523166578166 0.22502807482391807
0.9092697378958117 0.22420354903228434
0.9094448048039777 0.2234555992365943
0.9098677987018963 0.2225447134624281
0.9101940710044726 0.22163356727629346
0.9104765519074429 0.22092915310969685
0.9108381686449387 0.22006278637935128
0.9110616333502711 0.21919003565155726
0.9113831553248511 0.21816127026494625
0.9117893100335646 0.217643568241905
0.9120063798097888 0.21679456200092373
0.9124136849566726 0.21614095801462752
0.9127010604478852 0.21501919891228793
0.9130709787234266 0.2144055637682808
0.9133183342432855 0.21354637552988232
0.9136235484994597 0.21265526300549598
0.9138960054912424 0.21176346246662647
0.9141711470357122 0.21094787812016724
0.9145221813610032 0.21031524987339467
0.9148300928039338 0.20929874521030356
0.9151763105998241 0.20855973662281346
0.9154241005435175 0.20769069927304062
0.9157867183604962 0.20689967351445226
0.9160429260686681 0.20606227524366794
0.9163948611474992 0.20515684133680145
0.9166986458645194 0.20430224122408558
0.9170431026395413 0.20362059757876905
0.9172113129302251 0.20289627702305402
0.9174950751595997 0.2018670256173688
0.9177731941558464 0.20096645519796952
0.9181459405858743 0.2002606117307001
0.9184074402190596 0.19941364953994467
0.9187426580496796 0.1986208004637452
0.9190083528210338 0.19786736984481457
0.919232558444616 0.19715164430515897
0.9195673521721734 0.19626524712634374
0.9199624244356467 0.19542678499243782
0.9201936259303258 0.19455067466604936
0.9204609828818773 0.1938835589815523
0.920779422804949 0.19283992790068005
0.9210249711852955 0.19196948997696484
0.9213233912527721 0.1911828771383658
0.921515697452813 0.19055839453444867
0.9218422301176846 0.18984449797969427
0.9221486733640432 0.18886631791158526
0.9224242415848022 0.18798234407198344
0.922787726000117 0.1873227347685923
0.9228823813668131 0.18653726768031242
0.9231980221451962 0.18562242855597888
0.9235664753515792 0.18492198037259544
0.9237823706691113 0.18386381015050235
0.9240751859742693 0.18318106816099433
0.9243665438493694 0.18249345810802642
0.9245978411947174 0.18130485107076721
0.9248881855401606 0.18070125777092905
0.9251733740323572 0.1800207978288385
0.9254510888287939 0.17895868594978448
0.9256738099796537 0.17844344123782618
0.9258808372365108 0.17736569946289105
0.9261738163774275 0.176867496118848
0.9263840530720412 0.1759357543279192
0.9266808590483266 0.17530035360030127
0.9269644926898233 0.17444199693825702
0.9272656713636851 0.17371363386298966
0.9274936064894835 0.17261116515777497
0.9277552464412492 0.17185963234084767
0.9279968469873223 0.1711575781405964
0.9282130952073525 0.170377915476829
0.9285046167911138 0.169482062667629
0.9287642959745885 0.16872360670083253
0.9289729638145275 0.1679784620545599
0.929255603252952 0.1671063208453658
0.9296184573430616 0.1664320759165847
0.9298003184578703 0.16561461852363413
0.9300182166105435 0.16476922896388402
0.930298996426504 0.16403992900582742
0.9305546353952838 0.1630775641236597
0.9308154043828418 0.16241865115342347
0.9309984760044181 0.1616743382910103
0.9312915043205467 0.1607810468273655
0.9314609661110984 0.16005557997108
0.9317263581431453 0.15933749337551906
0.9320204462661636 0.15849887642854243
0.9322655780662068 0.15761696173634931
0.9325220624304738 0.1569568414427196
0.9327750508012638 0.15604761607573092
0.9330366324610853 0.1554993520314607
0.9331960765853539 0.15457756336367223
0.9334914839881673 0.15372633929392132
0.9336938276751398 0.1531222302577142
0.9339428979272579 0.15237128956812396
0.934172205141684 0.15144045472543044
0.9344134974279786 0.15075493779393534
0.9346224364358313 0.14976550420560064
0.9348653360394569 0.14939640436367407
0.9350427494565682 0.14832338171511905
0.9353221854659848 0.1476157071065527
0.9355966510875463 0.14658763771886285
0.9357551967120237 0.146166199081476
0.9360337407222504 0.14517371662076473
0.936253744433859 0.14441389978795616
0.9365284427840472 0.14391510207351688
0.9365956311415665 0.14279867377913202
0.9369703291128941 0.14224058121265382
0.9371188004388524 0.1414171557254118
0.9373759898306021 0.14054578822096575
0.937579190673057 0.139862212244806
0.9378540918832807 0.1392586246787494
0.9380956607350698 0.13839642965579046
0.9382250491500854 0.13787352750612203
0.9385072107331034 0.1367557981536044
0.9386240394122052 0.13607655494627657
0.9389302833165176 0.13529315921146778
0.9391584525459961 0.13441676851209794
0.9393401379059977 0.133924899195777
0.9395317832720651 0.1329802421283366
0.9398171701441226 0.13227162666523218
0.9399800935726862 0.13141894014126987
0.9402529953849278 0.13072198551220238
0.9403605991884062 0.13008426584894273
0.9406627863555737 0.12929501091738482
0.9408242090867444 0.12855109744788973
0.9410293462682054 0.1275939119416002
0.941261259424375 0.12692566388341797
0.9413882524183461 0.12620063201445253
0.9416771064607771 0.1253671830296288
0.9418859877751203 0.12460622453297587
0.9420707628079672 0.12384393320021148
0.9423217177555375 0.12320972188040291
0.9424709642395366 0.12250658604011033
0.9427129063513373 0.12173988042138484
0.9428505104826395 0.12093197506755593
0.9430128593708453 0.12021384167010485
0.9432312700827441 0.11938820282015616
0.9434662361262428 0.11891622531238588
0.9436657307022304 0.11807396188606945
0.9438931470485739 0.11721691658980682
0.9440584511190407 0.11669101071089116
0.9442096640504853 0.11579791884211277
0.9445143161240752 0.11514327121637968
0.9447227606516065 0.11449384333259705
0.9449272046234747 0.11368975416474891
0.9451137103469456 0.11268633730356437
0.9452408444728404 0.1121535979735091
0.9454814296455903 0.11141025958619144
0.9456307799272852 0.11079131137657572
0.9458490844794417 0.11009197874442966
0.9460539037756447 0.10923312634895088
0.9462298151868243 0.10858318182504612
0.9464417835218168 0.1077539569667667
0.9465774430703099 0.1071864008339003
0.9467732637028471 0.10633850869948624
0.946961187111815 0.10553128505555898
0.9471763654212373 0.10479495989906218
0.9473549243330555 0.10422044960755672
0.9475796475820233 0.10330297982090353
0.947714525069917 0.10283818024252356
0.9479819351807527 0.10212172535351549
0.9481157652942254 0.101536352060827
0.9482865207116037 0.10060500421889562
0.9485006913458678 0.09990223483145477
0.9486145269881997 0.09911984368223548
0.9488549907022824 0.09837423325354422
0.9489731119836111 0.09788927101556244
0.949183199550919 0.09712369844356428
0.9493560984827552 0.09641422000764743
0.9495106428768174 0.09543135588277551
0.9496453896927497 0.09508269916979761
0.9499293051597217 0.09450938314794088
0.9500517060821932 0.09366115687608689
0.9502788858419582 0.09279828292907177
0.9504486288007441 0.09207616793325424
0.9506103186084092 0.0916416570024422
0.9507802081550911 0.09077195243602543
0.9509597279708522 0.09011560888771819
0.9511638019324602 0.08937655084147245
0.9513193699110386 0.08874584837185173
0.9515113853397824 0.08812471274989186
0.9515885934429404 0.08756893505752084
0.9518214727711852 0.08674339758021643
0.9518980447952486 0.08603412733811111
0.9521432790951091 0.08531776591316431
0.9523138675655052 0.08465893692813364
0.9524852844761952 0.0838666574642013
0.952672560111149 0.08319608199873518
0.952833021419514 0.08280298725701374
0.9529891098433109 0.0820070196043381
0.9531558098531455 0.0811593975111482
0.9533190077732443 0.08067575764049739
0.9534947207154895 0.08007960763524424
0.9537081952923723 0.07920530985038354
0.9538167378797606 0.07855687708738324
0.9539866066224068 0.07797397533374129
0.9541278313750593 0.07741876217979338
0.954290586789628 0.07676486506019264
0.9545040553459538 0.0760491820991871
0.9546071311512625 0.07531679308269978
0.9547575938109989 0.07461466545159057
0.9549836533610871 0.07398829715426569
0.955073422172363 0.0733696942244133
0.9553415796705355 0.07294176222283211
0.9554177122115327 0.07219131674672663
0.9555062221004272 0.07151230556327026
0.9556452362329323 0.0708710768764782
0.9558433468314721 0.07013398066887333
0.9561100894406462 0.06944367038844967
0.9561356183281013 0.0689976273064542
0.9563840710450023 0.06827975319593693
0.9564374530428994 0.06772718048299309
0.9566905970913715 0.06687370527729064
0.956841191493651 0.06630231560238686
0.9569646158513083 0.06574117287739056
0.9571135067804227 0.06515721945809816
0.9572813966841406 0.06440416662183379
0.9574263212066592 0.06388606664288576
0.9575448038894124 0.0633149156150562
0.9576959149065353 0.06260469112677192
0.9578686903009047 0.061940361931411725
0.9580525194533281 0.06133579797884936
0.9581098934945843 0.06082159350395322
0.9583123195740447 0.06013489535734329
0.9584084245020975 0.05947905794089736
0.9585368933628257 0.05885058196926107
0.958732201742454 0.05841124146458476
0.9588843889793126 0.057730938686676
0.9590678783281708 0.05716225595249447
0.9591166054055451 0.05668044664065863
0.9593450049856932 0.05601986787760349
0.9595159369664631 0.05522015274288605
0.9596273230075858 0.05467372951828331
0.9597615967100884 0.05399253491768341
0.959843151144664 0.05353271173898677
0.9600113769434561 0.0528112181816035
0.9602091671670152 0.052229873979170005
0.9603247710706693 0.05172379534253446
0.9604599922088448 0.051197596901954245
0.9605271683457626 0.050461343484413446
0.9607428857727784 0.049932415585499434
0.9608998829151255 0.04931958400855796
0.9609675871100274 0.048856188565352676
0.961152721083589 0.04819583784121906
0.9612709583056389 0.04753507757086861
0.9614049453987479 0.047149334090525796
0.9615401898146992 0.04655840234848674
0.9616743317079949 0.045952304402441135
0.9618104176220023 0.04539456538669795
0.9619756634248481 0.044940137168560046
0.9620732446764073 0.04435259955359461
0.9621865932196011 0.04379805168237483
0.9623421129720606 0.043191335253995655
0.9624605489452305 0.04265887445179539
0.9626275971664788 0.04206978054261057
0.9627085877107113 0.04157673163048092
0.9628704030816412 0.04089848801086293
0.9630248881609228 0.040588267416079016
0.9630700307784669 0.03992529752615481
0.9632175445890224 0.0393390573548944
0.9634044302076796 0.038924768058606674
0.9635399653174757 0.03833899476539371
0.9636008839857052 0.03798919140032542
0.9636971558536633 0.037206457012668115
0.96387367149705 0.036797609520978325
0.9640582730748292 0.03631050144696357
0.9641193648384712 0.035634413063381
0.9642633492117085 0.03534356484261725
0.9644056952675258 0.034673593436814865
0.9645156989890679 0.03432868622784013
0.9646824966935225 0.03361938354718863
0.9647421026720169 0.03310109258845273
0.9648576995858358 0.03260081571786211
0.964994516145753 0.0322766407147943
0.9651726222112559 0.03165653419928882
0.9652707924299605 0.03115706083424341
0.9654071501730176 0.0307422120649824
0.9655341407781146 0.03013664313028186
0.9655982493201866 0.02970293922957301
0.9657427427175865 0.029220957615670118
0.9659225468297824 0.02881169323541788
0.9659701874397508 0.028174414817390914
0.9660756596573605 0.027835681497458853
0.9662109177733686 0.027220423312162123
0.9663557788411038 0.026934618343972816
0.9664493897232586 0.026390082718023233
0.966556433500805 0.02588860908425694
0.9666708087762561 0.025374897289414444
0.9668184345722053 0.025063674522391666
0.9669332200958518 0.024432154719751353
0.9670473742305521 0.024067691282055326
0.9672117278343048 0.023619910870127492
0.9672538352751203 0.023197114905134986
0.9674199463472123 0.022761994426453658
0.9674853003175728 0.02221824191571231
0.9676465431619704 0.02173874718127755
0.9677724477811673 0.021414736695734238
0.9678354247209452 0.020993289560789052
0.9679128107125309 0.020473354896614837
0.9680559000171126 0.020189498465783884
0.9681364771059109 0.019715127184241732
0.9682960482863175 0.019366532848276163
0.9684453869200239 0.018839315681345115
0.9685522951053804 0.018434665719325283
0.9685980236645498 0.01798716115704957
0.9687529144710314 0.01764724241176907
0.9688176894763292 0.017353007966719236
0.9688583087530901 0.01682076611797989
0.9690190039286564 0.016445461619496338
0.9691383447390942 0.01609249145128544
0.9692943176334994 0.015760917541076447
0.9694014314964694 0.015295529212663417
0.9694951984244851 0.014971632214404673
0.9695185727701625 0.014425358846884562
0.9696520525880079 0.01408034894638066
0.9698369373137212 0.013777501491589406
0.9698738418439684 0.01338442443143728
0.9700138044671248 0.013138761763109685
0.9701526354027321 0.012715251586625231
0.970204879386589 0.0123638111323906
0.9703198812586735 0.012061117482756067
0.9703884553059979 0.011679225556258888
0.970520285646816 0.011422866081325367
0.9706322454910431 0.011148472952164146
0.9707109684131668 0.010756493162497605
0.9708458687307437 0.010423334515560878
0.9709240753229219 0.010089727938367155
0.9710457253030916 0.009750286500535554
0.9711710262336887 0.009397833924992716
0.9712424114558839 0.009249715996063057
0.9713350835166271 0.008874831565048424
0.9714520621086353 0.00841776611322198
0.9715591493352362 0.008295631221800881
0.9716339694592013 0.008030693865060612
0.9717216138437444 0.0076483445849599985
0.9718609469998187 0.007368138852883899
0.9719686794682563 0.00706156510903988
0.9720009278126681 0.006740774858699172
0.9721163367059488 0.0065925352387413705
0.9722329264167613 0.0062149148968926315
0.9723385049980551 0.006048514543966821
0.9724089177959989 0.005776741847275391
0.972549887009715 0.005374132626947192
0.9725843073482906 0.005262022887904894
0.9727233820361507 0.004972545414485885
0.972826812800127 0.004800092899134634
0.9728997190709481 0.004584040651604782
0.9730017369421743 0.0043742085608542425
0.9730664265226007 0.004065242373594624
0.9731990000083824 0.0038213285087522753
0.9732585724436239 0.003735480836217664
0.9733280332918778 0.0034943224072639945
0.9734631973012462 0.0032346036861009564
0.9735674616584693 0.0031393486767765655
0.9736653206230494 0.00297268755737512
0.9737676634573168 0.0026563021665546582
0.9738600934116084 0.002545176208191502
0.9739250610782073 0.0023805155856664317
0.973981026779233 0.002214679647474904
0.9740772894763372 0.001964573146102877
0.9742144656534388 0.0018815629406604417
0.9742868615771885 0.0017004990586587665
0.9743776552916987 0.0015785617199979285
0.9745064107935199 0.0013861326511450667
0.9745699120344596 0.001278601479711483
0.974631246890062 0.0011460305544137572
0.9747141330716617 0.0010376266088915065
0.9748156468156536 0.0009193972143858309
0.9748424098912694 0.000799076763056572
0.974986778651374 0.0006716420557272285
0.9750000877696196 0.0006246866767057879
0.9751743148234121 0.0004995571950954236
0.9752407635766107 0.0004894334263586542
0.975375964394905 0.00038732477965952583
0.9754017069547852 0.0002935776607386753
0.9754938078339035 0.00023357741477192384
0.9755815206495314 0.0001838279639442275
0.9756790055976623 0.00013922587375281292
0.9757566295054889 9.435512957456371e-05
0.9758074678515273 5.739410788985211e-05
0.9759803554194255 3.886054195745281e-05
0.9760653781850755 5.672752380059265e-07
0.9760949812685017 -9.897223984811632e-07
