#C1_inf,C2_inf
0.0 0.7213919714558841
0.0009761448259329737 0.7206985184958467
0.0019523805179234798 0.7199852070282446
0.002928431252151627 0.7192544909498262
0.003904981794801991 0.7185016133041923
0.0048809896740181335 0.7178038715725811
0.005856994436940478 0.7170626021582781
0.006833532804339279 0.7164933439643693
0.007809290381158371 0.715578428870806
0.008785396809708862 0.7149840206671098
0.009761598053919466 0.7144636929057565
0.01073787383153724 0.7135562856654948
0.011714067286440486 0.712719037760376
0.012690359357250996 0.7121612541583486
0.013666694150958291 0.7114754870414614
0.014642635273087803 0.7105786792213308
0.015618681525607605 0.7099729684605862
0.01659454158610939 0.7092445620716181
0.017570475286238167 0.7084936561478711
0.018547231944263692 0.707782090676227
0.0195228799347391 0.706988325000645
0.020499951461217678 0.7063424354962448
0.02147604175045478 0.7054802987918969
0.02245268228440039 0.7047274033398624
0.023428502052918604 0.7040735958201773
0.024403538793175004 0.7034066497422939
0.025378854265985927 0.7026583300778358
0.026356873239006776 0.7019446904607523
0.027333342039996936 0.7013023520811592
0.028310692109605913 0.7005630675257795
0.029285847679052155 0.6996702963501898
0.030260048529912254 0.6990722235254642
0.031239240190838544 0.6983160619356588
0.032213671732856164 0.697796513543218
0.0331910695386586 0.696929568435412
0.03416520392562793 0.6962346843262762
0.035143495711520804 0.6953897291453014
0.036117430525065455 0.6947905715953122
0.037094002576871225 0.6940094901422995
0.038070649441551106 0.6933002271330472
0.03904564108217328 0.6925790828918416
0.04002318750753795 0.6919440394215227
0.040999167380862594 0.6911088759336208
0.04197669596130146 0.6903762434077253
0.04295350151262876 0.6896469854309301
0.04392816049056213 0.6890036160143532
0.044901858027488376 0.6881204390212595
0.04588039331221026 0.6875282005116701
0.046857377991438354 0.6867931509166413
0.047832492427310705 0.6861301643273208
0.04880889901506257 0.6853511731414014
0.049783938979985586 0.6845954865309476
0.05076085713492323 0.683965151179983
0.051736715144507 0.6831772364191578
0.052714808571751336 0.6826217431035705
0.053691656195096436 0.6817974755819303
0.05466418690582179 0.6809759294911552
0.05564306525361635 0.6803126648407913
0.056617301965321554 0.6795535080804103
0.05759145528713489 0.6789503738237861
0.05856992147871654 0.6782139066295522
0.05954622065454035 0.6773570096366816
0.06052159965004472 0.6767423273596491
0.06149752225121558 0.6759997057041501
0.06247660136582928 0.6751680895325265
0.06344939382906144 0.6746369616726481
0.06442809546201621 0.6737638252591754
0.06540194118477743 0.6731267805433174
0.06638338596656554 0.6723921721927242
0.06735436532967824 0.6716710323156961
0.06833201186879742 0.6709060699388404
0.06930905791856225 0.670337994545081
0.07028248797729846 0.669388755056809
0.07126324364969448 0.6687825661678257
0.07223663431994662 0.6680896033731445
0.07321113644231192 0.6672588167495983
0.07418685518267193 0.6666392216617268
0.07516697678435276 0.6658480318261301
0.07614053892722474 0.6652560553993371
0.07711671013035808 0.6644357837735587
0.07809384792791843 0.6636352852274461
0.07907216481778462 0.6629819243897318
0.08004540666856677 0.66222313065296
0.08102676577345483 0.6615691346294392
0.08199653264294995 0.6608669965107543
0.08297636714178819 0.6600068402256
0.08394895210683341 0.6594347483485169
0.08492905896914703 0.6586327296894835
0.08590310882941062 0.6580054675800884
0.08687893156264535 0.6572147426364164
0.08785384004583327 0.656578609106939
0.08883184787061268 0.6557340836018459
0.08980702749739886 0.6551184741584297
0.09078428703239444 0.6543229053553961
0.09175579488181354 0.6536866208672029
0.09274052553642367 0.6528033689052858
0.0937109682318144 0.6522461269571854
0.09468963514609656 0.6514499495007812
0.09567136375162565 0.6507839173672618
0.09664349305146491 0.649973387380713
0.09761558004956553 0.6493000635618541
0.09859637533089582 0.6486974111269803
0.09957199449750229 0.6479105292570787
0.10054519144099944 0.6470906997442576
0.10152302170971958 0.6464650309665417
0.10249725754987962 0.6456746952695807
0.10347536378384407 0.6449979186544914
0.10445434779841481 0.6442793760978138
0.10542663896388552 0.6435038476597383
0.10640366235547952 0.64272721089811
0.10737812377441032 0.6421000566773737
0.10835921152240495 0.6412536273536938
0.10933309870783807 0.6406161379048186
0.11030411414666984 0.6399634755920814
0.11128643503069174 0.6392901156389701
0.11225957604205983 0.6385281353000828
0.11323633277070573 0.6377854445298685
0.11421599225412879 0.6371096825292759
0.11519679579149217 0.6362684269746834
0.11616566761851424 0.6356293250587163
0.11714158793466034 0.6348265069196147
0.11812225814145529 0.6341891023265639
0.11909184866822607 0.6333937909528043
0.1200695636720676 0.6327385551310801
0.12104456142184358 0.631914528782292
0.1220134296358512 0.6312900259170079
0.12300099730041206 0.630601668425495
0.12397217387590331 0.6298269235552721
0.12495115270190064 0.6290486001331131
0.12592246466529064 0.6283345950350995
0.12689842603545368 0.6276085647324746
0.12788056747245571 0.6270178137597996
0.1288566891942155 0.626245555692341
0.12982785658211665 0.6255764809546147
0.13081260673180986 0.6247956499412104
0.1317882841460837 0.6240097445355637
0.13275959679500993 0.6233755904451711
0.13374065337647725 0.62254950078805
0.1347082008604037 0.6219823087841957
0.13568620770768908 0.6212090808245707
0.13666150790853548 0.6204324231546336
0.13764638104948232 0.6196302169695417
0.13861543585162886 0.6190140452111691
0.13959883596684444 0.6182682250608574
0.1405710063431769 0.6174891125740459
0.14154578703817808 0.616794661740103
0.1425207436714972 0.6161061453549747
0.14349956427556057 0.6154157388369029
0.14447783392577465 0.6146173795275662
0.14545926435485868 0.6140929171694328
0.1464238407898781 0.6133211577015005
0.14740883170105035 0.6125417450232986
0.14838280147583 0.6117159892040113
0.14935342782833008 0.6109258118568827
0.1503296442992804 0.6102888468938079
0.1513101666454297 0.6096897327654499
0.1522791796258237 0.6089304365229644
0.15325927699294983 0.6081278902250378
0.15423744391766875 0.6075498110745386
0.1552134353207232 0.6066967206857802
0.1561852461695313 0.6059435577741085
0.1571671034341665 0.6053652060889477
0.15813917024775706 0.6044829600663224
0.15912003285098636 0.6038946868062128
0.16009665226712105 0.6031471757939761
0.16107178255874774 0.6024700852233081
0.16203256317039744 0.6017839577222704
0.16301871361071416 0.6009531207279165
0.16399287319532008 0.6001999509080397
0.16498111784423844 0.5995132594210124
0.1659506585783175 0.598838587427347
0.16692875445668862 0.598079756044841
0.1678932248445906 0.5973746109399826
0.16888734465611463 0.5965899912857019
0.16985869963872874 0.5959287313189948
0.1708388297367759 0.5952060415626328
0.1718038757965625 0.5944962577891683
0.1727893530082729 0.5937297793802333
0.1737506055435643 0.5930291445394288
0.174742309253965 0.5923360016145899
0.1757166599558598 0.5914714183986266
0.17668237362697287 0.5908546083685328
0.177665483732274 0.5901451592422744
0.17864900528914412 0.5894187327229822
0.1796159612030156 0.5886886014638162
0.18059404241046403 0.5880182850779014
0.1815720105663551 0.5872548032916097
0.18254572565586874 0.5865410422739366
0.1835221197339471 0.5858029364460535
0.18449940285685112 0.5851080822398065
0.1854820134347302 0.5843687502676833
0.18645629598960065 0.5837593047921296
0.18743298202079484 0.5829148684916433
0.18840190538231272 0.5822602667973126
0.18937826801519056 0.5815147169744412
0.19034899324010904 0.5806917747215148
0.19132291678662258 0.5801255862642937
0.19231049197882485 0.5793685433525385
0.19328560894718053 0.5786262833592875
0.1942536513360366 0.57785812515937
0.1952273713856302 0.5771026890593793
0.1962085154972447 0.5764341129105572
0.19718628987796352 0.5757052137840439
0.19816519686299117 0.5748450468899137
0.19914484322212786 0.5742994692699703
0.20011839149322816 0.5735794199700799
0.20109604941185538 0.572768160831075
0.20207782138741812 0.5721492142496158
0.2030415828949744 0.5713148066026713
0.2040253976963029 0.5706233839995208
0.20498831115108795 0.5699449486509116
0.20597328269087606 0.5692590685036338
0.20695971754346226 0.5685063566927887
0.20792700846553946 0.5678061193734905
0.20890060300160956 0.567125116081545
0.20987906699062728 0.5663188846118647
0.21085529693662897 0.5656221183320491
0.21181749110398027 0.5647108969949013
0.21280733128984994 0.5641912863449325
0.21378840859698434 0.5634703461065711
0.21475758602400524 0.5627996267529066
0.2157334232964114 0.5619599847650179
0.21671198630227478 0.5613259284290292
0.21768881674158103 0.5605555890412511
0.21865667349770157 0.5597813617305076
0.21965034078186443 0.5591980001570465
0.22061022991933157 0.5584430654139961
0.22158963347032415 0.5577078737824943
0.22256615550526465 0.5569171809984583
0.2235446871523451 0.5562543824744605
0.22451964662594476 0.5555602197238136
0.22549327450371498 0.554725940933597
0.2264669163770201 0.554171514281827
0.22745485350138184 0.5533739882686088
0.22843081091587875 0.552642230240475
0.22940136157578941 0.5520106217035525
0.2303832267800548 0.5511884193433386
0.23135410837016393 0.5506133644985294
0.23232888863522844 0.549819592623861
0.23331416205247604 0.5490360172897547
0.2342830700889248 0.5483569337327273
0.2352546767349117 0.5475712097982419
0.23623300764490318 0.5469166472307568
0.23721419008585878 0.5461345664268568
0.23818175883652706 0.5454139205380139
0.2391642206224724 0.5446426507996932
0.2401380674350677 0.543985957825159
0.2411139788179508 0.5433693474014154
0.24209195594332789 0.5424866543280072
0.24307302395617614 0.541809488425322
0.24404470308482354 0.5410865612696687
0.2450050848175888 0.5403006038964563
0.2460084284952611 0.539492412816504
0.24698175378329804 0.5390020697615716
0.24794790790294052 0.5381385146688451
0.2489168704985171 0.5375234118860903
0.2499065954481304 0.5367330820775074
0.2508796649044635 0.5360013071516179
0.25184266662002874 0.5354055304278705
0.2528302979910488 0.5346129712036025
0.2538194441476581 0.533861438421939
0.2547808276736897 0.5332145796716535
0.255764043766119 0.5324425714024764
0.2567437155426699 0.531699332131838
0.25770340916961587 0.5310865999435904
0.25868146540807496 0.5303089011985838
0.2596562363101609 0.5295677015377153
0.2606314699328219 0.5287873995358042
0.2616120529172078 0.5282574150567415
0.26259098133207726 0.5273835728249051
0.2635681695064843 0.5266723593685005
0.26453540526629526 0.5259052431999439
0.265516804414448 0.525258836847886
0.26650138695438574 0.5245534168092831
0.2674683740031214 0.5236792759829724
0.26845347275819514 0.523098069511132
0.2694212704409566 0.5222613532509781
0.27039804863112243 0.5215701647643869
0.2713640488460449 0.5209634638523412
0.27234835395496315 0.520193960859639
0.27332480105706175 0.5194036202089233
0.27432097280893303 0.5187512794736172
0.27528955520768617 0.5180670268667489
0.27625480744225095 0.517283096302549
0.27724528473125776 0.5165746809977754
0.2782051636041754 0.5159120326696137
0.27918687681736537 0.5151301886993888
0.2801481341655421 0.5144667677432744
0.2811368131749819 0.5136408071589093
0.2821090476346532 0.5130110139920634
0.2830933738860333 0.5121494125814072
0.28405413398815754 0.5115376145485019
0.2850468470611407 0.5107665235133636
0.2860189928307188 0.5100291060063004
0.2870014218768769 0.5093039566696433
0.2879735899234717 0.5085706404751567
0.28893680577454994 0.5079272819160857
0.2899332224010687 0.5071877555839235
0.29090366777125853 0.5064470418613529
0.2918711139072218 0.5057581918755044
0.29285467495077583 0.504956016351915
0.2938305963501054 0.5042131862473116
0.29481174337907673 0.5036025501380732
0.2957936522793811 0.5028681286699984
0.2967460174268518 0.5021374646473794
0.29773544165483334 0.5013759406071576
0.2987138863805345 0.5007379398056024
0.29968848477222415 0.49990908669030887
0.30066584570132815 0.49921195072420793
0.30163919795656197 0.4985538825592625
0.30262662451271766 0.49778640791548934
0.30358733577935226 0.49708097438908017
0.30457518101991704 0.496347619076387
0.3055522117728634 0.4956229459791967
0.3065156618610854 0.4948910211556681
0.307488766820854 0.4941558158711007
0.3084701986517115 0.4934646309703434
0.3094482439472333 0.4927169866232666
0.3104090643062261 0.49194254308078483
0.3113957925822812 0.4913293608982304
0.3123673366531877 0.49055415196349544
0.31335857100965564 0.48979900607446614
0.3143415060800384 0.48918353513183094
0.315313442008342 0.48841447101524893
0.31628349747841067 0.48777812507992263
0.317245679993278 0.4869952445990531
0.31823951166014874 0.4862303720121656
0.31920097121660385 0.48548245508999915
0.32017479636527163 0.48486173963822615
0.3211526324074313 0.484025385722745
0.3221283537311398 0.4834138694632304
0.3231219529099479 0.48260550454632045
0.324080432805529 0.4819047813208093
0.3250593249833776 0.4811784937600575
0.3260549599045515 0.48044710044474187
0.32702041164564016 0.4798187710600615
0.32799455623855855 0.4790737087763301
0.32895559199108976 0.4783051906044419
0.3299631070405709 0.47758966136413006
0.3309381715779344 0.4769048225370904
0.331906680366519 0.4761779398419727
0.3328882287261356 0.4754188833373949
0.3338585979424087 0.47472391579522866
0.33483108673937734 0.4740207379904247
0.33580651980334364 0.47328016424178376
0.3367877739452818 0.4726159728255913
0.33776196489364646 0.4718288324353667
0.33872903891962747 0.471116073291174
0.33969221917881826 0.47036831636904536
0.3406853881951845 0.4696976626317316
0.34166275832241144 0.4689633715719407
0.3426455477992417 0.4682390570772329
0.3435935246364186 0.46750538734006214
0.3445860692947862 0.46679555218127394
0.34557455604780946 0.4659875659600295
0.34654207172107276 0.46528940353120835
0.34751344321503047 0.46457261553095697
0.3485093572603782 0.46391867164351946
0.34949473298776856 0.46318485324863057
0.35045268232088744 0.4624322791800977
0.3513993200994338 0.46174835706584033
0.3523892906006409 0.46112500977898435
0.35336677567791996 0.46027119185121873
0.35434006970430443 0.4596001662003145
0.3553398796819738 0.4588267467789478
0.3562906011185831 0.4580927984267518
0.3572905179344803 0.45734741812144236
0.3582581150534806 0.4566965774936492
0.3592425154791321 0.45597668568175687
0.360220902539016 0.4553134797324704
0.3611816170277116 0.4545651810986842
0.36216724095877745 0.45386732410055036
0.36311079921996253 0.4530512884548191
0.3641155909649475 0.4523523856468559
0.36509225058803274 0.45159572398657266
0.3660625734087646 0.4508643910285318
0.3670369752310145 0.45007018126256193
0.3680230270377312 0.44943478011820215
0.3689978934195387 0.44876331284643084
0.369965146779063 0.4479335734786859
0.37096808052184954 0.44724703868465365
0.3719360799310264 0.4466973373764661
0.3729040724221791 0.4458597479317893
0.3738789665439024 0.44510157686260665
0.3748286133001307 0.4444300420356346
0.3758356784126034 0.44365356929624844
0.3767949161067911 0.4430346992069014
0.37779963158446833 0.44224726645252466
0.37875801751744137 0.441565768627277
0.3797404285538038 0.4408071072376266
0.38070370720106234 0.44011859229458555
0.3816957431625789 0.4393395155680897
0.3826460430827011 0.43862683463636637
0.3836277597256657 0.4378816964571212
0.38460972311687336 0.43727173773385775
0.385591086577291 0.43656635264301014
0.3865591987399271 0.4357164544409422
0.38755144772335876 0.4350424385291162
0.38852651304778046 0.4343507947818665
0.38949915557729153 0.43367882356367127
0.3904555698404413 0.432907388533121
0.3914417337298519 0.4321923393641382
0.3924097559053449 0.4314475242876153
0.3934149562928313 0.43068185392866914
0.394367309440012 0.42995241459051114
0.39535532085771424 0.4292251089433122
0.39634112223722645 0.4284836549261129
0.3972918283063607 0.42779146717072347
0.39828439642409685 0.4270759500718662
0.3992656807886004 0.42635397631469946
0.4002241594218107 0.42562875426901736
0.4011992222008541 0.4249818485609656
0.4021739081053371 0.4241624589279722
0.4031631002900198 0.4234475694077314
0.40414015807929293 0.42280850306817885
0.40511611771077527 0.42208474612016406
0.4061115019049362 0.42125338708268173
0.4070716533135521 0.4205928542615429
0.40803950129204414 0.4198714451907202
0.4090082260743392 0.4191779529917879
0.41000586935166045 0.4183626707094125
0.4109863677897193 0.4177560444061876
0.41194731068255286 0.41699077591721845
0.41293351156991137 0.41630468055005776
0.41391064923275944 0.4155649722690357
0.41487743751355705 0.4149752481109925
0.41584789600217087 0.41408101664087865
0.4168459660606422 0.41341328252285386
0.4178040005292195 0.41263939599455624
0.41874939308326964 0.41189586067063483
0.4197628571350952 0.41124773961925076
0.4207308545852178 0.41055471561343454
0.4217099223567457 0.4097281750567745
0.4226858978730419 0.4089817178304601
0.4236765511256712 0.40835355672497037
0.4246401925562627 0.40766647156662256
0.4256250100598503 0.4068879123402343
0.4266000151327492 0.4061620709492164
0.427569003284561 0.40537989078068803
0.4285396780429397 0.4047030433739548
0.4295370324622643 0.4039776467420019
0.4304927474638727 0.4032812720618346
0.4315077245593227 0.4025654681321621
0.43244563716056095 0.4017670546698634
0.43343746654951565 0.4011329731622303
0.43437020362483275 0.40039033238963545
0.43538431707185743 0.39969069662918066
0.4363532648760661 0.3989943705449107
0.43732749343303556 0.3982005813448931
0.4382971073881422 0.397532279745119
0.43929484278705144 0.3967815137525789
0.44025861324415455 0.3960527960744824
0.44122859016916866 0.39535596657562033
0.4422113401261859 0.39468723534345185
0.4431840150122126 0.39387242927724814
0.44415113286715774 0.3931846260241046
0.4451295003193025 0.3925300975474348
0.4461130555383493 0.39173519482218655
0.4470896225219843 0.3909696946437158
0.44807756447266717 0.3902702030814675
0.44905472996304713 0.38958061279040174
0.4500225103019171 0.38883633642447285
0.45098949731276766 0.38818483398786013
0.4519856656739661 0.38740204457127436
0.4529298623882864 0.3866554004985546
0.453925028247263 0.38601445795292955
0.45491778790747034 0.38534235155957536
0.4558970629752996 0.38452271446109576
0.45684405349006435 0.38376286336588317
0.4578437198491331 0.3830736298357528
0.4588249709578305 0.3823700831563838
0.4597633699646977 0.38168015686042117
0.4607615381229237 0.38090696620824843
0.4617297690323807 0.38015273583660225
0.46270362489902783 0.37953135068193844
0.4636858440023747 0.3787766066063421
0.46467431896365724 0.3780774450715991
0.4656478034564436 0.3772807448902846
0.46661848910732723 0.37663491006528965
0.46760190841302635 0.37584139195840194
0.46856757358199597 0.3750985434664492
0.4695363162537089 0.3743992390606931
0.47051839878956764 0.3736971232660301
0.47151889542656433 0.3729574826059335
0.472494298061797 0.37229852488662746
0.47345549425815225 0.3715630201077598
0.4744294079777313 0.3708260575857431
0.4753789962650858 0.3700740298235528
0.47638152825885904 0.36933789222866564
0.47735411030617947 0.368657960927401
0.47834116043660246 0.3678308053886913
0.47931304388856955 0.3672520457260945
0.4802952683914041 0.3665197420465119
0.48127360511791345 0.36578876982752756
0.4822379236298131 0.3650784725365361
0.48321806807894263 0.36431107055929296
0.4841816535512801 0.363637417124104
0.4851441337921888 0.3628081908101193
0.4861452870207984 0.36215077651110655
0.4870897549529661 0.36144720295095495
0.48808051078486436 0.3607451246884381
0.48905570703660983 0.3600687040079135
0.49004114197473536 0.35924497453325144
0.4910097252878708 0.3586085556339075
0.49202501983593755 0.35778615562435073
0.49296635941697287 0.35707208975984966
0.4939384382071413 0.35636351124608434
0.4949276970442627 0.35568152875065884
0.4959031451849609 0.3549027340294702
0.4968791384361074 0.35418712302396593
0.49784502336774017 0.35347474913850363
0.49882113355003094 0.3527730314765212
0.49979373641314795 0.35204970101826416
0.5007763846283565 0.3514077767129761
0.5017413388229374 0.3506939341862377
0.502731215493006 0.34988321547327067
0.5037231700651317 0.34916527482267057
0.5046616217663944 0.3484672048970846
0.5056912374682829 0.34778512986377336
0.5066410872153032 0.3470186068722265
0.5075935807618068 0.3462866402250699
0.508604627178671 0.34556242146805366
0.5095649993454672 0.34487990679199054
0.5105581981186498 0.34414563463449394
0.5115189005084553 0.34341803545765287
0.512505948167395 0.34268706374963637
0.5134618965583855 0.34205387896984224
0.5144486616373467 0.34130672268225526
0.5154461011725286 0.34049572948908924
0.5163824697471016 0.33978552913510657
0.5173875432634442 0.3390457604128575
0.5183461858787042 0.338365908126296
0.5193211964945409 0.3376646874153541
0.5202858576190414 0.3369123103344574
0.5212924790692025 0.33624479071002583
0.5222545655219537 0.33548227631558747
0.5232235647807867 0.334696729345301
0.5242349990525454 0.33401737871476783
0.5251937665594484 0.33333484082661563
0.5261464392917644 0.33271605381862857
0.5271059107407242 0.33187803965688134
0.5281105345335316 0.3311717065945709
0.5290999523266358 0.3304208799272983
0.5300657622873888 0.3297510732679338
0.5310616763830217 0.32895944642332126
0.5320197193321895 0.32829300118458576
0.5329780895644026 0.3275642583871902
0.5339749674483986 0.32683175186807956
0.5349454507930669 0.3260854154698276
0.535922292544648 0.3253340771828577
0.5369103309269186 0.3246708981412536
0.5378794751660858 0.3239647876977793
0.5388532992610656 0.3231894739757243
0.539812426144748 0.32250017698829053
0.540782635419281 0.32176868808612447
0.5418200000409585 0.3210721810955185
0.5427521263992406 0.3203985275446618
0.5437205359144263 0.31956150994051846
0.5446947622741648 0.3188877074402181
0.5456850221635511 0.3181628548931897
0.5466548231665117 0.3174263062201239
0.5476423322161839 0.3166986389891721
0.548607070834393 0.31600073243962595
0.5495683699061212 0.3152614127155474
0.5505644005740196 0.3145600539335284
0.5515477070191331 0.3138097018433573
0.5525063415449164 0.31314959101650564
0.5534992600310491 0.312339988996136
0.5544716337581251 0.3116543608385967
0.5554508451752914 0.31099060427369085
0.5564197267253621 0.31021382045275686
0.5573833415089501 0.30952544983295066
0.5583681462297824 0.3087407407101732
0.5593135456644843 0.30809109473157464
0.5603326278725147 0.3073696541122586
0.5612833101297887 0.30664286605059043
0.5622674778905075 0.3059438926558907
0.5632422205641859 0.30513842702087907
0.5642261925814019 0.30439052010657797
0.5651918098624134 0.3037141166077256
0.5661899213323037 0.3029837946954757
0.5671667148831123 0.3023025534439002
0.5681397127478105 0.30159644859284834
0.569133248884393 0.30081944923224874
0.570065252811574 0.30011547876460876
0.5710785694562166 0.2993998396491554
0.5720408651213806 0.2986278803063484
0.5729956190621911 0.2979834985984239
0.57400249484631 0.2972868311534863
0.5749714925426033 0.2964792162335448
0.57592573981999 0.29575450959199223
0.5769178979236478 0.29510458454003835
0.5778988819698292 0.29430042161246683
0.5789008535397064 0.29367344309652893
0.5798372021002596 0.2928735174541341
0.580820933594747 0.2921601249330245
0.581787652933388 0.29143976031309793
0.582797997989129 0.290754092358419
0.5837541467760152 0.29004415903872804
0.5847381170407402 0.2893044263194799
0.58571829586229 0.288643497246923
0.5866838337920582 0.28787602364857184
0.5876601066602012 0.2871515170449626
0.5886226406593045 0.2864329605450424
0.5896103794835897 0.28568244307284235
0.5905766029015755 0.28496615965225375
0.591564627731609 0.28426364782110475
0.5925613658931639 0.28352689097344036
0.5935029450383242 0.28274782385140573
0.5944827327249584 0.2820735489263005
0.5954822886616543 0.2813438248857462
0.5964672313684417 0.2806338723353935
0.5974053543597982 0.27989383974522297
0.5984080572397417 0.27923703588368715
0.5993660890963217 0.27847919963038337
0.6003389084882411 0.2777765895998619
0.6013169905132402 0.276995187359356
0.6023345104831744 0.2763664294006164
0.6033072380967804 0.2756042086095292
0.6042436781193494 0.27490725136534827
0.6052430730082615 0.27416670107721025
0.6062025151031263 0.2734072627331583
0.6071844646176898 0.2727423464879095
0.6081695184173401 0.27196100083419805
0.609137651012808 0.27129097898244303
0.6100928072209473 0.2705253516972491
0.6111155090240167 0.2697725915488975
0.6120829627652566 0.2690729839235982
0.6130270545296854 0.26834217194399895
0.6140071900994384 0.2676728873406708
0.6150072900964229 0.2669209581643211
0.6159773787369125 0.26621242195567607
0.6169369043579565 0.2655240526601355
0.6179479484661466 0.2647663480313581
0.6189497705471468 0.2640373338551785
0.6198799938701889 0.26330585596728917
0.6208469677221463 0.26263878608379415
0.621813727285902 0.26185597210987077
0.6228271132664184 0.26116745895516646
0.6238106957239044 0.2604550000703096
0.6247442938837182 0.25973163604778887
0.6257075150291035 0.2590097239747887
0.6266950762105249 0.2583611060177085
0.6276898546008802 0.25755381852080655
0.6286553254883619 0.25681702928034444
0.6296237050739949 0.2560534892804196
0.6306102671245778 0.25539863761998266
0.6315670938536122 0.2546853003187914
0.6325545038422369 0.25398308450970875
0.6335405005833148 0.2532531925536466
0.6345314705930669 0.25249776869492485
0.635457581194667 0.25180517977063943
0.6364566463455208 0.25105547284066515
0.6374325780600674 0.25032728792212044
0.6384211689834698 0.24962799766701446
0.6394024833185392 0.24889334465327725
0.6403554653162198 0.24815611091626102
0.6413945681365606 0.2474417652060564
0.6423450060301148 0.24672869292804886
0.6433163216013363 0.2460055337341919
0.6442955066574043 0.24531857890991046
0.645268570849882 0.2445639157876045
0.6462497917993887 0.2438462640658912
0.6471771064314195 0.2430931893052989
0.648161936002147 0.24241307721722202
0.6491639526727662 0.24170764951694385
0.6501551339045464 0.24093687295033045
0.6511033639640142 0.24023078932714417
0.6521158463185627 0.23957809956283876
0.6530777886003921 0.23879221892347421
0.6540450810066805 0.23809979391264616
0.6550541356654529 0.23736199045314635
0.6559948165815475 0.23660617542193274
0.6569723013130097 0.2359273162482846
0.6579395655314251 0.23514587734175277
0.6589119756608459 0.23446793332942714
0.6599262673717498 0.2337313110683332
0.6608425581717946 0.23301184759153787
0.6618402064284125 0.23229916350164526
0.6628170481435126 0.23157789754852048
0.6637890624613656 0.23084982188684147
0.6647804259472855 0.2301749904828548
0.6657741338951768 0.22943379936122857
0.666721643464381 0.2286968958539545
0.6676896790611755 0.22797353426523703
0.6686824269213472 0.22728712450179644
0.6696690738151828 0.22655746185517234
0.6706259109908207 0.22583165445086695
0.671608706476583 0.22506972960266716
0.6725862161948316 0.22439954028483383
0.6735763859702942 0.22366757832649542
0.6745549050279075 0.22294372048154507
0.6755510015876613 0.2221990333770522
0.6764961410107445 0.22149680839525193
0.6774489018163433 0.22074923732905127
0.6784371872725827 0.2200488285100314
0.67940361214726 0.2193183471673317
0.6803864163726686 0.21859543409854265
0.6813444146277364 0.21792033079685097
0.6823505705456329 0.2171492683427827
0.6833180663638585 0.21642748584950833
0.6843160722178856 0.21572846690486613
0.6852693536337584 0.21502295963862264
0.6862520728622111 0.2142884382457835
0.6872352758359038 0.21353471856618814
0.6882417156744013 0.2128046782111415
0.6891957311127686 0.21212158799553
0.6901462529434191 0.21137155504550215
0.6911213326621315 0.2106495691769023
0.6921235443752286 0.20992634636133098
0.693106982825936 0.20921767818794304
0.694084274413962 0.2084860255507061
0.6950422942848623 0.20778333679447725
0.6960358871331522 0.20705744940188162
0.6969741603392011 0.20631633101597316
0.6979514486092266 0.20564550908964763
0.6989294547006885 0.20493025414901228
0.6999147900759578 0.20417899242208135
0.7009056097216496 0.2034328578407505
0.7018687250777659 0.2027072458487231
0.7028459594548917 0.20199828101612796
0.7038050526611853 0.20127663015736028
0.704789223478347 0.2005632012286114
0.7057900666799777 0.1998283327184238
0.7067483633374012 0.1991427502831205
0.7076850957380965 0.1984083146645415
0.7086949777555038 0.1976975922267696
0.7096664829575172 0.19696295515981052
0.7106450423278111 0.19624274646911385
0.7116211412115572 0.19550400084786082
0.7126185673877375 0.1947972904639062
0.7135625971983404 0.19404606814287548
0.7145033935816079 0.19333053969921637
0.7155468259005661 0.19268292770481862
0.7165318139894822 0.19187197094730704
0.7175090437758377 0.19118842598267322
0.7185095279332457 0.19048644102795673
0.719437511311723 0.1897310031910384
0.7204462255968039 0.18901953289813342
0.7213880970442548 0.18829620378530093
0.7223658024524638 0.18757318682858773
0.7233299684183738 0.18683783921888455
0.7242774545753259 0.18615395942605256
0.7252875877307021 0.1854117487081595
0.7262538697593313 0.18470740166046426
0.7272371895739311 0.18397640486401678
0.7282229607861613 0.18324444817633873
0.7291538272722964 0.182504489308932
0.7301915449170066 0.18181569264311714
0.7311721401960507 0.18109196989683785
0.7321652725046917 0.18035504948337633
0.7330836671210849 0.17965901506806348
0.7340594086198035 0.17892458167224304
0.7350484242149291 0.17821948298356274
0.736033257366135 0.17749812741734236
0.7370425240690144 0.1767493334392792
0.7379984591462019 0.1760322392223688
0.7389313563344369 0.17530145670062158
0.7399465628273763 0.17459277853089772
0.740914122084006 0.17387224662111472
0.7418912882586313 0.17314064905135865
0.742859581847763 0.17244931642334252
0.7438694299476196 0.17174046443345883
0.7448397057741801 0.17098509668819872
0.7457858027826664 0.17023282015792415
0.746763681690068 0.16952352436649282
0.7477087265175136 0.16880697909005185
0.7487456718446591 0.16808383612163752
0.7497379662892041 0.16738146680516292
0.7507005868694967 0.16666187821296533
0.7516759224688533 0.1659426574639638
0.7526047790041985 0.16522710516882924
0.7535964201164659 0.16448462265877395
0.7546113880337421 0.1637800255768487
0.7555494249402882 0.16303228808365988
0.7565464385932649 0.1623324088116989
0.7575102985767092 0.1616233849385784
0.7584666465731541 0.16088882937785184
0.759483933365706 0.16017079850028443
0.7604323109002692 0.1594549511042342
0.7614489968270576 0.15872425470272125
0.7624096704699895 0.1580212520613225
0.7633848123714524 0.15728680823394875
0.7643722450234183 0.15655444052566517
0.7653300681705035 0.15585273158661214
0.7663327986251431 0.1551012549796582
0.7672794772389462 0.15440337304549517
0.7682097508302849 0.15364950428456198
0.7691877541583916 0.15293461420800095
0.7702089984151244 0.15222552182169033
0.7712039283275857 0.15154651733341412
0.7721903896003894 0.1508031576402939
0.7730874044222209 0.150083985553387
0.7740995706503911 0.1493478054842402
0.7750802495537131 0.14865946954140574
0.7760528982386248 0.14791522071374627
0.7770471011976279 0.1471684313677431
0.7780183279276327 0.14645592178079217
0.7789730920886832 0.1457351710480022
0.7800027419636689 0.14501530937651688
0.7809511130411071 0.14430924849671067
0.7819347635638819 0.1435803433710984
0.7828655356103245 0.14284967500845192
0.7838627947483524 0.14213268611513066
0.7848730884227576 0.141402549309147
0.7858347261402349 0.14068844699363356
0.7867870787155312 0.1399692142412538
0.7877703605850039 0.1392564115993703
0.7887207987050912 0.13853186359015085
0.7897681748676438 0.13777760381294699
0.7907058901855165 0.1370800599316174
0.7916944398777696 0.13634994233745393
0.7926399584036834 0.1356418651587027
0.7936369066889195 0.13493593102427692
0.794621619011192 0.1341913071477629
0.7955784069874524 0.13346333994409404
0.7965231885709849 0.13273146346182446
0.7975409280895509 0.13202906931623926
0.7985012235811552 0.13129044951111618
0.7995013379224386 0.13060365931928888
0.8004561742436485 0.12983787140052908
0.8014263576494134 0.12913365525404558
0.802385970059557 0.12841840218925354
0.8033959724707984 0.1277198497029357
0.8043808803639996 0.12697439866489071
0.8053764368532053 0.12625548491519772
0.8063116012494495 0.12551825790844792
0.8073458462708392 0.1247833865783193
0.8082933919913428 0.12409888771704347
0.8092527040966183 0.12335759941394264
0.8102188768239079 0.12264099754095897
0.8112156155336032 0.12192577775741123
0.8121522577728721 0.12118974716702807
0.8131758385223208 0.1204799980128576
0.8141224429075027 0.11972417596472676
0.8151066011462123 0.11903333319386718
0.8160913229171124 0.11833752044357639
0.8170115802013059 0.11759305000569022
0.8180288746200015 0.11686550437446783
0.8190331694537324 0.11615170073024056
0.8200118753492422 0.11543132184024169
0.8209933907754559 0.11470654195955131
0.8219123903422367 0.11398768384093953
0.8229118547815858 0.11327688247325494
0.8239000110206117 0.11253475368018111
0.8248712179595754 0.11180337494602416
0.8258086691897185 0.11107835182372844
0.8268007342935902 0.1103678340723588
0.8278521564712651 0.10969586843239205
0.8287698834424048 0.10895645954870761
0.8297623036243008 0.10821037216460609
0.8307234257846842 0.10752516596221756
0.8316922315230191 0.10677535624891156
0.8326800777353798 0.10605296174843264
0.8336384453940613 0.10533128036034829
0.8346544497598443 0.10460874988467386
0.8356221049329751 0.10388057075995306
0.8365573512358886 0.1031625321869099
0.837554736752674 0.10245527511742983
0.83851330400857 0.1017338363178181
0.8395041103044398 0.10099897947450333
0.8404777854706343 0.10026917445901697
0.8414774506498761 0.09956638328593541
0.8424830738242819 0.09883141587256503
0.8434314909315387 0.09811441483818381
0.8444231417983491 0.09738193334388516
0.8453487825098936 0.09667448271186066
0.846309421806008 0.09594093398005588
0.847299678724314 0.09523339764651644
0.8482865233085735 0.09450820752786268
0.849260385951954 0.0937813065645292
0.8502409220649991 0.0930460016213986
0.851238246770547 0.09236510847878683
0.8522455083330596 0.09162127397323273
0.8531648106365347 0.09089124154502824
0.8541684607400442 0.09020192228999419
0.8551431484742632 0.08946484366151392
0.8561267102449532 0.08872812575708809
0.8570684694593214 0.08800603528632749
0.8580322623648384 0.08730051088276998
0.8590429291556029 0.08657760234903589
0.85998840603807 0.08584105943421245
0.8609992242006711 0.08512016369343936
0.8619679294892416 0.08440726585165319
0.8628931466589571 0.08369997231189474
0.8639085782932381 0.08296006064792004
0.8648583414019796 0.08224593698586113
0.8658314912774576 0.08151700328622272
0.8668186956317291 0.08080508713824695
0.8678093579586791 0.08007171882361001
0.8688075921506991 0.07936405359845525
0.8698330517487614 0.07863255752143025
0.8707931717710071 0.0779112082056995
0.8717084952110699 0.0771867010535548
0.8727042542589881 0.07646815182479177
0.8736862245323355 0.07576119059215732
0.8746561054169341 0.07502699626732436
0.8755946908750187 0.07430866178936338
0.8766156232372116 0.0735848801906434
0.8775417141237305 0.07285756335178903
0.8786000738886899 0.07216436672674441
0.8795255975807172 0.07142657099975222
0.8804830436823528 0.07070090705184985
0.8815149437537105 0.06998610820621659
0.8824835703276704 0.06926892324421288
0.883437674532122 0.06853269812275026
0.8844121219620708 0.06782094483288413
0.8854345038297863 0.06708930334503997
0.8863372099626591 0.06636838237423752
0.8873564490617484 0.06564499933514234
0.8882862289739397 0.06493151492712193
0.8893020841578229 0.06419854009939052
0.89030219895984 0.06348606628193512
0.8912661338945584 0.06276980861280132
0.8922304403132617 0.062043634493414816
0.8932282088841642 0.061315895367567784
0.8941889176992759 0.06060393410784708
0.8951761620767075 0.0598635172588366
0.8961235039296972 0.05916823274426955
0.8971337810589978 0.05843186897904785
0.8980933651218025 0.057711214135905124
0.8990311626898257 0.056996367378917466
0.9000719688145479 0.056275756757017105
0.90102319307606 0.055553353625837076
0.9020013202933437 0.05482867526566357
0.9029626849643732 0.05411022202448956
0.9039851860717087 0.0533853135587133
0.904890965716175 0.0526687593378476
0.9059301011401459 0.05195069776061038
0.9068401955819583 0.0512200734331304
0.9078587756340465 0.05050071330978353
0.9088002375015263 0.04978443760414587
0.9097906345250273 0.049053450712837766
0.9107639635509155 0.04833549514972225
0.9117728987812121 0.04761390051728394
0.9127267390869334 0.046892166733653866
0.9136924407247505 0.04616973649295942
0.9146273866682247 0.04545281886364316
0.915631651631006 0.04472830244835084
0.9166211373363493 0.04400020235646471
0.9176602275921736 0.043293798751393275
0.9185753481160914 0.04256974443354354
0.9195768913019928 0.04184729299516602
0.9205201821911694 0.04112415328601519
0.9214514438503681 0.04039906577643587
0.9224752613733515 0.03967911325584599
0.9234363039809476 0.03895248594703409
0.9244461192730847 0.03823215764291615
0.9254165734929745 0.03751067655800001
0.9263618888088625 0.036801063442660584
0.9273663711081369 0.03607482868882902
0.9283343255228047 0.03535079300566706
0.9293603587190811 0.03462995598220286
0.9302850428113111 0.033909008607468163
0.9313036763934187 0.0331879187134783
0.9322076635473059 0.032465279475135306
0.9332420422666085 0.031742567150253816
0.9341604649319959 0.03102459567231842
0.9351718146719433 0.03030271056257924
0.9361365424126413 0.0295842353134868
0.937152824228814 0.02885565456291311
0.9381097634744737 0.028137015422799547
0.9390799568329902 0.02741174634234572
0.9400992623248015 0.026691588518442364
0.9409973651913155 0.025971527031188383
0.9420329045120546 0.025251538036754822
0.9430117442048043 0.024530181355586086
0.9439662734610693 0.023807472390618617
0.944902812047456 0.02308853392334254
0.9459462640513131 0.022363966409740997
0.9469090002086349 0.021645311282231232
0.9478376772714522 0.020920402300223705
0.948819257255247 0.02020516888351742
0.949807561226033 0.01947982435465077
0.9507928084189106 0.018758235630941512
0.9517575868432537 0.01803680698839651
0.9527508162607485 0.017317293570876774
0.9536928320849125 0.01659423573398933
0.9546780371224187 0.015871601325505812
0.9556664129981722 0.015150995416330304
0.956637918421298 0.014429704374470397
0.9576161251278945 0.013707783627315725
0.958607541023311 0.012987555177764279
0.9595734020084793 0.01226363065041774
0.9605923568063016 0.011542802289353418
0.9615478455672604 0.010820829660038615
0.9625177059767465 0.010100472655756431
0.9634988221199637 0.009379355731400786
0.9644706644317482 0.008658011917284126
0.9654510861407272 0.007934872696267824
0.966398302670875 0.0072147075459253335
0.9673851376742061 0.0064935098337176745
0.9683886845166516 0.005770875461175483
0.9693058813138344 0.005050078803417079
0.9703168487627896 0.004328688664974544
0.9713078854187287 0.0036075526655669197
0.9722359900258533 0.002885396263898831
0.9732399011812121 0.0021648827210477037
0.9742017254203186 0.0014428455666854565
0.9752539968220059 0.000721436882872676
