#C1,C2
-0.2434794702668014 0.5065061853241554
-0.2425033254408684 0.505812732364118
-0.24152708974887793 0.5050994208965159
-0.24055103901464975 0.5043687048180975
-0.23957448847199941 0.5036158271724636
-0.23859848059278327 0.5029180854408524
-0.2376224758298609 0.5021768160265494
-0.2366459374624621 0.5016075578326405
-0.23567017988564304 0.5006926427390773
-0.23469407345709253 0.500098234535381
-0.23371787221288193 0.49957790677402786
-0.23274159643526415 0.49867049953376613
-0.2317654029803609 0.4978332516286474
-0.2307891109095504 0.49727546802662
-0.2298127761158431 0.4965897009097327
-0.2288368349937136 0.4956928930896021
-0.22786078874119378 0.49508718232885757
-0.226884928680692 0.49435877593988947
-0.22590899498056322 0.4936078700161424
-0.2249322383225377 0.49289630454449834
-0.22395659033206228 0.49210253886891636
-0.2229795188055837 0.4914566493645161
-0.2220034285163466 0.49059451266016824
-0.221026787982401 0.48984161720813374
-0.22005096821388279 0.4891878096884486
-0.2190759314736264 0.4885208636105653
-0.21810061600081546 0.4877725439461072
-0.21712259702779463 0.4870589043290236
-0.21614612822680446 0.48641656594943056
-0.21516877815719548 0.4856772813940508
-0.21419362258774924 0.4847845102184612
-0.21321942173688913 0.4841864373937355
-0.21224023007596285 0.4834302758039301
-0.21126579853394523 0.4829107274114894
-0.21028840072814278 0.48204378230368333
-0.20931426634117345 0.48134889819454757
-0.20833597455528058 0.48050394301357274
-0.20736203974173595 0.47990478546358356
-0.20638546768993016 0.47912370401057086
-0.20540882082525028 0.4784144410013185
-0.2044338291846281 0.4776932967601129
-0.20345628275926345 0.47705825328979407
-0.2024803028859388 0.47622308980189215
-0.20150277430549993 0.47549045727599665
-0.20052596875417264 0.4747611992992014
-0.19955130977623925 0.4741178298826246
-0.19857761223931303 0.47323465288953087
-0.1975990769545911 0.4726424143799414
-0.19662209227536304 0.47190736478491263
-0.1956469778394907 0.4712443781955921
-0.1946705712517388 0.4704653870096727
-0.1936955312868158 0.46970970039921894
-0.19271861313187816 0.46907936504825437
-0.19174275512229438 0.4682914502874292
-0.19076466169505005 0.46773595697184184
-0.18978781407170495 0.4669116894502016
-0.1888152833609796 0.4660901433594265
-0.18783640501318505 0.4654268787090627
-0.18686216830147984 0.4646677219486816
-0.1858880149796665 0.46406458769205744
-0.18490954878808485 0.4633281204978235
-0.18393324961226104 0.4624712235049529
-0.18295787061675667 0.46185654122792047
-0.18198194801558581 0.4611139195724215
-0.1810028689009721 0.46028230340079784
-0.18003007643773994 0.45975117554091943
-0.17905137480478517 0.4588780391274468
-0.17807752908202396 0.4582409944115888
-0.17709608430023585 0.45750638606099553
-0.17612510493712313 0.4567852461839675
-0.17514745839800397 0.45602028380711174
-0.17417041234823916 0.4554522084133524
-0.17319698228950292 0.4545029689250803
-0.1722162266171069 0.45389678003609707
-0.17124283594685477 0.45320381724141584
-0.17026833382448947 0.45237303061786965
-0.16929261508412946 0.4517534355299982
-0.16831249348244864 0.4509622456944014
-0.16733893133957667 0.4503702692676084
-0.1663627601364433 0.44954999764183007
-0.16538562233888296 0.44874949909571743
-0.16440730544901677 0.44809613825800315
-0.16343406359823462 0.44733734452123136
-0.16245270449334656 0.4466833484977106
-0.16148293762385144 0.44598121037902566
-0.1605031031250132 0.4451210540938713
-0.159530518159968 0.44454896221678825
-0.15855041129765435 0.44374694355775485
-0.1575763614373908 0.4431196814483597
-0.15660053870415602 0.4423289565046878
-0.15562563022096812 0.44169282297521034
-0.1546476223961887 0.4408482974701173
-0.15367244276940253 0.44023268802670107
-0.15269518323440695 0.4394371192236674
-0.15172367538498785 0.4388008347354742
-0.15073894473037772 0.43791758277355713
-0.14976850203498698 0.4373603408254568
-0.14878983512070482 0.4365641633690525
-0.14780810651517573 0.43589813123553317
-0.14683597721533648 0.4350876012489843
-0.14586389021723586 0.43441427743012545
-0.14488309493590557 0.43381162499525167
-0.1439074757692991 0.43302474312535005
-0.14293427882580195 0.43220491361252894
-0.1419564485570818 0.4315792448348131
-0.14098221271692177 0.430788909137852
-0.1400041064829573 0.43011213252276276
-0.13902512246838658 0.4293935899660852
-0.13805283130291587 0.4286180615280097
-0.13707580791132187 0.4278414247663814
-0.13610134649239108 0.42721427054564504
-0.13512025874439643 0.4263678412219652
-0.1341463715589633 0.42573035177309
-0.13317535612013154 0.4250776894603528
-0.13219303523610965 0.42440432950724144
-0.13121989422474156 0.42364234916835414
-0.13024313749609567 0.42289965839813987
-0.1292634780126726 0.42222389639754726
-0.12828267447530922 0.4213826408429548
-0.12731380264828715 0.4207435389269876
-0.12633788233214105 0.4199407207878861
-0.12535721212534612 0.41930331619483524
-0.1243876215985753 0.4185080048210757
-0.12340990659473378 0.4178527689993515
-0.12243490884495781 0.4170287426505634
-0.12146604063095018 0.41640423978527924
-0.12047847296638933 0.4157158822937664
-0.11950729639089808 0.4149411374235435
-0.11852831756490073 0.4141628140013845
-0.11755700560151075 0.4134488089033708
-0.11658104423134771 0.41272277860074597
-0.11559890279434568 0.41213202762807094
-0.11462278107258589 0.4113597695606123
-0.11365161368468474 0.41069069482288606
-0.11266686353499153 0.40990986380948174
-0.11169118612071768 0.40912395840383503
-0.11071987347179146 0.40848980431344245
-0.10973881689032414 0.4076637146563214
-0.1087712694063977 0.40709652265246704
-0.10779326255911231 0.40632329469284206
-0.1068179623582659 0.405546637022905
-0.10583308921731907 0.40474443083781303
-0.10486403441517253 0.40412825907944044
-0.10388063429995695 0.4033824389291288
-0.10290846392362449 0.4026033264423173
-0.10193368322862331 0.40190887560837435
-0.1009587265953042 0.401220359223246
-0.09997990599124082 0.4005299527051743
-0.09900163634102674 0.3997315933958376
-0.09802020591194271 0.39920713103770417
-0.09705562947692328 0.3984353715697719
-0.09607063856575104 0.39765595889156996
-0.0950966687909714 0.3968302030722826
-0.09412604243847131 0.396040025725154
-0.093149825967521 0.39540306076207926
-0.09216930362137168 0.39480394663372126
-0.09120029064097768 0.39404465039123576
-0.09022019327385156 0.3932421040933091
-0.08924202634913264 0.39266402494281
-0.08826603494607818 0.3918109345540515
-0.08729422409727008 0.3910577716423798
-0.08631236683263488 0.3904794199572191
-0.08534030001904433 0.38959717393459375
-0.08435943741581503 0.3890089006744842
-0.08338281799968034 0.3882613896622475
-0.08240768770805365 0.3875842990915795
-0.08144690709640395 0.3868981715905418
-0.08046075665608723 0.38606733459618786
-0.07948659707148131 0.38531416477631103
-0.07849835242256295 0.38462747328928376
-0.07752881168848388 0.3839528012956183
-0.07655071581011277 0.38319396991311233
-0.07558624542221079 0.3824888248082539
-0.07459212561068676 0.38170420515397324
-0.07362077062807265 0.38104294518726617
-0.0726406405300255 0.38032025543090414
-0.07167559447023888 0.3796104716574396
-0.0706901172585285 0.37884399324850465
-0.06972886472323708 0.37814335840770014
-0.06873716101283639 0.37745021548286123
-0.06776281031094158 0.37658563226689795
-0.06679709663982852 0.3759688222368041
-0.06581398653452739 0.37525937311054575
-0.06483046497765727 0.3745329465912535
-0.0638635090637858 0.37380281533208753
-0.06288542785633736 0.3731324989461728
-0.06190745970044628 0.3723690171598811
-0.06093374461093265 0.3716552561422079
-0.05995735053285428 0.3709171503143249
-0.058980067409950265 0.37022229610807783
-0.05799745683207119 0.36948296413595466
-0.057023174277200744 0.3688735186604009
-0.056046488246006554 0.36802908235991466
-0.05507756488448867 0.3673744806655839
-0.05410120225161083 0.3666289308427126
-0.05313047702669235 0.36580598858978614
-0.05215655348017881 0.365239800132565
-0.051168978287976535 0.36448275722080986
-0.050193861319620864 0.3637404972275588
-0.0492258189307648 0.3629723390276413
-0.048252098881171185 0.3622169029276507
-0.0472709547695567 0.3615483267788286
-0.04629318038883787 0.3608194276523153
-0.045314273403810224 0.359959260758185
-0.04433462704467353 0.3594136831382417
-0.04336107877357323 0.35869363383835123
-0.04238342085494601 0.3578823746993463
-0.041401648879383274 0.3572634281178872
-0.04043788737182699 0.35642902047094266
-0.03945407257049849 0.3557375978677922
-0.038491159115713436 0.35505916251918296
-0.03750618757592533 0.3543732823719052
-0.03651975272333913 0.35362057056106005
-0.035552461801261925 0.3529203332417618
-0.034578867265191826 0.3522393299498164
-0.03360040327617411 0.3514330984801361
-0.032624173330172423 0.35073633220032047
-0.031661979162821124 0.34982511086317264
-0.030672138976951455 0.3493055002132039
-0.029691061669817057 0.34858455997484245
-0.02872188424279615 0.34791384062117797
-0.02774604697038999 0.3470741986332892
-0.02676748396452661 0.3464401422973005
-0.025790653525220367 0.3456698029095225
-0.024822796769099823 0.344895575598779
-0.02382912948493696 0.3443122140253178
-0.02286924034746982 0.3435572792822675
-0.021889836796477245 0.34282208765076566
-0.020913314761536742 0.3420313948667297
-0.019934783114456293 0.3413685963427318
-0.018959823640856636 0.340674433592085
-0.017986195763086413 0.3398401548018683
-0.017012553889781293 0.33928572815009833
-0.016024616765419556 0.3384882021368802
-0.015048659350922648 0.33775644410874633
-0.01407810869101198 0.3371248355718239
-0.013096243486746598 0.33630263321160997
-0.012125361896637463 0.3357275783668007
-0.011150581631572957 0.3349338064921324
-0.01016530821432535 0.33415023115802606
-0.0091964001778766 0.33347114760099866
-0.008224793531889683 0.33268542366651327
-0.007246462621898212 0.3320308610990282
-0.00626528018094261 0.3312487802951281
-0.00529771143027433 0.3305281344062852
-0.0043152496443290035 0.32975686466796456
-0.0033414028317337065 0.32910017169343037
-0.0023654914488505964 0.32848356126968675
-0.0013875143234735078 0.3276008681962786
-0.00040644631062525596 0.3269237022935933
0.0005652328180221454 0.32620077513794005
0.001525614550787393 0.32541481776472764
0.0025289582284597177 0.3246066266847753
0.0035022835164966425 0.32411628362984296
0.00446843763613913 0.32325272853711645
0.005437400231715708 0.32263762575436167
0.00642712518132901 0.3218472959457787
0.007400194637662113 0.3211155210198892
0.00836319635322735 0.3205197442961419
0.009350827724247387 0.31972718507187387
0.01033997388085672 0.31897565229021035
0.01130135740688831 0.3183287935399249
0.012284573499317605 0.31755678527074777
0.013264245275868499 0.3168135460001093
0.014223938902814478 0.31620081381186177
0.015201995141273569 0.3154231150668551
0.01617676604335949 0.3146819154059866
0.017151999666020486 0.3139016134040756
0.0181325826504064 0.31337162892501286
0.019111511065275862 0.31249778669317646
0.020088699239682924 0.3117865732367719
0.02105593499949387 0.31101945706821527
0.022037334147646633 0.31037305071615734
0.02302191668758435 0.3096676306775545
0.023988903736320007 0.3087934898512437
0.02497400249139375 0.3082122833794034
0.0259418001741552 0.30737556711924946
0.02691857836432104 0.30668437863265824
0.027884578579243532 0.3060776777206125
0.028868883688161758 0.30530817472791033
0.029845330790260357 0.3045178340771946
0.030841502542131635 0.30386549334188856
0.031810084940884775 0.30318124073502023
0.03277533717544956 0.30239731017082033
0.03376581446445637 0.3016888948660467
0.03472569333737402 0.30102624653788507
0.03570740655056398 0.3002444025676601
0.03666866389874068 0.2995809816115457
0.03765734290818051 0.2987550210271806
0.03862957736785183 0.29812522786033474
0.039613903619231894 0.2972636264496786
0.04057466372135615 0.29665182841677323
0.041567376794339306 0.29588073738163495
0.04253952256391741 0.2951433198745717
0.04352195161007549 0.2944181705379147
0.04449411965667033 0.293684854343428
0.04545733550774855 0.29304149578435706
0.046453752134267334 0.29230196945219483
0.047424197504457144 0.29156125572962427
0.04839164364042042 0.29087240574377576
0.04937520468397444 0.29007023022018635
0.050351126083304 0.28932740011558294
0.05133227311227534 0.28871676400634455
0.0523141820125797 0.28798234253826976
0.053266547160050415 0.28725167851565075
0.054255971388031954 0.28649015447542897
0.05523441611373309 0.2858521536738738
0.05620901450542276 0.2850233005585802
0.05718637543452676 0.2843261645924792
0.058159727689760576 0.2836680964275338
0.05914715424591627 0.2829006217837607
0.06010786551255087 0.2821951882573515
0.06109571075311565 0.2814618329446584
0.06207274150606201 0.280737159847468
0.06303619159428403 0.2800052350239394
0.06400929655405263 0.27927002973937204
0.0649907283849101 0.27857884483861467
0.06596877368043191 0.2778312004915379
0.06692959403942472 0.2770567569490561
0.06791632231547978 0.2764435747665018
0.06888786638638633 0.27566836583176674
0.06987910074285425 0.2749132199427375
0.07086203581323702 0.27429774900010223
0.0718339717415406 0.2735286848835203
0.07280402721160928 0.2728923389481939
0.07376620972647663 0.2721094584673244
0.07476004139334735 0.2713445858804369
0.07572150094980246 0.27059666895827045
0.07669532609847024 0.26997595350649745
0.07767316214062991 0.2691395995910163
0.0786488834643384 0.2685280833315017
0.0796424826431465 0.26771971841459175
0.08060096253872762 0.26701899518908057
0.0815798547165762 0.2662927076283288
0.08257548963775013 0.26556131431301316
0.08354094137883877 0.2649329849283328
0.08451508597175716 0.2641879226446014
0.08547612172428837 0.26341940447271317
0.08648363677376952 0.26270387523240135
0.08745870131113304 0.26201903640536167
0.0884272100997176 0.261292153710244
0.08940875845933421 0.2605330972056662
0.0903791276756073 0.25983812966349995
0.09135161647257595 0.259134951858696
0.09232704953654225 0.25839437811005506
0.09330830367848042 0.2577301866938626
0.09428249462684507 0.256943046303638
0.09524956865282608 0.2562302871594453
0.09621274891201687 0.25548253023731665
0.09720591792838312 0.2548118765000029
0.09818328805561005 0.254077585440212
0.09916607753244033 0.2533532709455042
0.10011405436961723 0.25261960120833343
0.1011065990279848 0.25190976604954524
0.10209508578100807 0.2511017798283008
0.10306260145427137 0.25040361739947964
0.10403397294822908 0.2496868293992283
0.1050298869935768 0.24903288551179079
0.10601526272096717 0.2482990671169019
0.10697321205408605 0.24754649304836904
0.10791984983263242 0.24686257093411165
0.1089098203338395 0.24623922364725567
0.10988730541111857 0.24538540571949005
0.11086059943750304 0.24471438006858584
0.11186040941517239 0.24394096064721912
0.11281113085178168 0.24320701229502314
0.11381104766767891 0.24246163198971368
0.11477864478667921 0.24181079136192055
0.11576304521233072 0.2410908995500282
0.11674143227221462 0.2404276936007417
0.11770214676091023 0.23967939496695553
0.11868777069197606 0.23898153796882168
0.11963132895316114 0.23816550232309044
0.12063612069814611 0.23746659951512725
0.12161278032123135 0.23670993785484398
0.12258310314196319 0.23597860489680314
0.12355750496421308 0.23518439513083325
0.12454355677092982 0.23454899398647347
0.1255184231527373 0.23387752671470216
0.1264856765122616 0.23304778734695722
0.12748861025504815 0.23236125255292497
0.128456609664225 0.23181155124473743
0.1294246021553777 0.2309739618000606
0.130399496277101 0.23021579073087797
0.13134914303332929 0.2295442559039059
0.132356208145802 0.22876778316451976
0.13331544583998972 0.22814891307517274
0.13432016131766694 0.22736148032079598
0.13527854725063998 0.2266799824955483
0.1362609582870024 0.22592132110589794
0.13722423693426095 0.22523280616285687
0.13821627289577754 0.22445372943636102
0.13916657281589973 0.2237410485046377
0.14014828945886432 0.22299591032539254
0.14113025285007197 0.22238595160212907
0.14211161631048963 0.22168056651128146
0.14307972847312572 0.22083066830921352
0.14407197745655737 0.22015665239738755
0.14504704278097907 0.21946500865013782
0.14601968531049014 0.2187930374319426
0.14697609957363988 0.21802160240139232
0.14796226346305053 0.21730655323240952
0.1489302856385435 0.2165617381558866
0.1499354860260299 0.21579606779694047
0.15088783917321064 0.21506662845878247
0.15187585059091285 0.2143393228115835
0.15286165197042506 0.21359786879438422
0.15381235803955928 0.2129056810389948
0.15480492615729546 0.21219016394013754
0.15578621052179903 0.21146819018297078
0.15674468915500933 0.21074296813728868
0.1577197519340527 0.21009606242923692
0.1586944378385357 0.20927667279624354
0.1596836300232184 0.2085617832760027
0.16066068781249154 0.20792271693645017
0.16163664744397388 0.20719895998843538
0.16263203163813483 0.20636760095095305
0.16359218304675072 0.20570706812981424
0.16456003102524275 0.20498565905899155
0.1655287558075378 0.20429216686005922
0.16652639908485906 0.20347688457768384
0.16750689752291792 0.2028702582744589
0.16846784041575147 0.20210498978548977
0.16945404130310998 0.20141889441832908
0.17043117896595805 0.20067918613730704
0.17139796724675566 0.20008946197926383
0.17236842573536948 0.19919523050914997
0.17336649579384084 0.19852749639112519
0.17432453026241812 0.19775360986282756
0.17526992281646825 0.19701007453890615
0.1762833868682938 0.19636195348752208
0.17725138431841642 0.19566892948170586
0.1782304520899443 0.19484238892504582
0.1792064276062405 0.19409593169873143
0.18019708085886982 0.1934677705932417
0.18116072228946128 0.19278068543489388
0.18214553979304893 0.19200212620850562
0.1831205448659478 0.19127628481748774
0.1840895330177596 0.19049410464895936
0.1850602077761383 0.18981725724222612
0.18605756219546293 0.1890918606102732
0.18701327719707134 0.18839548593010594
0.1880282542925213 0.18767968200043342
0.18896616689375956 0.18688126853813472
0.18995799628271426 0.1862471870305016
0.19089073335803136 0.18550454625790677
0.19190484680505604 0.18480491049745199
0.19287379460926474 0.18410858441318204
0.19384802316623417 0.18331479521316443
0.19481763712134081 0.18264649361339033
0.19581537252025005 0.18189572762085024
0.19677914297735316 0.18116700994275373
0.19774911990236727 0.18047018044389165
0.1987318698593845 0.17980144921172317
0.19970454474541122 0.17898664314551946
0.20067166260035635 0.1782988398923759
0.2016500300525011 0.1776443114157061
0.2026335852715479 0.17684940869045787
0.20361015225518292 0.1760839085119871
0.20459809420586578 0.1753844169497388
0.20557525969624574 0.17469482665867306
0.2065430400351157 0.17395055029274417
0.20751002704596627 0.17329904785613146
0.2085061954071647 0.17251625843954568
0.20945039212148503 0.17176961436682595
0.2104455579804616 0.17112867182120087
0.21143831764066895 0.17045656542784668
0.2124175927084982 0.16963692832936708
0.21336458322326296 0.1688770772341545
0.2143642495823317 0.16818784370402415
0.2153455006910291 0.16748429702465514
0.2162838996978963 0.1667943707286925
0.2172820678561223 0.16602118007651975
0.21825029876557933 0.16526694970487357
0.21922415463222644 0.16464556455020976
0.22020637373557334 0.16389082047461342
0.22119484869685585 0.16319165893987045
0.2221683331896422 0.16239495875855595
0.22313901884052584 0.16174912393356097
0.22412243814622496 0.16095560582667326
0.22508810331519458 0.16021275733472054
0.2260568459869075 0.15951345292896443
0.22703892852276625 0.15881133713430143
0.22803942515976294 0.1580716964742048
0.2290148277949956 0.15741273875489878
0.22997602399135086 0.15667723397603114
0.23094993771092992 0.15594027145401443
0.2318995259982844 0.15518824369182413
0.23290205799205765 0.15445210609693696
0.23387464003937808 0.15377217479567232
0.23486169016980107 0.1529450192569626
0.23583357362176816 0.1523662595943658
0.23681579812460268 0.1516339559147832
0.23779413485111206 0.15090298369579888
0.2387584533630117 0.1501926864048074
0.23973859781214124 0.14942528442756428
0.24070218328447873 0.14875163099237534
0.2416646635253874 0.1479224046783906
0.242665816753997 0.14726499037937787
0.2436102846861647 0.14656141681922627
0.24460104051806297 0.14585933855670943
0.24557623676980844 0.14518291787618484
0.24656167170793397 0.14435918840152276
0.2475302550210694 0.1437227695021788
0.24854554956913616 0.14290036949262205
0.24948688915017148 0.14218630362812099
0.2504589679403399 0.14147772511435566
0.2514482267774613 0.14079574261893016
0.25242367491815954 0.14001694789774152
0.25339966816930604 0.13930133689223725
0.2543655531009388 0.13858896300677495
0.25534166328322955 0.13788724534479255
0.25631426614634656 0.13716391488653548
0.2572969143615551 0.13652199058124745
0.258261868556136 0.135808148054509
0.25925174522620464 0.134997429341542
0.2602436997983303 0.1342794886909419
0.261182151499593 0.13358141876535592
0.26221176720148154 0.13289934373204468
0.2631616169485018 0.13213282074049784
0.26411411049500544 0.1314008540933412
0.26512515691186966 0.13067663533632498
0.2660855290786658 0.12999412066026186
0.2670787278518484 0.12925984850276526
0.2680394302416539 0.1285322493259242
0.26902647790059364 0.1278012776179077
0.2699824262915841 0.12716809283811356
0.2709691913705453 0.12642093655052658
0.27196663090572726 0.12560994335736056
0.27290299948030017 0.12489974300337789
0.27390807299664277 0.12415997428112882
0.2748667156119028 0.12348012199456734
0.2758417262277395 0.12277890128362542
0.27680638735224006 0.12202652420272872
0.2778130088024011 0.12135900457829715
0.2787750952551523 0.12059649018385879
0.2797440945139853 0.1198109432135723
0.28075552878574406 0.11913159258303915
0.281714296292647 0.11844905469488695
0.282666969024963 0.11783026768689989
0.2836264404739228 0.11699225352515266
0.28463106426673024 0.11628592046284222
0.28562048205983437 0.11553509379556962
0.2865862920205874 0.11486528713620511
0.2875822061162203 0.11407366029159258
0.2885402490653881 0.11340721505285709
0.28949861929760123 0.11267847225546154
0.2904954971815972 0.11194596573635088
0.2914659805262655 0.11119962933809893
0.29244282227784657 0.110448291051129
0.29343086066011725 0.10978511200952493
0.2944000048992844 0.10907900156605063
0.29537382899426423 0.1083036878439956
0.2963329558779466 0.10761439085656185
0.29730316515247956 0.10688290195439579
0.29834052977415715 0.10618639496378982
0.29927265613243925 0.10551274141293313
0.30024106564762487 0.10467572380878978
0.3012152920073634 0.10400192130848943
0.3022055518967497 0.103277068761461
0.3031753528997103 0.10254052008839523
0.30416286194938247 0.10181285285744343
0.3051276005675916 0.10111494630789727
0.30608889963931984 0.10037562658381874
0.3070849303072182 0.09967426780179975
0.30806823675233175 0.09892391571162865
0.309026871278115 0.09826380488477696
0.3100197897642477 0.09745420286440734
0.31099216349132375 0.09676857470686803
0.31197137490849003 0.09610481814196217
0.3129402564585607 0.09532803432102818
0.3139038712421487 0.09463966370122198
0.314888675962981 0.09385495457844453
0.31583407539768293 0.09320530859984597
0.3168531576057133 0.0924838679805299
0.3178038398629873 0.09175707991886176
0.31878800762370607 0.09105810652416205
0.31976275029738455 0.09025264088915039
0.32074672231460055 0.08950473397484929
0.32171233959561196 0.08882833047599695
0.32271045106550234 0.08809800856374703
0.32368724461631093 0.08741676731217154
0.3246602424810091 0.08671066246111966
0.3256537786175916 0.08593366310052006
0.32658578254477266 0.08522969263288008
0.3275990991894152 0.08451405351742672
0.32856139485457925 0.08374209417461972
0.3295161487953897 0.0830977124666952
0.33052302457950866 0.08240104502175763
0.3314920222758019 0.0815934301018161
0.33244626955318857 0.08086872346026355
0.3334384276568464 0.08021879840830967
0.3344194117030278 0.07941463548073815
0.33542138327290505 0.07878765696480025
0.3363577318334582 0.07798773132240541
0.33734146332794557 0.07727433880129583
0.3383081826665866 0.07655397418136925
0.3393185277223276 0.0758683062266903
0.34027467650921384 0.07515837290699937
0.3412586467739388 0.07441864018775121
0.34223882559548857 0.07375771111519433
0.34320436352525685 0.07299023751684316
0.3441806363933998 0.07226573091323393
0.3451431703925031 0.07154717441331374
0.34613090921678835 0.07079665694111367
0.34709713263477415 0.07008037352052507
0.3480851574648076 0.06937786168937607
0.3490818956263625 0.06864110484171168
0.35002347477152285 0.06786203771967705
0.35100326245815705 0.06718776279457181
0.3520028183948529 0.06645803875401754
0.3529877611016403 0.06574808620366482
0.35392588409299686 0.0650080536134943
0.3549285869729403 0.06435124975195847
0.35588661882952033 0.06359341349865469
0.35685943822143973 0.06289080346813322
0.3578375202464388 0.06210940122762734
0.35885504021637304 0.06148064326888772
0.35982776782997905 0.06071842247780054
0.36076420785254804 0.06002146523361959
0.36176360274146013 0.05928091494548157
0.3627230448363249 0.05852147660142962
0.36370499435088843 0.057856560356180836
0.36469004815053874 0.05707521470246937
0.36565818074600664 0.05640519285071435
0.3666133369541459 0.05563956556552044
0.3676360387572153 0.05488680541716881
0.36860349249845525 0.05418719779186951
0.36954758426288403 0.053456385812270274
0.370527719832637 0.05278710120894212
0.37152781982962146 0.05203517203259242
0.3724979084701111 0.05132663582394739
0.37345743409115506 0.05063826652840683
0.37446847819934526 0.049880561899629444
0.37547030028034545 0.049151547723449845
0.3764005236033875 0.04842006983556049
0.3773674974553449 0.04775299995206547
0.3783342570191006 0.04697018597814209
0.379347642999617 0.046281672823437786
0.38033122545710296 0.045569213938580905
0.3812648236169168 0.04484584991606019
0.3822280447623021 0.04412393784306004
0.3832156059437235 0.04347531988597983
0.38421038433407884 0.042668032389077876
0.3851758552215605 0.041931243148615766
0.3861442348071935 0.04116770314869092
0.3871307968577764 0.04051285148825398
0.3880876235868108 0.03979951418706271
0.3890750335754355 0.039097298377980066
0.3900610303165134 0.03836740642191791
0.3910520003262655 0.03761198256319617
0.3919781109278656 0.03691939363891075
0.3929771760787194 0.03616968670893647
0.393953107793266 0.035441501790391766
0.3949416987166684 0.03474221153528578
0.3959230130517378 0.034007558521548575
0.3968759950494184 0.033270324784532346
0.3979150978697592 0.03255597907432772
0.3988655357633134 0.03184290679632018
0.39983685133453495 0.031119747602463218
0.4008160363906029 0.03043279277818178
0.4017891005830806 0.02967812965587582
0.4027703215325873 0.028960477934162506
0.40369763616461807 0.02820740317357023
0.4046824657353456 0.02752729108549334
0.4056844824059648 0.026821863385215163
0.406675663637745 0.026051086818601767
0.40762389369721286 0.02534500319541549
0.4086363760517613 0.024692313431110082
0.4095983183335907 0.023906432791745532
0.41056561073987907 0.023214007780917475
0.4115746653986515 0.022476204321417666
0.41251534631474607 0.02172038929020406
0.41349283104620826 0.02104153011655593
0.4144600952646237 0.020260091210024086
0.4154325053940445 0.01958214719769846
0.41644679710494836 0.018845524936604515
0.4173630879049932 0.018126061459809186
0.41836073616161107 0.017413377369916574
0.4193375778767112 0.0166921114167918
0.4203095921945642 0.01596403575511279
0.4213009556804841 0.015289204351126125
0.4222946636283754 0.014548013229499886
0.4232421731975796 0.01381110972222582
0.4242102087943741 0.01308774813350835
0.42520295665454577 0.012401338370067762
0.4261896035483814 0.011671675723443655
0.4271464407240193 0.010945868319138265
0.4281292362097816 0.01018394347093848
0.4291067459280302 0.00951375415310515
0.43009691570349284 0.008781792194766738
0.4310754347611061 0.008057934349816383
0.43207153132085996 0.007313247245323531
0.4330166707439431 0.0066110222635232495
0.43396943154954193 0.005863451197322591
0.43495771700578134 0.005163042378302726
0.4359241418804586 0.004432561035603019
0.4369069461058672 0.003709647966813969
0.43786494436093504 0.0030345446651222872
0.43887110027883147 0.0022634822110540152
0.4398385960970571 0.0015416997177796453
0.4408366019510842 0.0008426807731374518
0.441789883366957 0.00013717350689395821
0.44277260259540974 -0.0005973478859451799
0.44375580556910244 -0.0013510675655405459
0.4447622454075999 -0.002081107920587192
0.44571626084596716 -0.00276419813619869
0.44666678267661775 -0.003514231086226536
0.4476418623953301 -0.004236216954826375
0.4486440741084272 -0.0049594397703977035
0.4496275125591346 -0.005668107943785642
0.45060480414716064 -0.006399760581022571
0.4515628240180609 -0.007102449337251435
0.45255641686635084 -0.007828336729847066
0.45349469007239973 -0.008569455115755523
0.45447197834242525 -0.009240277042081056
0.45544998443388707 -0.009955531982716401
0.4564353198091564 -0.010706793709647337
0.4574261394548482 -0.01145292829097819
0.4583892548109645 -0.012178540283005582
0.4593664891880903 -0.01288750511560072
0.4603255823943839 -0.013609155974368407
0.46130975321154566 -0.014322584903117278
0.4623105964131763 -0.015057453413304892
0.4632688930705998 -0.015743035848608176
0.46420562547129507 -0.016477471467187175
0.46521550748870244 -0.017188193904959074
0.46618701269071583 -0.01792283097191816
0.4671655720610097 -0.018643039662614828
0.4681416709447558 -0.019381785283867862
0.46913909712093615 -0.02008849566782248
0.470083126931539 -0.020839717988853205
0.47102392331480647 -0.021555246432512307
0.4720673556337647 -0.02220285842691006
0.4730523437226808 -0.02301381518442164
0.4740295735090363 -0.023697360149055467
0.47503005766644435 -0.024399345103771956
0.47595804104492156 -0.025154782940690294
0.47696675533000255 -0.025866253233595263
0.4779086267774534 -0.02658958234642775
0.47888633218566246 -0.027312599303140953
0.47985049815157244 -0.028047946912844127
0.4807979843085245 -0.02873182670567612
0.48180811746390073 -0.02947403742356919
0.48277439949252987 -0.030178384471264422
0.48375771930712974 -0.030909381267711897
0.48474349051935994 -0.03164133795538995
0.485674357005495 -0.03238129682279667
0.48671207465020516 -0.033070093488611535
0.4876926699292493 -0.03379381623489083
0.48868580223789027 -0.03453073664835235
0.48960419685428347 -0.0352267710636652
0.49057993835300207 -0.03596120445948564
0.4915689539481277 -0.036666303148165935
0.4925537870993336 -0.03738765871438632
0.493563053802213 -0.038136452692449474
0.4945189888794005 -0.03885354690935988
0.49545188606763546 -0.039584329431107096
0.49646709256057486 -0.04029300760083096
0.4974346518172046 -0.041013539510613956
0.4984118179918299 -0.04174513708037003
0.4993801115809616 -0.04243646970838616
0.5003899596808182 -0.043145321698269845
0.5013602355073787 -0.043900689443529956
0.502306332515865 -0.044652965973804526
0.5032842114232666 -0.04536226176523586
0.5042292562507122 -0.04607880704167683
0.5052662015778577 -0.04680195001009116
0.5062584960224027 -0.047504319326565764
0.5072211166026953 -0.048223907918763353
0.5081964522020519 -0.048943128667764874
0.5091253087373971 -0.04965868096289944
0.5101169498496645 -0.05040116347295473
0.5111319177669407 -0.051105760554879975
0.5120699546734868 -0.0518534980480688
0.5130669683264635 -0.05255337732002979
0.5140308283099078 -0.05326240119315029
0.5149871763063527 -0.053996956753876835
0.5160044630989046 -0.05471498763144425
0.5169528406334678 -0.05543083502749449
0.5179695265602562 -0.05616153142900743
0.5189302002031881 -0.056864534070406175
0.519905342104651 -0.05759897789777993
0.5208927747566169 -0.05833134560606351
0.5218505979037021 -0.05903305454511654
0.5228533283583418 -0.05978453115207047
0.5238000069721448 -0.060482413086233505
0.5247302805634834 -0.0612362818471667
0.5257082838915902 -0.06195117192372773
0.526729528148323 -0.06266026431003835
0.5277244580607842 -0.06333926879831456
0.528710919333588 -0.06408262849143478
0.5296079341554195 -0.06480180057834167
0.5306201003835896 -0.06553798064748848
0.5316007792869116 -0.06622631659032294
0.5325734279718234 -0.06697056541798241
0.5335676309308265 -0.06771735476398558
0.5345388576608313 -0.06842986435093651
0.5354936218218816 -0.06915061508372647
0.5365232716968674 -0.0698704767552118
0.5374716427743057 -0.070576537635018
0.5384552932970804 -0.07130544276063028
0.5393860653435231 -0.07203611112327676
0.5403833244815509 -0.07275310001659802
0.5413936181559561 -0.07348323682258168
0.5423552558734334 -0.07419733913809512
0.5433076084487297 -0.07491657189047488
0.5442908903182025 -0.07562937453235838
0.5452413284382897 -0.07635392254157783
0.5462887046008423 -0.07710818231878169
0.547226419918715 -0.07780572620011128
0.548214969610968 -0.07853584379427475
0.549160488136882 -0.07924392097302599
0.5501574364221181 -0.07994985510745176
0.5511421487443905 -0.08069447898396578
0.5520989367206509 -0.08142244618763464
0.5530437183041835 -0.08215432266990422
0.5540614578227495 -0.08285671681548942
0.5550217533143537 -0.0835953366206125
0.5560218676556371 -0.0842821268124398
0.5569767039768471 -0.0850479147311996
0.557946887382612 -0.0857521308776831
0.5589064997927556 -0.08646738394247513
0.559916502203997 -0.08716593642879297
0.5609014100971982 -0.08791138746683796
0.5618969665864039 -0.08863030121653095
0.562832130982648 -0.08936752822328076
0.5638663760040378 -0.09010239955340937
0.5648139217245413 -0.09078689841468521
0.5657732338298168 -0.09152818671778604
0.5667394065571064 -0.0922447885907697
0.5677361452668018 -0.09296000837431745
0.5686727875060708 -0.0936960389647006
0.5696963682555193 -0.09440578811887108
0.5706429726407013 -0.09516161016700192
0.5716271308794109 -0.0958524529378615
0.5726118526503109 -0.0965482656881523
0.5735321099345044 -0.09729273612603846
0.5745494043532001 -0.09802028175726085
0.5755536991869309 -0.09873408540148812
0.5765324050824409 -0.099454464291487
0.5775139205086545 -0.10017924417217737
0.5784329200754353 -0.10089810229078915
0.5794323845147843 -0.10160890365847373
0.5804205407538102 -0.10235103245154757
0.581391747692774 -0.10308241118570452
0.582329198922917 -0.10380743430800024
0.5833212640267887 -0.10451795205936987
0.5843726862044637 -0.10518991769933661
0.5852904131756033 -0.10592932658302107
0.5862828333574993 -0.1066754139671226
0.5872439555178827 -0.10736062016951112
0.5882127612562177 -0.1081104298828171
0.5892006074685784 -0.10883282438329606
0.5901589751272599 -0.10955450577138037
0.5911749794930429 -0.11027703624705482
0.5921426346661737 -0.1110052153717756
0.5930778809690872 -0.11172325394481877
0.5940752664858725 -0.11243051101429885
0.5950338337417685 -0.11315194981391058
0.5960246400376384 -0.11388680665722534
0.5969983152038328 -0.1146166116727117
0.5979979803830747 -0.11531940284579328
0.5990036035574805 -0.11605437025916365
0.5999520206647372 -0.11677137129354487
0.6009436715315476 -0.11750385278784353
0.6018693122430921 -0.11821130341986802
0.6028299515392065 -0.1189448521516728
0.6038202084575125 -0.11965238848521226
0.6048070530417721 -0.120377578603866
0.6057809156851525 -0.1211044795671995
0.6067614517981977 -0.12183978451033006
0.6077587765037457 -0.12252067765294183
0.6087660380662582 -0.12326451215849593
0.6096853403697332 -0.12399454458670045
0.6106889904732428 -0.1246838638417345
0.6116636782074617 -0.12542094247021476
0.6126472399781518 -0.1261576603746406
0.61358899919252 -0.1268797508454012
0.614552792098037 -0.12758527524895868
0.6155634588888014 -0.1283081837826928
0.6165089357712686 -0.1290447266975162
0.6175197539338696 -0.12976562243828932
0.6184884592224401 -0.1304785202800755
0.6194136763921557 -0.13118581381983394
0.6204291080264367 -0.13192572548380865
0.6213788711351781 -0.13263984914586754
0.6223520210106562 -0.13336878284550596
0.6233392253649276 -0.13408069899348174
0.6243298876918776 -0.13481406730811868
0.6253281218838976 -0.13552173253327343
0.62635358148196 -0.13625322861029843
0.6273137015042057 -0.13697457792602918
0.6282290249442685 -0.13769908507817388
0.6292247839921866 -0.1384176343069369
0.630206754265534 -0.13912459553957135
0.6311766351501326 -0.1398587898644043
0.6321152206082173 -0.1405771243423653
0.6331361529704101 -0.1413009059410853
0.6340622438569291 -0.14202822277993965
0.6351206036218885 -0.14272141940498428
0.6360461273139159 -0.14345921513197646
0.6370035734155514 -0.1441848790798788
0.638035473486909 -0.1448996779255121
0.6390041000608689 -0.1456168628875158
0.6399582042653206 -0.14635308800897842
0.6409326516952693 -0.14706484129884456
0.6419550335629848 -0.14779648278668872
0.6428577396958576 -0.14851740375749117
0.6438769787949469 -0.14924078679658634
0.6448067587071383 -0.14995427120460675
0.6458226138910214 -0.15068724603233816
0.6468227286930385 -0.15139971984979356
0.647786663627757 -0.15211597751892736
0.6487509700464603 -0.15284215163831386
0.6497487386173627 -0.1535698907641609
0.6507094474324745 -0.15428185202388162
0.651696691809906 -0.15502226887289208
0.6526440336628957 -0.15571755338745913
0.6536543107921963 -0.15645391715268084
0.654613894855001 -0.15717457199582355
0.6555516924230244 -0.1578894187528112
0.6565924985477464 -0.15861002937471158
0.6575437228092585 -0.1593324325058916
0.6585218500265423 -0.1600571108660651
0.6594832146975717 -0.16077556410723912
0.6605057158049074 -0.16150047257301536
0.6614114954493736 -0.1622170267938811
0.6624506308733445 -0.1629350883711183
0.6633607253151569 -0.16366571269859828
0.664379305367245 -0.16438507282194514
0.6653207672347249 -0.1651013485275828
0.6663111642582259 -0.16583233541889092
0.6672844932841141 -0.16655029098200644
0.6682934285144108 -0.16727188561444473
0.669247268820132 -0.1679936193980748
0.670212970457949 -0.16871604963876927
0.6711479164014232 -0.16943296726808552
0.6721521813642045 -0.17015748368337785
0.6731416670695479 -0.17088558377526397
0.6741807573253721 -0.1715919873803354
0.67509587784929 -0.17231604169818515
0.6760974210351914 -0.17303849313656267
0.6770407119243679 -0.1737616328457135
0.6779719735835666 -0.1744867203552928
0.67899579110655 -0.17520667287588268
0.6799568337141461 -0.17593330018469458
0.6809666490062832 -0.17665362848881253
0.6819371032261731 -0.17737510957372868
0.6828824185420611 -0.1780847226890681
0.6838869008413354 -0.17881095744289965
0.6848548552560033 -0.1795349931260616
0.6858808884522797 -0.18025583014952581
0.6868055725445096 -0.1809767775242605
0.6878242061266172 -0.1816978674182504
0.6887281932805044 -0.18242050665659337
0.689762571999807 -0.18314321898147487
0.6906809946651945 -0.18386119045941027
0.6916923444051418 -0.18458307556914944
0.6926570721458399 -0.18530155081824187
0.6936733539620125 -0.18603013156881557
0.6946302932076723 -0.18674877070892915
0.6956004865661888 -0.18747403978938296
0.6966197920580001 -0.18819419761328632
0.6975178949245141 -0.1889142591005403
0.6985534342452532 -0.18963424809497387
0.6995322739380029 -0.1903556047761426
0.7004868031942678 -0.19107831374111006
0.7014233417806545 -0.19179725220838614
0.7024667937845116 -0.19252181972198767
0.7034295299418335 -0.19324047484949744
0.7043582070046507 -0.19396538383150497
0.7053397869884456 -0.19468061724821126
0.7063280909592317 -0.19540596177707792
0.7073133381521092 -0.19612755050078717
0.7082781165764523 -0.19684897914333216
0.7092713459939471 -0.1975684925608519
0.7102133618181111 -0.19829155039773935
0.7111985668556172 -0.19901418480622288
0.7121869427313708 -0.19973479071539837
0.7131584481544965 -0.2004560817572583
0.7141366548610931 -0.20117800250441295
0.7151280707565096 -0.2018982309539644
0.7160939317416778 -0.20262215548131093
0.7171128865395001 -0.20334298384237526
0.718068375300459 -0.20406495647169007
0.7190382357099451 -0.20478531347597226
0.7200193518531622 -0.2055064304003279
0.7209911941649468 -0.20622777421444455
0.7219716158739257 -0.20695091343546085
0.7229188324040735 -0.20767107858580336
0.7239056674074046 -0.208392276298011
0.7249092142498502 -0.20911491067055318
0.725826411047033 -0.2098357073283116
0.7268373784959882 -0.21055709746675413
0.7278284151519273 -0.21127823346616176
0.7287565197590519 -0.21200038986782985
0.7297604309144107 -0.21272090341068098
0.7307222551535172 -0.21344294056504323
0.7317745265552044 -0.214164349248856
