#C1,C2
-0.2503486564643217 0.5064822965897263
-0.2493486744431207 0.5057894047125125
-0.24834869060558262 0.5050464438217661
-0.24734870571749096 0.5043849400100183
-0.24634872042979838 0.5036612586572865
-0.24534873606582136 0.5030853238352838
-0.24434875396219302 0.5021226836636793
-0.2433487799769593 0.5015777945031796
-0.2423487970651143 0.5007759615257684
-0.24134879777288454 0.5001322333285638
-0.24034881476687675 0.4994225451574255
-0.23934885523836102 0.4985833736097088
-0.23834886382523257 0.4979086530155176
-0.23734888532958953 0.49715955477657064
-0.23634890078880683 0.49653917203778014
-0.23534891479029135 0.4957971877933797
-0.23434891469982916 0.49498842615699395
-0.2333489352447804 0.4944083273862851
-0.2323489566763764 0.4935788944861412
-0.23134897213943012 0.49267269011271125
-0.23034897377118663 0.4921122311563992
-0.22934901119692264 0.4913910985654156
-0.2283490396438917 0.49068792836999603
-0.22734899948660067 0.49006136129359884
-0.22634906963223872 0.4892515036496535
-0.22534906642778663 0.4885023539005457
-0.22434908809842913 0.48786665132973
-0.22334910605036873 0.4871288945289031
-0.22234911473789773 0.48642312223435297
-0.2213491105858616 0.48568559860978006
-0.2203491658354979 0.4848379271639504
-0.2193491467691716 0.4839486160141933
-0.218349149121412 0.48362137600563176
-0.2173491627534025 0.48284543512192907
-0.2163491947863561 0.4821030441296446
-0.21534925002412836 0.4813492290709472
-0.21434923154993918 0.48060376444075886
-0.2133492869689585 0.47986837070525573
-0.2123492872171624 0.4790773755162871
-0.21134928545260842 0.47837664715674283
-0.21034931200637896 0.47778259841505416
-0.20934934342891934 0.4769496965162498
-0.20834933086479854 0.4762770532449791
-0.20734941217328906 0.4755269218099529
-0.20634942121810665 0.4748009158924245
-0.20534940385812084 0.47418099943003794
-0.20434943160624933 0.47336674756927893
-0.2033494649707837 0.47266152047825033
-0.2023494371009354 0.4718422797709782
-0.2013495154698957 0.47128766972619557
-0.20034950527990453 0.4704734893733649
-0.19934945144977467 0.46966005232073643
-0.19834958501114133 0.46896760538214205
-0.19734955667569928 0.46825746574215416
-0.19634954140567035 0.46757629068972956
-0.19534958610255976 0.466967826874688
-0.19434963030167113 0.4661690886129683
-0.19334961984462454 0.46545546625848716
-0.192349710289687 0.46480765476599334
-0.19134962263001154 0.4639501295983098
-0.1903496649867822 0.46327683563857275
-0.18934966129623243 0.46268090897554753
-0.18834958062830065 0.46174554787934513
-0.1873496894617385 0.4612102013224247
-0.18634972230899075 0.4604770826356958
-0.1853497744304179 0.4596018621297235
-0.1843497178838353 0.4588923560946702
-0.18334983608519334 0.458325152469312
-0.18234981378324788 0.4574576052734122
-0.18134982851131887 0.4567802804561117
-0.18034977490542375 0.45614531515389484
-0.1793498885059146 0.4554489923218667
-0.1783498846558546 0.4545186540744404
-0.17734993558046136 0.4538780308036719
-0.17634988833547335 0.45321954005029325
-0.1753498650174552 0.4524463945330394
-0.1743498177051534 0.4516524223878688
-0.17334989856211153 0.45092918069919147
-0.17234995456342095 0.45035383034229187
-0.17134999463705364 0.44955319768884777
-0.17035000090557229 0.44884466970185094
-0.1693500173646022 0.4481833763475929
-0.16834998293727915 0.44751993797326145
-0.16735014600141507 0.44667490103319724
-0.16634998727927802 0.4458988861525562
-0.16535011143511524 0.4451179677986897
-0.1643501695961362 0.44444491369691813
-0.16334999905639047 0.44384307705102116
-0.16235015248555426 0.4430813219660817
-0.16135026329349775 0.44227196677022435
-0.16035011685709055 0.44168693718715707
-0.15935014053539787 0.4410094707528512
-0.15835012740591975 0.44028958981063243
-0.1573500505169087 0.43952318671971485
-0.15635026768074295 0.43881424988164136
-0.1553500826406372 0.43793579652505726
-0.154350246006881 0.43736146711291185
-0.15335025795924978 0.43655845766301465
-0.15235030228486526 0.43586710647977184
-0.15135023236375889 0.4353327120667974
-0.15035039610267617 0.4344374107135231
-0.14935035164925603 0.43370098260558304
-0.14835047444404703 0.432948386232146
-0.14735031302799823 0.4323463278965612
-0.1463503729690182 0.43152789275758957
-0.14535038536771727 0.43078713444247924
-0.14435028604806083 0.4300807881974717
-0.14335033885037626 0.4293830846477081
-0.14235043444407836 0.4286271223547314
-0.1413505864109081 0.42791693219751165
-0.1403503999467812 0.42722209554897955
-0.1393504848217893 0.4264492596393616
-0.13835038714470949 0.42579252427785724
-0.1373505556218631 0.425000785691038
-0.1363506876803029 0.4242225610280986
-0.13535071651266206 0.42356760165526824
-0.13435056986788102 0.4228881435507235
-0.13335067735337475 0.42213637585345415
-0.13235051406046677 0.4214585622789497
-0.13135055606136647 0.4207571070663831
-0.13035072386740817 0.4199462258884585
-0.12935070572437607 0.41929929605127686
-0.12835076162114886 0.41855309339672747
-0.1273506623935223 0.4177258660548408
-0.12635075770764942 0.41706589318128623
-0.125350744702005 0.41636404974688496
-0.12435093074687792 0.4157087219992491
-0.12335082094503089 0.4147734690839017
-0.12235082659039054 0.41429542951934434
-0.12135082269667619 0.41349946595920567
-0.12035085798465309 0.4128811058237814
-0.11935077744933323 0.4119685832609476
-0.11835081819207502 0.4113627796710045
-0.11735097925144239 0.4106393124671905
-0.11635076502132993 0.4098466319408897
-0.11535089147940211 0.4090700126662011
-0.11435070042854986 0.40846795005954933
-0.11335087588673776 0.4078016002624479
-0.11235097433273486 0.40699191103299887
-0.11135086214756593 0.40629399031672636
-0.11035069610964354 0.4056377004768709
-0.10935126279753202 0.404836282320113
-0.10835093356747066 0.40413566312391563
-0.10735097975382824 0.403352483464742
-0.10635109356916869 0.4027927888328539
-0.10535114322101205 0.40182672529309343
-0.1043510363081937 0.40123231324854775
-0.10335120820538149 0.400522538667834
-0.10235086272871141 0.399775133348294
-0.10135120643631976 0.39907137249883257
-0.1003512453555086 0.39835065604043746
-0.0993511136078849 0.3975931533395633
-0.0983510703264423 0.39691302421841795
-0.0973511420143798 0.3962589016348142
-0.09635104664000588 0.3954620111259401
-0.09535110275228076 0.39481258279194836
-0.09435132442188066 0.39389273343506465
-0.09335114371925979 0.393267969734781
-0.09235150981059187 0.39240636285982183
-0.09135138039194113 0.3919638944025274
-0.09035156702330438 0.39113692874520484
-0.0893515330024256 0.39035370755074056
-0.08835149574524484 0.3897069802272591
-0.08735144742110221 0.388988707636802
-0.08635135526688326 0.38827911219124406
-0.08535137630427767 0.3875497052528815
-0.08435145447875655 0.3868993825788564
-0.08335148133951328 0.3860630014047361
-0.08235167428716059 0.38535826305859816
-0.08135135762873058 0.3845784352126292
-0.0803513775853208 0.3839964966049249
-0.07935154788298551 0.3831721833877642
-0.07835168247551336 0.38248932534141694
-0.07735153010551024 0.38172236368881346
-0.07635147089482197 0.3811198854648999
-0.0753515401172169 0.3802545447237536
-0.07435165886858472 0.37945231689190045
-0.07335141142171048 0.37895106095750747
-0.07235167772843393 0.3781312230945592
-0.07135155897118403 0.37739397010948433
-0.07035163627958183 0.3768887786035285
-0.06935148482687764 0.3760304859519031
-0.06835166708123547 0.3752891446725722
-0.0673518885095846 0.3744828881423063
-0.06635173442304354 0.3737648800580398
-0.06535180929091608 0.3730571245744239
-0.06435174529424673 0.37238124441902315
-0.06335179277578654 0.37166519992785435
-0.062351726126586154 0.37095188248987904
-0.06135182222693414 0.370260870726046
-0.0603517017086011 0.36938989222521607
-0.05935178399616417 0.3687103064963582
-0.05835172760240259 0.3679898793051661
-0.05735179607748353 0.36728911650853097
-0.05635178639995703 0.3665523025334941
-0.05535192768568847 0.3658406936340484
-0.05435211495473652 0.36518040763094567
-0.05335184571948026 0.364505272445568
-0.052352018073755974 0.36365972479700087
-0.051352030873850846 0.363018259228119
-0.050351858299610086 0.36232767716776765
-0.049352077131447125 0.36155361325404106
-0.04835174690522437 0.36088133548413887
-0.047352064539745636 0.36011855996362024
-0.046351997956001034 0.35938773897551285
-0.04535217152328472 0.3587083549076951
-0.04435223462855506 0.3578969464777135
-0.04335195825152943 0.3571421178520838
-0.042352458782620894 0.35658340336834576
-0.04135190530476704 0.3558571003518793
-0.04035220130683295 0.35506810073328093
-0.03935220062239769 0.35436739435749104
-0.03835207513611197 0.3535773974123157
-0.03735205688813162 0.35284843385797476
-0.0363522805740622 0.35215176603702797
-0.03535222067898813 0.3514362773602194
-0.0343523647401498 0.35075531135012844
-0.033352046011105196 0.3500468139635529
-0.032352204115433075 0.34931504721392453
-0.03135248523557885 0.3485944710223268
-0.03035229437672216 0.3478133031495197
-0.029352464693071848 0.3471266419965214
-0.02835233049901065 0.3463364490695457
-0.02735194042379119 0.34564501372629347
-0.02635215369173186 0.3449812838259007
-0.02535280297523149 0.34427705706499684
-0.024352763645718953 0.3434879998247025
-0.023352377916599224 0.3427531083110857
-0.022352484396552883 0.3421057375662227
-0.021352308746815183 0.3413686482033838
-0.020352239607272397 0.3406766655778957
-0.01935261702150196 0.3398487675927054
-0.018352434268209126 0.33917994040997373
-0.01735296604176254 0.33843162309844815
-0.01635244499303973 0.33768664894908745
-0.015352800502282524 0.3370096020649786
-0.014352301550100813 0.33625898905320034
-0.013352897081796464 0.33564972209660376
-0.012352656434360013 0.3348195583839418
-0.011352541155320726 0.3341764866707854
-0.01035237583637558 0.3333822842539092
-0.009352357195436232 0.33265478614242366
-0.008352506054374546 0.33197781133084175
-0.007352831917312234 0.33125797788141237
-0.006352855405322547 0.3305526198944601
-0.005352531801071956 0.32990998549456435
-0.004352406540211271 0.3291027623708315
-0.003352681432621133 0.32847626494574395
-0.0023527015627067306 0.3276209357663466
-0.001352944961084488 0.3268895108680659
-0.0003530235635332869 0.32627166737712926
0.0006470983205424906 0.3254560787676694
0.001647352044354674 0.32474249113272385
0.0026470349281376114 0.32403379029962426
0.003646877288360658 0.32337900201694864
0.004647154385913229 0.3226772943783956
0.005647236069010127 0.32176467813822435
0.006647329822307254 0.32116701299676315
0.007647282123692641 0.3204205141434509
0.008646983690751061 0.3195655925763013
0.009647155838182427 0.319108282088635
0.010647028264954391 0.3183162134546616
0.011647180765099515 0.31749391142430866
0.012647086721174813 0.3167164658866332
0.013646610013005264 0.3161168970054485
0.014646798351193532 0.31534952849699377
0.015647060165424772 0.31458340872641616
0.01664653993442727 0.3139754499979163
0.01764664350215017 0.3132260373808728
0.01864707166524709 0.3125443862105914
0.01964669180917616 0.31174893996633596
0.020646821835686165 0.3110341382134149
0.021646841489873777 0.3102986294174321
0.02264702468602686 0.30958182240423554
0.023646924564423463 0.3089252059951855
0.024646596160939057 0.30821232237520196
0.02564694490804636 0.3073770577228249
0.026646911123455293 0.30668463416680375
0.027646600355060055 0.30594952137543135
0.028646776650869395 0.3054208324013255
0.02964666616104616 0.30453078037998554
0.030646479340864004 0.3038047486481478
0.03164652572593574 0.30314866996281037
0.03264678404935889 0.30235218294331917
0.033646656093334226 0.30177070492156594
0.034646755132382634 0.30097607387607944
0.035646816269661985 0.3002397645613187
0.03664654398843953 0.29957107650875986
0.03764672783568307 0.29877099592565753
0.03864699086421802 0.2981267161107966
0.03964679098392171 0.2973643954287433
0.04064654207519952 0.29664904340955484
0.041646763116548136 0.29590911537832726
0.042646672664227336 0.2951389801056807
0.04364657939990435 0.29448471682388594
0.044646358657880914 0.2936825903540636
0.04564626825088719 0.29298980614811837
0.04664663370560246 0.29227435557604803
0.04764603737747802 0.2915572705426082
0.04864666631691417 0.2907960006597547
0.04964627525012533 0.2900868525924382
0.05064639980775687 0.28934704627151503
0.051646585650902854 0.28878320428593435
0.052646267552805714 0.2878825920694689
0.0536459989941917 0.2873245708568318
0.054645938573321506 0.28645864383582015
0.05564671837790097 0.28581662768394706
0.056646364291350504 0.28509754642402824
0.0576464105376433 0.28433550921335476
0.05864608528170434 0.2836750706411056
0.059646229353148617 0.28289155114392167
0.060646376043326566 0.28215282844335315
0.06164582284900261 0.281506201956286
0.06264640403951938 0.2807430903363077
0.06364589103285756 0.28001749018009386
0.06464629686128232 0.2792164109045521
0.06564594487866776 0.27858528742945393
0.06664585055962247 0.27790109286656467
0.06764608277850742 0.2771045257268629
0.06864611097333817 0.27638644889490843
0.06964603384597068 0.2756960027471899
0.07064613297761552 0.27497705298982983
0.07164554900476161 0.2742720567676283
0.07264590849698954 0.27355200369129967
0.07364574465954721 0.27279246049392775
0.07464597870389328 0.2720794872197339
0.07564620866712041 0.27134385258960386
0.07664600447572228 0.27064208695439906
0.07764565765125037 0.26996826231394394
0.07864555734905115 0.26925256267584186
0.07964586260780793 0.2684709317760494
0.08064598646394355 0.2677099318719875
0.08164569212827116 0.2669937482128552
0.08264566776973742 0.2663341232526849
0.08364557661826216 0.2656386056642083
0.08464564097899763 0.2648194643487775
0.08564594745622434 0.26413116828760824
0.08664546502429654 0.2634591503628436
0.08764584710783335 0.2627515609297174
0.08864581012646483 0.2619672126076077
0.08964559622029511 0.26129332953470874
0.09064561818806649 0.2605382121119076
0.0916451501102068 0.25981381182716196
0.09264592202515615 0.25908277709146077
0.09364567369793492 0.2584080993050727
0.09464528469288991 0.25775643643467033
0.0956452376614807 0.25692938816327676
0.09664523278709236 0.256181269577382
0.09764576780999412 0.25556464753705876
0.09864526338630991 0.2547837543650684
0.0996456872979854 0.2540753276418037
0.10064575851204638 0.25328107526073196
0.10164535874037856 0.25263511228890273
0.10264543114339697 0.2518743324995713
0.10364529944624823 0.25113008102483786
0.10464523585992641 0.2504405970350033
0.10564542415583589 0.24975990164136472
0.10664559304592613 0.24897608690867926
0.10764549875860163 0.2483152536697341
0.10864566449192664 0.247595267022253
0.1096450206562325 0.24678079623883978
0.11064479587823811 0.24608653424609764
0.11164522926180415 0.24537968356199427
0.11264491300064167 0.24473471864842614
0.11364508426154063 0.24400940359607218
0.11464500109580095 0.24330314392232258
0.11564517959644594 0.24257110131547835
0.11664530404058177 0.2418393820137871
0.11764512289620738 0.2410338047445271
0.1186449593441456 0.24026473364059045
0.11964488244753341 0.23966720139937894
0.120644678205787 0.23885586427317482
0.12164469556215274 0.23820831858707506
0.12264446719726363 0.23746232064889575
0.12364513774621833 0.23669174598262635
0.12464456218232695 0.23596797638976194
0.12564496968422095 0.23533208859063495
0.12664488096764842 0.23460385192135544
0.12764503276251038 0.23383110597628967
0.12864458021896769 0.23315898250589415
0.1296455890152296 0.23241039844659048
0.1306449292279393 0.23169297825642218
0.13164476669843433 0.23098781805339355
0.13264473965615559 0.23020671044065147
0.1336452307501892 0.22962275479060926
0.1346442286424102 0.22873770826286885
0.13564474379211638 0.22807365381705155
0.13664474141954258 0.22730189437293205
0.13764529521491242 0.22662565940286497
0.13864458464031437 0.22589239973176647
0.1396444169151278 0.22528926802550123
0.14064477983103763 0.22445649647144725
0.14164461638996534 0.22376661290328478
0.14264444598599113 0.22296707496485482
0.14364465867367932 0.22224921007202567
0.1446448525556761 0.22163341752124463
0.14564486869843773 0.22085846819612562
0.14664491330058876 0.2201307233558822
0.14764493702154402 0.21944254584021225
0.14864469102972372 0.2187829342052974
0.14964518932163617 0.217975383078276
0.1506445601013583 0.21733441520893168
0.15164558945326 0.21652490840497976
0.1526442405862019 0.2158404384670821
0.15364460797841117 0.21514617465884703
0.15464476248310105 0.2143519766416441
0.15564418055078366 0.21373237665398484
0.1566441979659124 0.21298043729718832
0.1576442934715585 0.21219667729493072
0.1586444331780854 0.211512729995434
0.15964448303315387 0.21079758828764192
0.16064368074386376 0.21000687441124719
0.16164497106490955 0.20935251713458516
0.1626444992123341 0.20865243434776978
0.1636443363086067 0.20792651746617866
0.16464453133654788 0.20708745013472427
0.16564429620322224 0.20641624938690092
0.16664382148469215 0.20573594318889452
0.16764441179930606 0.20495777210674523
0.168644722861917 0.20426098469941814
0.16964376499389916 0.20349452372521573
0.17064461786313634 0.2028307838765452
0.1716442491946915 0.20212207743338093
0.17264409694142235 0.201457992831686
0.17364437367973568 0.20070330910660614
0.1746436568519129 0.19992852577256018
0.17564434292205716 0.19926320469755635
0.17664432565570476 0.19851356630109976
0.1776443086761329 0.19777253562996713
0.1786442458570997 0.1969337188872213
0.17964402559988518 0.1963162872422732
0.18064460624718193 0.1957022855644143
0.18164366919432245 0.1948816737767383
0.18264476291785564 0.19408108627858936
0.18364377941689997 0.19341325724208655
0.18464413273576286 0.19274957484050279
0.1856438371942844 0.19206766209240575
0.18664403236129112 0.19118035435196487
0.18764390387018592 0.19055961931098295
0.18864443643272277 0.1899069609534749
0.18964372599627866 0.1890725580688872
0.19064415803718798 0.18835872298737036
0.1916436709876564 0.18768983846831985
0.1926440429786747 0.18695226149371455
0.19364444329259828 0.186241305027207
0.19464409221231838 0.1855726224828105
0.1956439751678523 0.18472190019725007
0.1966442444969782 0.1840442312804699
0.19764406010650992 0.1834320784086573
0.1986443658326354 0.1826503077185608
0.19964360409870163 0.1819022017565934
0.2006432970507312 0.18120996689938615
0.20164321502747812 0.18051414541329544
0.2026442589463997 0.17973603536807234
0.20364377606922818 0.17907768182693537
0.20464355039364274 0.1783569890736175
0.20564441897104097 0.17757337416055977
0.2066442949924357 0.176843041995811
0.2076431697841002 0.17611782021080538
0.20864378093932562 0.1753896714555219
0.20964378568547914 0.17468555967449742
0.2106434368056957 0.174003907567745
0.21164396058398116 0.17320371811090993
0.2126435025914824 0.17252727402932203
0.21364334623525122 0.1717303078874953
0.21464281064972102 0.17103798120875965
0.21564399359413322 0.17040476685919612
0.21664391423372198 0.16961712908723595
0.21764404103017682 0.1689643171552381
0.2186426035289764 0.16823892647336694
0.2196430722375684 0.16746378845931384
0.22064399450288735 0.16673301025080137
0.22164314467029828 0.1660657014530911
0.22264293026627646 0.16536299192019618
0.2236438693934194 0.16465428260794382
0.22464302399063102 0.16387211825344886
0.22564335828901266 0.16319697439895844
0.22664379281851188 0.16242660631517383
0.22764370850436216 0.1616814326486722
0.22864343837708007 0.1609481189153867
0.22964333239877166 0.16031750183607282
0.23064270061743958 0.15959820588334192
0.23164288940593558 0.15889750974980701
0.23264384550258482 0.15814925300054136
0.23364278377855657 0.15739555286066123
0.23464384320247456 0.15665062294396684
0.23564300730940452 0.1558901257716451
0.2366446027917113 0.15519324406423587
0.23764381293435205 0.15450028127426066
0.2386440748303274 0.15373149953911672
0.23964345939417298 0.15302828632555657
0.24064307342831992 0.15231502643049863
0.24164366546053034 0.15154103406040595
0.2426424599770855 0.15087611354716426
0.24364268654388577 0.15022613532527254
0.24464310814058227 0.14949232775489127
0.24564307322426454 0.14877749231856205
0.24664172592285177 0.14811094237747127
0.24764294675842458 0.14730807556431932
0.24864347979337675 0.14658401815319724
0.2496433579792135 0.14589719353206546
0.2506429266500517 0.14514328328590806
0.25164270085127005 0.14446830792439194
0.25264356657006726 0.1436522516806293
0.2536429691678328 0.14295379171384517
0.2546421870141985 0.142256637917391
0.2556432294684232 0.14152057788291714
0.2566431004503873 0.1407663976970331
0.25764291811114426 0.14008235021001816
0.25864340471085057 0.1393143860546555
0.25964267962833065 0.1386181698934373
0.2606430677097169 0.13788956737056854
0.26164304767876967 0.13719195303243717
0.26264283594458115 0.1364555867774125
0.26364323515871113 0.1357631058927277
0.26464262387920157 0.1349908715125319
0.26564264168398954 0.1343819121385695
0.2666430877265169 0.13362203981202056
0.2676426536593113 0.13281048071745413
0.26864260876833645 0.13215059395582976
0.2696425004482812 0.13146165860283818
0.2706423837722546 0.13065608588864216
0.2716427560827257 0.12994849313381754
0.2726427173292797 0.12920300675675198
0.27364299692088034 0.1285434647771043
0.27464306026011664 0.12775192448368503
0.27564262058414546 0.12710984643095882
0.2766422686851051 0.12632007904590883
0.2776429024478362 0.12563556822086794
0.2786428200964075 0.12491474307655778
0.2796422232970971 0.12425254569473873
0.28064224883536837 0.12345467046410794
0.2816419757332861 0.1227433435024303
0.28264283058316797 0.12204028324148855
0.28364341091572975 0.12137042647533067
0.2846428850902636 0.12060442518410822
0.28564269950260524 0.11987823176886628
0.28664247784345964 0.11916480746642885
0.2876426576634933 0.11840343667640482
0.28864231381343086 0.11765107890764367
0.28964236666166 0.11699176173340323
0.29064196825661637 0.1162099785893985
0.29164288349460465 0.11560135607234903
0.2926424540707856 0.11483722332387
0.2936427206353913 0.11410931759371704
0.29464236580006153 0.11340596051130133
0.2956426921548998 0.11268219356179807
0.2966420371566211 0.11190465697990262
0.2976423690486011 0.11118300231507847
0.29864197775803036 0.11050094395604762
0.2996427430078086 0.10978553289659695
0.30064249965489387 0.10904019656037464
0.30164200869114866 0.1083038636962623
0.3026424689053475 0.10759753592285046
0.30364237297441765 0.10681554345771319
0.30464282397994746 0.10611374922681957
0.3056422483032597 0.10536332490428194
0.3066422802310045 0.10467483059060353
0.30764217336352684 0.10403052763996148
0.30864221577615525 0.10326159768603518
0.30964220324853653 0.10257257694771874
0.3106419309904289 0.10184916264985025
0.3116420527095438 0.10110907401844724
0.31264232769337974 0.10036452215179156
0.3136420215255695 0.09970573598011431
0.314641487681111 0.09896322606558425
0.31564225857392425 0.09820371936055103
0.3166417623561978 0.09753591396633896
0.3176421339925307 0.09677101919993655
0.3186415204188565 0.09599333624992631
0.31964192177083006 0.09530897857540918
0.32064125825412526 0.09460633330898041
0.3216417866108586 0.093891222083579
0.3226426663748233 0.09317923134369036
0.32364203260701163 0.09245468748200616
0.32464121574143734 0.09174572391232663
0.3256418499792224 0.09100921240678098
0.32664192098488964 0.0902691778646981
0.32764149689483646 0.08957057980407171
0.3286419838761707 0.08884631853611344
0.32964164532675155 0.0880917971512993
0.3306412365645104 0.08743140736992924
0.33164153850155387 0.08669410621342041
0.33264106664337323 0.08600234121758979
0.333641190140082 0.08523117727741095
0.33464126666709415 0.08451543643823453
0.33564083044406856 0.08382710818475184
0.3366418382299782 0.08307883598671226
0.33764165330744245 0.08231217922899883
0.3386414576652603 0.08162958757606717
0.3396416947498071 0.0809043517569388
0.34064156223796516 0.08023862789443417
0.34164205582839624 0.07946504284783659
0.34264153156019805 0.07878345760587505
0.34364234108157043 0.07803376093757061
0.3446405305388598 0.07725772872458217
0.34564179749112445 0.07659816175623926
0.3466412129042882 0.07585451717313604
0.34764134966299776 0.0751309943160762
0.3486407955502121 0.0744120819840616
0.34964159938574324 0.07371443591918467
0.350641181472623 0.07299294360272893
0.3516405478663174 0.0722616546333891
0.3526416635523363 0.07144305374266549
0.35364171630863717 0.07081330664225602
0.3546414317216616 0.07006886613094596
0.35564091583969437 0.06940429324731537
0.3566422095513727 0.06867050048837106
0.3576401084455011 0.06795649786268534
0.358641154961449 0.06725472664552071
0.35964113819516585 0.06642417065349479
0.3606417273001572 0.06575250187653944
0.36164121486049783 0.06504724725099412
0.36264160569371784 0.06432781359825787
0.3636412366285693 0.06359684045579547
0.36464118020835634 0.06285438518406009
0.3656411640300228 0.062109794964580606
0.3666416527511084 0.061433016364453724
0.36764047814712086 0.06066982554754649
0.36864025758927144 0.05995348541645343
0.36964125364986833 0.05927528170382321
0.370640543764195 0.05855270979602564
0.37164114635528966 0.05780164510621863
0.3726419407931847 0.05709331632022244
0.37364168801310726 0.056348283533720095
0.3746413856071601 0.055676096118711854
0.3756411639336652 0.05494635993285371
0.37664005213522556 0.054197955165786654
0.3776401084210045 0.053470639313163176
0.3786399044736558 0.05282206954127963
0.379640960924041 0.052064011569802976
0.3806410993472592 0.051366077884647005
0.3816401270859988 0.05062668833485465
0.38264024941290176 0.04988067795916104
0.3836412532781027 0.049070915738635895
0.38464081412336804 0.04849567357258541
0.3856406504986667 0.04772536221493526
0.3866414869969459 0.04700644804471213
0.38764163821407205 0.04628178100568822
0.38864029235512565 0.04554524468812285
0.3896395130257143 0.04481645334667919
0.3906402793660897 0.04412755518291897
0.39164093163365765 0.0434043393313063
0.3926405834715835 0.04265474025809282
0.3936399926454779 0.04193136333502809
0.3946403202170907 0.041208455781354986
0.395640197507672 0.04050983667612931
0.39664093231077324 0.039769485894953244
0.3976406417851841 0.03908215519491595
0.39864079138149255 0.03836176960257129
0.3996404822202594 0.03760447996309893
0.4006399829843975 0.03687956731590189
0.40164005592539487 0.03614522658236782
0.4026411058116054 0.035474648436136375
0.40364145786393457 0.03470065662373917
0.4046400897850221 0.03405815702539555
0.4056392998633649 0.03331617375860499
0.40664085403040817 0.03256855006954809
0.4076400235612425 0.03186402232598523
0.4086402308489354 0.031136892215780722
0.40963973009423826 0.030414149489534883
0.4106407731274725 0.02966844644521149
0.41164018180733064 0.02900078694640509
0.4126404582365554 0.02823961074241157
0.41364004125473464 0.02752544593565223
0.4146406448684986 0.026767448618580988
0.4156403166702797 0.026081270456492636
0.4166403100432843 0.025367775880373224
0.417639896970476 0.024660143114892504
0.4186409444648329 0.023907081098425344
0.4196406385374727 0.023201118083334745
0.4206400179216717 0.022504968332297034
0.4216396808213514 0.0217686057453742
0.42264097850817584 0.021031012920761868
0.4236396672210663 0.020330693939438423
0.42464005053264464 0.019597467596391357
0.42563978122507706 0.018814934376066513
0.42664096851659494 0.018145016638828084
0.42764009072076625 0.017425245267348784
0.42863903071498566 0.016664333203804445
0.42963942713262504 0.01600084524623335
0.43063973234601416 0.01529438317057882
0.431640887156442 0.014561304599561255
0.4326392052842114 0.013821612584502426
0.4336388001915338 0.013139511387260019
0.43463964081350626 0.012367212778234517
0.4356392571348875 0.011676358591567178
0.43664055134575686 0.010932815664167119
0.43763932812370987 0.010234604621946666
0.43863971896700515 0.009472084683609962
0.4396401734637345 0.008787189632243588
0.44063974780038884 0.00803844403898232
0.4416396253947872 0.007323662424408652
0.4426399368701791 0.006603605668535819
0.4436395916761843 0.005896646613479325
0.44463972032876553 0.00518623362661921
0.44564049879170264 0.0044588986025322595
0.44663971772807565 0.003727642773786285
0.4476392048848383 0.002974136023723619
0.44863929181215045 0.002277159694639371
0.4496398472584754 0.0015842542402854896
0.4506392277172051 0.0008334576471188924
0.45164010964600665 0.00012017624172452543
0.4526394570966562 -0.00057649150110212
0.4536393135226645 -0.0012995341303596065
0.45464009754346113 -0.0020699466917988053
0.4556393088273726 -0.002767726971825899
0.45663991307811436 -0.003506874058655466
0.45763928033638135 -0.00419680889667615
0.45863920267348857 -0.00494207623987972
0.4596402559318369 -0.005696515744643891
0.46063933531317247 -0.006365965428018958
0.4616399565577636 -0.007117353632760507
0.46264040227734526 -0.007834872814387387
0.4636389200939731 -0.008490999369150102
0.46463929558110706 -0.009318358680207004
0.4656389294821537 -0.010007059061397237
0.4666390989426814 -0.010709024420687194
0.4676387700023833 -0.01142074815668315
0.46863876735052823 -0.012150059370746705
0.46963878106159285 -0.012906592660587527
0.4706391138623719 -0.013612955815559217
0.47163948909606845 -0.01432991085067881
0.47263845110002634 -0.015044747358954478
0.4736378292171346 -0.015795625389371185
0.47463793130860754 -0.01645813301179772
0.47563838813340786 -0.017195348909793354
0.4766384570224713 -0.017946429825455693
0.4776385796881457 -0.01861626117887494
0.47863960148422247 -0.01936823831165466
0.47964008932233204 -0.020088103381852133
0.48064033374365644 -0.020798889241097743
0.4816395975096819 -0.021510381798648923
0.4826392133041023 -0.02226062796414988
0.48363876898201696 -0.022951251320845998
0.48463961569066794 -0.02367402729049953
0.48563997628408184 -0.02441242590117471
0.4866392183396401 -0.02519476891294795
0.4876389998085481 -0.02587612459431735
0.4886400008329006 -0.026580340951644164
0.4896391158277059 -0.02729790504211763
0.4906398859034431 -0.02801241208922062
0.49163906716662986 -0.02877362831733524
0.4926385677657038 -0.029479791772505568
0.4936389700995566 -0.03020468509322419
0.49463847639634406 -0.030899248931844845
0.49563927493888205 -0.031654643479478994
0.49663914612924287 -0.032330809525667886
0.49763839289513045 -0.03306422030831735
0.49863786343534056 -0.03383016896834959
0.49963840547623806 -0.03455954457022223
0.5006393738614007 -0.035234253120574544
0.5016391716115582 -0.03598746704797093
0.5026390084663828 -0.036680581659337075
0.5036385260019041 -0.03742560445910123
0.5046374971136657 -0.038138858412097965
0.5056383932165682 -0.038864948100144736
0.5066378645715686 -0.03956796252474609
0.507639172942217 -0.040281251529019624
0.5086377163714753 -0.04105003032184712
0.5096394590738763 -0.04175291031331932
0.5106381671979421 -0.04244366150884371
0.5116388606678554 -0.04317437269524235
0.5126385955907047 -0.043885137354931464
0.5136385343593908 -0.044644227303512085
0.5146380267746656 -0.045342407158496995
0.5156379145610197 -0.04607311936496916
0.5166390222529585 -0.04678573967446856
0.517639231253598 -0.04749436697185774
0.5186389035850991 -0.04822663854334017
0.5196381547577806 -0.048943960358387134
0.5206383860537905 -0.04966448374341073
0.5216378297022618 -0.05040595849247387
0.5226386131704536 -0.05112301603028488
0.5236376241541832 -0.05183999606428566
0.5246382817905425 -0.05256705601561004
0.5256374279743342 -0.053230142940807024
0.5266388891054833 -0.053996543539872266
0.5276383848647769 -0.05470903081569739
0.5286382082027018 -0.05546813991044666
0.5296382602162141 -0.05618868916030659
0.5306389483363046 -0.05687033386561094
0.5316377444975823 -0.05760677217619581
0.5326367421224988 -0.05833024254657865
0.5336382320953165 -0.059039581126827834
0.5346382161762034 -0.05975200023948099
0.5356388584224708 -0.06047535258518438
0.5366380539526133 -0.06121922360038398
0.5376378022885048 -0.06197125847089091
0.5386385187989137 -0.06266671289011536
0.5396380482097375 -0.06338766134400087
0.540639365910797 -0.06410173857653709
0.5416382054867671 -0.064836609643106
0.5426378971475029 -0.06551746381276705
0.5436373559805013 -0.06628981781017243
0.5446382695852928 -0.0670178881220759
0.5456390566214647 -0.06772756692927592
0.5466389564394915 -0.06843851743167481
0.5476377592432614 -0.06915828205739152
0.5486387969424741 -0.06985451992143887
0.5496381975584735 -0.07059629881346213
0.5506365511758428 -0.07130376788310128
0.5516382292631655 -0.07204967341497134
0.5526387286199687 -0.07278563023980042
0.5536388025905764 -0.07350788082318307
0.554638169454296 -0.07420434701941958
0.5556373248562313 -0.07492658259085042
0.5566375623149179 -0.0756802584128771
0.5576381041875084 -0.0763599187595059
0.5586377341980627 -0.07709239734495732
0.5596370952872572 -0.07781167463112823
0.5606381769975132 -0.07853280403879201
0.5616385437713961 -0.07924297622060789
0.5626376866965036 -0.07997710451206913
0.5636375855364179 -0.08070806491438032
0.564636984171088 -0.08142102460757047
0.5656383368723318 -0.0821340779467713
0.5666377571839493 -0.08286482544915527
0.5676359997671913 -0.08356224190418751
0.5686375628388255 -0.08428093908302078
0.569637914254835 -0.08504251678796393
0.5706365714175036 -0.08575227720664455
0.571637087982311 -0.08646517682905894
0.5726382052742666 -0.0871966716546119
0.5736384921369045 -0.08792143352729198
0.5746373558625261 -0.08863847063609667
0.5756385929752962 -0.0893399691149071
0.5766373047221353 -0.09006134036948062
0.5776381159460647 -0.09079029344145229
0.5786386659831301 -0.09150005825254938
0.5796376067189452 -0.09223522861167478
0.5806375355310492 -0.09295687122331411
0.5816371373202863 -0.09366996859367499
0.5826373855441928 -0.09442212224012038
0.5836380204020343 -0.09511249677963562
0.5846374789513483 -0.09582851149672449
0.5856365393252744 -0.09658038018272866
0.5866370636929757 -0.09728864922910789
0.5876379847682872 -0.09800272868933879
0.5886378644190448 -0.09871464686382128
0.5896373289092413 -0.09947009758783043
0.5906366910806168 -0.10015050963534744
0.5916376341714483 -0.10090932742186731
0.5926374981060308 -0.10164655263283823
0.5936370024545304 -0.10233262743751112
0.5946368679212332 -0.1030667688903928
0.5956374035491595 -0.10377580731964359
0.5966379610618594 -0.1045178909542355
0.5976367169103122 -0.10525596183804378
0.5986372815770843 -0.10595163263620944
0.5996363877076675 -0.10666955317330071
0.6006369620642348 -0.10738320968649462
0.6016364967084339 -0.10811670828541392
0.6026368362199909 -0.10882891992611768
0.6036364302491471 -0.10956675816484773
0.6046363017366058 -0.11027982675077991
0.6056359075946823 -0.11098619578706176
0.6066370823661066 -0.11170608895020273
0.6076367842740537 -0.11244202241525972
0.6086360516631831 -0.11315897057606578
0.6096376989618532 -0.11387880397277705
0.610636893285443 -0.11461806872932642
0.6116357313886848 -0.11531713285748649
0.6126367145872921 -0.11604089845807405
0.6136362272115282 -0.11676157742221527
0.6146379567479464 -0.11749762066049904
0.6156368168341203 -0.11821137894303643
0.6166357932556582 -0.11892429232796259
0.6176378533886321 -0.11965726956892436
0.6186374177026598 -0.12037828468981521
0.6196368772316715 -0.12107702402753184
0.6206370830940894 -0.12182207424595787
0.621636781293014 -0.12254745133243133
0.6226360603296625 -0.12325414542663057
0.6236375108253692 -0.12397092198337523
0.6246359294830243 -0.12470217231148745
0.6256374783653676 -0.12542083354576228
0.6266371935672782 -0.1261538824458144
0.6276375433197784 -0.12688435382858626
0.6286366279811334 -0.12758987052708007
0.6296375630503609 -0.1283116853117558
0.6306361980476781 -0.1290213199956547
0.631636867032009 -0.1297406808569979
0.6326361895657943 -0.13048048910730853
0.6336369998885109 -0.13121233706564855
0.6346361620803819 -0.13192173403242263
0.6356370413204614 -0.13264309674074
0.636637523646924 -0.13335214584070273
0.6376370491266531 -0.13408921602786344
0.6386347172152999 -0.1347920129811344
0.63963657951685 -0.1355167545534217
0.6406361604858638 -0.13625057410810446
0.6416361363660344 -0.1369626480617192
0.6426373750590532 -0.1377026011543196
0.6436363252861442 -0.1384066854980157
0.6446361751728099 -0.13913556506769398
0.6456368665760933 -0.13985064325126303
0.6466366945420822 -0.14057555438087224
0.6476364018012192 -0.14130818453916338
0.6486361570451685 -0.14201603521669354
0.6496351394467713 -0.1427333447254654
0.6506373655540444 -0.14344815532291066
0.6516377385177089 -0.14417113859070657
0.6526366312733901 -0.1449038390506842
0.6536363514626066 -0.14562619761121107
0.6546370670884346 -0.14635162909988592
0.6556357023187932 -0.14706764019500282
0.6566361769279222 -0.14778024896208447
0.6576362558542354 -0.1485111430537811
0.6586361169809093 -0.14923098539336455
0.6596350405659864 -0.14995249652494447
0.660635487323669 -0.15067493124480205
0.6616364079874785 -0.15139563459306896
0.6626361222371148 -0.15212074350803093
0.6636364639337063 -0.1528454828594969
0.664636906747475 -0.15356482997694335
0.6656362584308512 -0.15428337733524752
0.6666360115294082 -0.1550103372843443
0.6676364745039803 -0.15573071566777263
0.6686362324810559 -0.15645435632893692
0.6696349264512921 -0.15717036864219613
0.6706355866473873 -0.1578889244410492
0.6716358338217653 -0.15862139564194982
0.6726361727823765 -0.15932874767959662
0.6736358242167163 -0.16006416136929924
0.6746359508643268 -0.16078020534844362
0.6756360400940876 -0.16149367863027586
0.6766357762192413 -0.1622208046658106
0.6776364760093437 -0.16294564927122213
0.6786343953851007 -0.16365209665162067
0.6796367860333735 -0.1643834133465163
0.6806364271380813 -0.16510343952651202
0.6816363792588432 -0.16582662722306923
0.6826362489494616 -0.16654633005674682
0.6836366407477928 -0.16726599162165925
0.6846345300108266 -0.16799115938597042
0.6856350027867489 -0.16870976518593586
0.6866363938769674 -0.1694307268314673
0.68763577661919 -0.1701525366053547
0.6886349917395039 -0.17088011533384273
0.6896346004092918 -0.1715993630190225
0.6906365398688955 -0.17231832975636804
0.6916351708822793 -0.17304575495678778
0.6926358663436633 -0.17375770187373102
0.6936357291263716 -0.17448998686288195
0.6946363513327426 -0.17520713828897672
0.6956356216346281 -0.17592224463716374
0.696635110553076 -0.17665496448371548
0.6976372294017409 -0.17737285370613484
0.6986352635867689 -0.17808838191488932
0.6996354117512719 -0.1788103105896885
0.7006349660929251 -0.1795311790362792
0.7016352170291597 -0.180255483109769
0.7026346050435112 -0.18097895911853942
0.7036344088587093 -0.18170517247134763
0.7046362808008227 -0.18242165375108527
0.7056361013129778 -0.1831397489674847
0.7066360439098108 -0.18386486049752873
0.7076346706523341 -0.18458979885860194
0.7086356251977867 -0.18530931222896535
0.7096354067670122 -0.18602773018279267
0.7106348105574966 -0.1867443860939774
0.7116352563413936 -0.1874726166819462
0.7126353664471538 -0.18818688263259356
0.7136357181127625 -0.18891002212888652
0.7146353382160838 -0.18963330209833182
0.7156354812851698 -0.19035936495004802
0.7166358559788187 -0.19107808824771835
0.7176335469374596 -0.19180059617008413
0.7186349729884852 -0.19252271200405913
0.719634740729643 -0.19324290873095912
0.7206356676079412 -0.19395985163506962
0.7216338581653475 -0.1946836722873171
0.7226361628148817 -0.19540717268463825
0.7236352881816431 -0.19612639569373774
0.7246352513221134 -0.19684928444859548
0.7256354089489613 -0.19757173589243715
0.7266344167684143 -0.19829315680666443
0.7276337686346489 -0.19901444347348474
0.7286358403060563 -0.19973613500951637
0.7296358715484267 -0.20045545300840797
0.7306355787056945 -0.20117432212099198
0.7316340544068985 -0.20189962591544294
0.7326346667691209 -0.20261958786398007
0.7336346428251727 -0.2033432546081693
0.7346341578786116 -0.20406436824987792
0.7356339307054601 -0.20478468426894625
0.7366362132180478 -0.20550836823260318
0.7376346268535775 -0.20622782600287262
0.738635194627426 -0.20694956698340117
0.7396358415319765 -0.2076686068890916
0.7406354987175251 -0.20839372114907595
0.7416334545996214 -0.20911390033121588
0.7426359942371762 -0.2098355497983575
0.7436349979305615 -0.21055673500495836
0.7446342516770891 -0.21127846155675772
0.7456351658278492 -0.2120004019072931
0.7466342147146466 -0.21272131861398408
0.7476343886995857 -0.2134428939880466
0.7486340858304595 -0.21416416470301763
