#C1_inf,C2_inf
0.0 0.7213734301177968
0.004558735116800716 0.7208351468766652
0.009052819996463346 0.7200843863716049
0.013538880107588303 0.7195309126005593
0.01799590529286843 0.7187985324927834
0.02245062543697507 0.7180986000823002
0.026880723055023537 0.7173813323781255
0.03126738438664456 0.7167987849419255
0.03564951230286961 0.7159975654875697
0.03990644353079065 0.7153796367839175
0.044274746787146935 0.714531413648693
0.04846954719812602 0.7139998149243754
0.05276735130896393 0.7133654902682954
0.05699256078761772 0.7127162870331939
0.06120117878643838 0.7121072854703748
0.0653204945940925 0.7115315701201345
0.06952480648973991 0.7107460600541191
0.0736637642989042 0.7099848316770858
0.07783040351179604 0.7094480493009221
0.08195311966708663 0.7087531823401534
0.08594309039263848 0.7080697534563418
0.08985110925378681 0.7073106642281946
0.09390245444846601 0.706669133259372
0.09798500838852464 0.706110821329353
0.10195953025305704 0.7052276434147315
0.1057775703880256 0.7046076249539767
0.1097963541659901 0.7038210712318637
0.11367511639932437 0.7031066798972958
0.11750372188509206 0.7025200222035133
0.12142695465132713 0.7019498190663773
0.12526632932558013 0.7010968559374837
0.12903366293153617 0.7005522810819078
0.13282644664609378 0.6999463818606149
0.13659471808140833 0.6991493058441156
0.14038623445543275 0.6984068331261374
0.14414803355103378 0.6977507152879249
0.14777579631093307 0.6971282687171088
0.15150432327800256 0.6963139248609383
0.1551374752534077 0.6955819306921293
0.15878420589479447 0.6949581460220384
0.16250078795861633 0.6943425737358222
0.16607587669799206 0.6937362907568267
0.16955209590221554 0.6928387275474488
0.17325332527210624 0.6921876776451822
0.17688220657296205 0.6914803694439544
0.18037453587363894 0.69080115693899
0.18382299388603807 0.6901585274298998
0.18735031330625773 0.6894832238074216
0.19084384469729776 0.6886246574369552
0.19423631624914994 0.6881354556544137
0.19777761689331008 0.687359772353504
0.20103996096498533 0.6865943644136475
0.20450985295135915 0.6859572099925358
0.20800375289149908 0.6852402152017711
0.21127303943818776 0.6846238440958015
0.2147228612747747 0.6838660362855575
0.21807387827731994 0.6831189562757016
0.22143212337115825 0.6824850984652259
0.2245989472888439 0.6817652914175212
0.22787882049527453 0.6809649503088275
0.231295017425584 0.6803570770049
0.23444701438443194 0.6797399614824284
0.2378103572272655 0.6789041781582719
0.24098107796231438 0.6782236640449214
0.24410025837664273 0.6775392644033322
0.24742361070720975 0.6766525141652371
0.25056201080124607 0.6760883125101058
0.25362959243980643 0.6753473086126627
0.2567683528057805 0.6746197837580006
0.25993532382652074 0.6739089162429356
0.26297835366699396 0.6733717214505501
0.266035406662266 0.6724554223419508
0.2692042013058096 0.6718993789636898
0.27218287144048925 0.6712505328694987
0.2753001862076131 0.670541937919773
0.2782717423663381 0.6696216061615685
0.28129187568410785 0.6689709849827199
0.28430920317450403 0.6683451831200848
0.28737918762828585 0.6675509001810331
0.29020916564738963 0.6668263287960426
0.2932227432464314 0.6660813339887178
0.2961372503846843 0.6655169374138854
0.2991532405695886 0.6647474826196791
0.30213235444384334 0.6639233448701607
0.30503842172799855 0.6631287611361438
0.3078369490353414 0.6624313430920035
0.3107527217494701 0.6618560289913039
0.3137564744004391 0.661041175478555
0.3163895115610661 0.6602366836479066
0.31923298386016985 0.6597503523686963
0.3220626334024159 0.6589544694515549
0.32480799367899293 0.6582172187373432
0.32757721601867396 0.6574904394513892
0.33047268330686985 0.6567114722798468
0.33322537559958654 0.6559866714766498
0.3358370287390463 0.6551652307425515
0.3386933981242015 0.6545886606714506
0.34138631070930747 0.6538576117861186
0.3440527870667123 0.6531465683794635
0.34674520449940915 0.6524635849937613
0.3494830202293068 0.6516455540193307
0.35231345561196625 0.6509974485243109
0.3548238091920082 0.6501702735492286
0.35741087872690136 0.6493308967676348
0.36039738400534216 0.6486679627357219
0.36265647228067666 0.6480151823186309
0.36536786400161536 0.6470430902413592
0.3680450801204387 0.6466416780989781
0.37063687453744965 0.6458827844612375
0.37314254328897967 0.6452267275964537
0.3756250090209876 0.6443333537452189
0.3781545065503561 0.643518623299171
0.38080354149953455 0.6430123806293491
0.383263329779133 0.6421514386531706
0.38576781065404386 0.6414506801389094
0.38824862190091325 0.6405975669527202
0.39078392581552823 0.639914938889024
0.39325287147696897 0.6391879905362341
0.39582726993797246 0.6385083479702867
0.3982522819036981 0.637638380085847
0.40071613213551105 0.6370732937291663
0.40294268527349963 0.6361074601006662
0.405495154975947 0.6355119253341588
0.4078416167133374 0.634707636877215
0.4101975190159708 0.634051319554747
0.41262768122072835 0.6333624217950802
0.4151515352188342 0.6325030478998744
0.4174595088932812 0.6317798777534722
0.4198792367507139 0.6311461585490468
0.422249786863802 0.6303616543784234
0.42454045367698023 0.6294700917245009
0.4269578134922135 0.6289258131687512
0.4291864623335001 0.6282066115057774
0.4313339304905479 0.6273885471482648
0.43377891397335266 0.6266376650048789
0.4359338808393065 0.6258940881514024
0.4381987041506835 0.625102686401602
0.4404065379791895 0.6243643081173568
0.4428195489549034 0.6235924575754421
0.4450825588870181 0.6227259931379903
0.4472837475636199 0.6221918487110472
0.4493493112475231 0.6211061040641037
0.4515427913450534 0.6206350482304384
0.4538986419401687 0.6200084705189847
0.4561489416872092 0.6191118746909121
0.4582606485315601 0.6183793743871897
0.4603527997717508 0.6175782122654316
0.46254808747262055 0.61680287637028
0.4647337732161446 0.6160418939910679
0.4667993345997389 0.6154805466012165
0.46890365605639117 0.6146568210355805
0.47125591850784765 0.613883108516234
0.47329163060229984 0.612896981314219
0.47533323739032973 0.6123635488992973
0.47731311378704044 0.6116643568720899
0.47945635337618064 0.6108940251335467
0.48154086729380663 0.6098623392844811
0.48363832763375936 0.6092507222308403
0.4856921159941716 0.6085016239605052
0.487733168138459 0.6077664467785282
0.4898574181825277 0.6070724563266865
0.49194030469401073 0.6061151857581373
0.4938401866134986 0.6054982073883668
0.495775374747754 0.6047085679286498
0.4980254131342392 0.6039158067129852
0.4997907132362145 0.6032768861125681
0.5018174826920674 0.6024864973528119
0.5038181347603576 0.6017811932177373
0.5056829016046669 0.6010936665509494
0.5078055803566573 0.6001388497506317
0.5096627613676694 0.599234891498044
0.5116645869039603 0.5985763104481769
0.5135379575667538 0.5977782419375803
0.5153238919352008 0.5971197348648554
0.5174180300721267 0.5964167659683124
0.5193082348774511 0.5955190735170448
0.5212316766191013 0.5947246656223535
0.5230647569454883 0.5940529220414084
0.5250558821582287 0.5932800423257614
0.526925111535435 0.5925276169902463
0.5287489449059174 0.5915920882809743
0.5306473494665014 0.590895310457917
0.5324006958519392 0.5902739583941472
0.5342694841779063 0.5895029747981899
0.535942872748779 0.5886152432150085
0.5379692891289891 0.5878167739561251
0.5395789348489199 0.5870898312579877
0.541631297500301 0.586238465414209
0.5433550710745334 0.5853964473708818
0.5452015509856749 0.5847389090286375
0.5469826841485887 0.5841364338306712
0.5486762466141359 0.5833115288124768
0.550553891822428 0.5823055297083103
0.5522064675744005 0.581672031221629
0.554011241984397 0.5808131753100578
0.555758269072352 0.5799979414669396
0.5574905619052881 0.5793487109752367
0.5591258187722894 0.5784963956732806
0.5610827922155359 0.5777039772115702
0.5628317690169402 0.577130920556054
0.5644363255732425 0.5762081639134893
0.5664102658549293 0.575559821239207
0.5677788469431388 0.5746738723198032
0.5694026409505508 0.5739383934632631
0.5712897836159443 0.5730818248198242
0.5728262112685937 0.5722329210814292
0.5745085507833265 0.5713678091019783
0.5760738108517267 0.5706388089015759
0.5779936698015042 0.5700013493020828
0.5793425100235409 0.5691392548509331
0.5812408788752754 0.5683511990846708
0.5827619006269104 0.567642687917478
0.5842343239263228 0.566583439234591
0.5861065238587171 0.5661165798206773
0.587531856519184 0.5652013580539568
0.5892361619744639 0.5643601064018686
0.5907788411672374 0.5637009743246277
0.5923381234478136 0.5629150383889063
0.5939970283865859 0.5621647628479669
0.5955230577221386 0.5612104356202396
0.5971506631904986 0.5604383166148306
0.5987616561869666 0.5596660738911101
0.600255436711592 0.5588833297156307
0.6017800063142686 0.5581055181032042
0.6033446237955777 0.5573133952826612
0.6048445295264331 0.5564503035288103
0.6064828705918206 0.5557089927211426
0.6080138893512226 0.5550048452798082
0.6093646451157586 0.554348331604728
0.6110194884357353 0.553381724777532
0.6123923873790282 0.5527828517488352
0.613882863156175 0.5515630860990108
0.6155962597541259 0.5509576250104812
0.617042478930039 0.550194223901799
0.6184380077157665 0.549407561109946
0.6199094943585577 0.5485241825749223
0.6214638381817565 0.5478673625667903
0.6226692298368799 0.5471372540422507
0.6242062040720843 0.5461543864431629
0.6256814575234835 0.5455021612207787
0.6272489559595931 0.5445794154777844
0.628659250886842 0.5437363505901567
0.6301357984586088 0.5427566886591441
0.6314576432519767 0.5421046902064512
0.6329382604909914 0.5414031686812852
0.634523705904992 0.5405450289117186
0.6356610076137041 0.5398054022099671
0.6371748470257346 0.5389951609406857
0.6385799513207652 0.5384021753836872
0.6399188256016022 0.5373410579929657
0.6414479834144122 0.5367359721143554
0.6427657053804672 0.5358173147058898
0.6441021908431487 0.5348853744791859
0.6454550980935991 0.53435317499993
0.6467707618895437 0.5332579027968392
0.6480972273702388 0.5325594570951124
0.6494513307446248 0.5316951405270567
0.6508408851454361 0.5310331769960694
0.652206444525924 0.5301260766275212
0.6534873087145311 0.529291610627365
0.6548152792989281 0.5283940149058268
0.6562567323972089 0.5277556983484166
0.657483739726603 0.5270062439119525
0.6587502352771925 0.5261509502476078
0.6600724327886738 0.5251848754454772
0.6615402321815047 0.5245380349497235
0.6626808203859031 0.5236177664123903
0.6641043188469578 0.5228931609057823
0.6653625683911817 0.5219859673999783
0.6665128446375466 0.5211620193363586
0.6678465586404531 0.5204856685098314
0.6691461551341931 0.519589782608576
0.670586505416203 0.5187949125146991
0.6715694540323969 0.5180892823117486
0.6728806081607608 0.5172790152293213
0.6740615848297676 0.5166030984972771
0.6753196775747959 0.5153373421061815
0.6766602331263445 0.5147747546396405
0.6778375023352694 0.5138513502866564
0.6790904085124949 0.513133150098972
0.6803292754959165 0.5123244170189855
0.6816370550556876 0.5115658567844725
0.6827899759941822 0.510591724908558
0.683796943648919 0.5099488746340586
0.6852717882518213 0.5088632189968513
0.6862387093887363 0.5083103764891309
0.6876116663959224 0.5074479289322421
0.688838191097856 0.5066542739196552
0.6899318270521387 0.5057530215680335
0.6910415025947956 0.5050279042938873
0.6922871755239683 0.5042231588287991
0.6934925589043199 0.5033308683864024
0.6945825925682672 0.5026075897969366
0.6957002201668794 0.5018046445088669
0.6968226069257679 0.5008957507149525
0.6981816301006272 0.49996444971114073
0.6991698054025492 0.49922347101419706
0.7004918925973397 0.4984561282493155
0.7014631429688998 0.49778983752043116
0.7026134523575178 0.4967951484672527
0.7037016946103828 0.49608126666221186
0.7049182723734083 0.4953206267514795
0.7061156091173842 0.49428274977361275
0.7071825319416324 0.4934437820392382
0.7083273178254921 0.4927461087110031
0.7092773280189835 0.49196793419247
0.7104359070119461 0.49103849641795805
0.7115789966891635 0.49016554644350574
0.7125477364059714 0.4894724667734637
0.713602377237091 0.4886252139478199
0.7147831629431131 0.487694205996562
0.7159262508163475 0.4870096053844917
0.7169740669408273 0.48620110752561974
0.7180505287885681 0.4850049480048616
0.719140556956321 0.484417817263081
0.7201847966799826 0.48380410671932095
0.7212324062934976 0.4828039631485005
0.7222990998456196 0.4818518380351423
0.7233125413887764 0.48097040041490313
0.7244743127936184 0.4802624528170749
0.7253968846546855 0.47941634474217654
0.7264648278463491 0.47870691809765664
0.7273668541621865 0.47785202147779704
0.7285161762391134 0.4769804913161886
0.729487699752742 0.47593785926061427
0.730588203423377 0.4753285353101985
0.7314982691376526 0.47430944728204716
0.732703556996084 0.4737651057595399
0.7335198985639512 0.4728415563906485
0.7345219628030634 0.4719669191459478
0.7355311695510613 0.47117023306234207
0.7365103358698247 0.47040468990337914
0.7375263468818993 0.46935767620305047
0.7385720909766065 0.4686725844374763
0.7395120805848173 0.4679629928274185
0.7404938077477342 0.46685777733015865
0.7415455686060546 0.4661870900881109
0.7424969363037632 0.4653551610483293
0.7433605481520831 0.46468026773913096
0.7443370218931684 0.4633220779470256
0.7453629622380308 0.46283007268816756
0.7462320491797317 0.4621163366914779
0.7472822508101036 0.46120563546786675
0.7482939780265635 0.4603123641700043
0.7492689579958469 0.45966284594226514
0.7500940880055444 0.4585854133693563
0.7511213614130609 0.45766936616020804
0.7518954196386164 0.456874168306322
0.7529489032132013 0.4561109699678979
0.7539824879413721 0.4553804334590501
0.7547774814159571 0.45457150016763814
0.755682194246692 0.45389010358405424
0.7564996419652558 0.4528211045374436
0.7574444118034513 0.45194198014596965
0.758379820875921 0.4509041369966392
0.759215928702718 0.4501440043562225
0.7601351436560972 0.4493417953311464
0.7610058128835383 0.4486251045600401
0.7620945053414705 0.4478644051598756
0.7627910841487368 0.44696969567144573
0.7637611098455339 0.4460811596802058
0.7646128581498108 0.44522808035092265
0.765637910743443 0.44442423772564454
0.7663823412711399 0.4435605779622498
0.7672475084846472 0.44273497332681266
0.7681581504289658 0.44192992031253064
0.7689766073487246 0.44106755701339995
0.7698255046159577 0.44035868535834055
0.7708153204120789 0.4394009690748075
0.7716202530318002 0.43838069523859646
0.7724390295677437 0.4377954780693031
0.7731986617813512 0.4370100976856066
0.774028606260226 0.4360525084625314
0.775007009010874 0.4350241137150964
0.7757641613113058 0.4342194787618686
0.7766678992780065 0.4333599169106567
0.7774159440164841 0.43276759956556876
0.778120405878209 0.4318618452232066
0.7791501760481724 0.4308559539109972
0.7799272442809405 0.43024529289108837
0.7807999616740386 0.4293329260011831
0.7815764703038379 0.4284092499033699
0.7824589557740577 0.427662152177965
0.7831805687262272 0.426758320222157
0.7839158516484404 0.42589339658753256
0.7848489576801462 0.4250014258751742
0.7856353642795477 0.424099670449937
0.7863589113548226 0.42332104444309493
0.7872572688811228 0.4224169029703887
0.7878824951692032 0.421483160940357
0.788764792919329 0.4207157288878408
0.7896490362169952 0.41992360617253854
0.790426113185065 0.4190810478243766
0.7911670321770804 0.41829631770799036
0.7918690393724102 0.4173866323446124
0.7927810336130072 0.4165592438399355
0.7934511938606221 0.41582243342583913
0.7942258765352859 0.4148423610834856
0.7948653822914307 0.4139707817886962
0.7956503075725787 0.41322005476085666
0.7965178968929717 0.4123507023250884
0.7972056289094573 0.4114225228734285
0.7980558198879167 0.4108282834811726
0.7987973160805931 0.40964370589409815
0.7995836298319534 0.4086936607197934
0.8003006495660739 0.4082113277497238
0.8009643539960761 0.40721761216407104
0.8018086728146577 0.4065114433077578
0.8024025352705744 0.4054778914500673
0.80319087105994 0.4044657822114831
0.8038072196876029 0.40374841320525734
0.8046349516436582 0.40280367102408643
0.8054574713625109 0.40219112726898953
0.8062145043537244 0.4013640040712778
0.8068271027637026 0.4003469735943569
0.807624865529007 0.39965497419704643
0.8082942377987756 0.39881004139018505
0.809023764463304 0.39787440754942405
0.8095731500311212 0.3970403426324025
0.8103376666923268 0.39630616823671583
0.8111258575186691 0.39529270051192655
0.8118273184041704 0.39438066508720826
0.8125002034338484 0.39344029895542654
0.8131759672040565 0.39278797740732263
0.8138841805142158 0.3918664669134079
0.8145722368732589 0.39103653683965645
0.815167279562566 0.39014921078107734
0.8159725135821114 0.38927573210580635
0.8167283107137294 0.3883803314533657
0.8173209742834097 0.38746440434613894
0.8178572043592125 0.38692620488420804
0.8184882503279558 0.38593053628157814
0.8192485320844671 0.38514465362346995
0.8198975346022885 0.38410412693313023
0.8204753493047248 0.3832985206546846
0.8211558113806074 0.38229115163961735
0.8218838576226957 0.3816808218542591
0.8225391410758995 0.38077258893107757
0.8231712517345091 0.3800285590249254
0.8238063600050043 0.3792522961158614
0.824582241378892 0.37818356237449935
0.8250926908238949 0.3774377511389704
0.8257774126629767 0.37653512977621173
0.8265439810037203 0.37581588644718233
0.8271436892273965 0.3748320840507341
0.8276839214840941 0.3740277955327329
0.8283034774533885 0.37318100693160805
0.8290595602321104 0.3723448420090948
0.8296771241126949 0.37126974190059336
0.8302302604543176 0.3706794754565509
0.830772369892866 0.3697506560785654
0.8316222233252765 0.3687938175768274
0.8319608851462099 0.3681533071712816
0.8326488759967818 0.3669111300351089
0.8331477095817648 0.3662530197662921
0.8338673491296541 0.36552655495723874
0.8344755514959599 0.36441450893274363
0.835116806284143 0.3635554739433543
0.835823574940153 0.3630218171915963
0.8363940567164203 0.36212297790123027
0.8369582854526347 0.36110386887934565
0.8376736600867719 0.3605017489035489
0.838196740683149 0.3594206286183169
0.8387194256388364 0.35854717163879546
0.8394251115676926 0.35742733829523343
0.8399880371360714 0.3570811120368762
0.8405558955569434 0.35585622295810926
0.8411258888769184 0.35503663619727854
0.841631593216972 0.3543451963632386
0.8422432174741198 0.3534918969398645
0.842846519694581 0.3525044241374097
0.8434807201713694 0.35182612669872504
0.8439683472073308 0.3509830772628091
0.8446146291003299 0.3500870021585921
0.8451675239564082 0.34935878855162905
0.8456855494905189 0.34811682377670594
0.8463426555572096 0.34742229075184705
0.8469099687344632 0.34648049809285586
0.8474758176873671 0.3458194043708669
0.8479251645533055 0.3449023835715289
0.848471931109503 0.34388942241634046
0.8489300961173193 0.34319605935761666
0.8496257908186882 0.34227020917048934
0.8501589701169898 0.3413861176503912
0.8507225760661342 0.34060326732220714
0.8512047996190679 0.33982372229878965
0.8517620464266875 0.33881120016051824
0.8523451165714695 0.3379714342665975
0.8529819526437392 0.3370937839683309
0.8535553052941615 0.3361948254878634
0.8539293643958735 0.3356237156503048
0.8545316545129258 0.3346480307512616
0.8549943300617452 0.33366708832103475
0.8554753124933151 0.33274227322473526
0.8560576062929596 0.3319329880729923
0.8565818055825368 0.33113453457318176
0.8572266494950438 0.3300935341924375
0.857714668464562 0.3293458967111693
0.8581562504734288 0.32848058460471974
0.8587477679325615 0.3275188519968063
0.8591923841180392 0.32697016797865985
0.8596272557036114 0.32621116369873504
0.860125552716225 0.3253756130869705
0.8607387038573509 0.3243555064585254
0.8612726462083806 0.3233680664791252
0.8617750286824861 0.32248639082340746
0.8623005360884077 0.32179666802338125
0.862657525743393 0.3210424672947144
0.8633443801555061 0.31995272304851086
0.8637741182352208 0.3192926276051864
0.8642664044592354 0.31837294839349184
0.8647115338293321 0.3174039280114934
0.8652100567845602 0.31673153485983585
0.8655730796393603 0.3158026043242751
0.8661785522239045 0.314840706346313
0.8666204172422757 0.31407003536125155
0.8672646641917785 0.31299446601811076
0.8675712357831864 0.31230894777328533
0.8680425097425676 0.31148351929609897
0.8686358871242001 0.31043212703187617
0.8690581698425399 0.30991396061055365
0.8696880995052425 0.3090656970399167
0.8701013676497538 0.3081091514477151
0.8704889982406023 0.3073083640198737
0.8710410435434282 0.30643884983292613
0.8715129099666074 0.3054913638338391
0.8718688632287828 0.3048323665968955
0.8724770083527507 0.30367755232385385
0.8728151536717851 0.30296962123409366
0.8732861228158288 0.30196758097851917
0.8737513394115247 0.3012238902026835
0.8742308238770038 0.30015976146808
0.8747363847156828 0.29926384016736407
0.8751539555559139 0.2985419412895949
0.8755679506554177 0.2978053402602522
0.8760474426636691 0.2968863979773758
0.8764942482973872 0.2958085580969432
0.8768936040178474 0.29512153040639455
0.8773763659613918 0.2942568728921364
0.877843102234672 0.2934442953415567
0.8782573585041668 0.29257916669173656
0.8786434330520223 0.291986895972813
0.8791906338649828 0.2908811201268964
0.8795296427211012 0.29012040952320095
0.8800150711457675 0.28915235240268256
0.8804309467535688 0.28829574706504657
0.8808849786803991 0.287387429288982
0.881291946874424 0.28667181889504423
0.8817891439074691 0.28595509996723
0.8821906032993198 0.28499688757141184
0.8826080815392247 0.28403760652815735
0.8831027260085926 0.2832855638746089
0.8834624467242888 0.2824985807545256
0.8838712082751288 0.28168733331992535
0.8843777701876275 0.28065740778309356
0.8846798690454317 0.28013966793644696
0.8851182430994341 0.2792425399451306
0.8855088913812809 0.27827446431828173
0.8859993616092569 0.27737177921019274
0.8864381901746211 0.2765500498076442
0.886768885391718 0.2756500063327494
0.8871607974279287 0.2749771589780763
0.8875012347370567 0.27385637531569373
0.8880424682396248 0.27319137652498515
0.8883687842281273 0.272206156323891
0.8888318517899344 0.2715424705477649
0.8891859137327701 0.2706002091932064
0.8895720097153077 0.2694643501191122
0.889901921006767 0.2687851344869041
0.8904065363812146 0.2680332425316979
0.8908217834934785 0.26707715247105446
0.8911682569641567 0.26640035301114773
0.891575019530865 0.26551283438701356
0.8919713441414976 0.2644104494193912
0.8924600091970925 0.2638666873776513
0.8927627248516925 0.2628559794849413
0.8931780909536583 0.2620256741016892
0.8935164279680519 0.2612563752341044
0.893931748622589 0.26046995695291486
0.8942935769951827 0.25938373853940366
0.8947566159348568 0.25866576421007137
0.895033230080221 0.25769858620484
0.8954525119720026 0.2568464661981026
0.8958418195209841 0.25633589391384637
0.8962156853553196 0.2552592870905447
0.8966527765429231 0.254373195533402
0.8970106062827499 0.25357540674688606
0.897411077087673 0.25279201977233545
0.8976894033343753 0.25182701739384206
0.8981109498696591 0.2511163850686383
0.8983417370360856 0.2502421273861525
0.8987829762575322 0.24927271312396992
0.8990926659988656 0.24838996749646391
0.8995934875095457 0.24753832428204348
0.899881247567425 0.246845212993678
0.9002046509036388 0.24611140388594388
0.9006568175467077 0.24514795494664476
0.9009118776991455 0.24442115716252344
0.9012561763409332 0.24350749888265788
0.9015957593216992 0.24258015940667377
0.9021004321898205 0.24174399397442703
0.9024000554085798 0.24102840305769746
0.9027166799558913 0.24015788571644714
0.9030929397219887 0.23936001424619402
0.9033820792161579 0.23853372204841794
0.9038143018635149 0.23775083346300752
0.9041568618602572 0.23677939519708935
0.9044281414000356 0.23594484451711606
0.9048166498803106 0.23518894633605447
0.9051987874028726 0.23408288265140276
0.9055241535417456 0.23348648466308242
0.9058211102246664 0.23246831014733849
0.9061884715283056 0.23170678670574785
0.9064777055708442 0.2309800267561245
0.9067991382797932 0.2298743638932612
0.9071716133342965 0.22903779563982907
0.9075680738335045 0.22837805272244427
0.9078273573673391 0.22766953254759292
0.9081568229208737 0.226665611697636
0.9085313016884272 0.22582453050384876
0.908876943224663 0.22504110526609067
0.909178778238136 0.22418692715693678
0.9094553431436703 0.22355908514142753
0.9098877898881643 0.22272535083983158
0.9100904405026814 0.2216030573172183
0.9104285149511995 0.2208847967385602
0.9108340274651917 0.22022462255891473
0.9110634788512483 0.21925766386194645
0.9114071925433628 0.2184174779920851
0.9118080661908028 0.21763680307483435
0.9121170745683922 0.2167573505653837
0.9123152140859895 0.21598089860052183
0.9127581334673611 0.2152424714726563
0.9130494985916817 0.21434354245331422
0.9133070859355273 0.21332088240919267
0.9135624583678397 0.21245360374864042
0.9138950417042236 0.21202762762233074
0.914276603709887 0.21091805340373526
0.9145605504965968 0.210093509541736
0.9147542579638266 0.20918657260611417
0.915123729546121 0.20835828989817828
0.9154431935526216 0.2075827211508301
0.9157328187880275 0.20687194136313614
0.916003321773357 0.20602474930746595
0.9163504273450676 0.20507507558707472
0.9166346145012743 0.20445320611674966
0.9168851854439777 0.20366866129584493
0.9173234971349974 0.2026833720965433
0.9175533957787599 0.20186989790913878
0.9178873574547748 0.20109959837666513
0.9181381584040821 0.2004146186050233
0.9184491110442906 0.19956303197740088
0.9187778110445305 0.19853012829495487
0.9190131363822941 0.19787828529772966
0.9192744365232659 0.197130373426469
0.9195873337660111 0.19608865642043516
0.9198797921381483 0.19524850555217033
0.9202445244332136 0.19448493066266914
0.9203722645691211 0.19370792210651333
0.9207088383783434 0.1928795082738325
0.9209987102939209 0.19220114993709458
0.9213169519461857 0.19132626911326434
0.9216153651166449 0.19038912860256718
0.921855134208917 0.18967504463484808
0.922165540407603 0.18910606761895654
0.9225306910948827 0.18796746385333252
0.9226935995415382 0.18744840651919936
0.9230019296634853 0.18642721708376142
0.9231864698247458 0.1855942527480774
0.9235380140888614 0.18478202110802622
0.9237266374951959 0.18406940372201053
0.9240560308298335 0.18311413463519233
0.924355284442805 0.1825402472655725
0.9245497921921665 0.18151994251472714
0.9249552920894566 0.18062481080922277
0.9251897610832944 0.17988302309149684
0.9254187391570242 0.17926412197533814
0.9257485660301894 0.17824991213273522
0.9259998085817153 0.17742529704248677
0.9261783664403295 0.17689740445382895
0.9264477369718765 0.17595639152857334
0.9267506609846237 0.17506650467005358
0.9270000954372624 0.1742927031229724
0.9273119159465844 0.17361363522176754
0.9274848830156206 0.17285382921578551
0.9277575681776571 0.17188597372000192
0.9280914364567873 0.17112543657032253
0.9282314260985932 0.17030774952562766
0.9284650491925102 0.16978330335049152
0.9287662214703446 0.16880930478463663
0.9290112081748377 0.16796921021261657
0.9292824018947193 0.1671979699901831
0.9296536961783908 0.16643182430363368
0.9298574638261125 0.16576025614097034
0.9300501812008886 0.16476542046174614
0.9302619344385208 0.16396312047158657
0.9305572310221104 0.16310112941313237
0.9309149227644933 0.162409117852523
0.9310899818040224 0.1617217141671562
0.9312951923354671 0.16089810420235318
0.9314948143945541 0.1600161810436007
0.9317108828259576 0.15913377101086323
0.9319990102145348 0.15850799602977395
0.9323014140090922 0.15756979512715907
0.9325504246025001 0.15691868951280652
0.9327927102822176 0.15608463156481178
0.9329261540960718 0.15537587489377025
0.933184218195712 0.15446107211600457
0.933408695661204 0.15374110729802837
0.9336700603920531 0.15305593151208086
0.9339781255337491 0.1522148729349363
0.9341416646425326 0.15138556727126662
0.9344003994072837 0.15082857635551383
0.9346006101562916 0.14995253964755684
0.9348583001634381 0.1491658425871798
0.9351148171102267 0.1483451444351307
0.9352735811897122 0.14753320894994315
0.9355841139887686 0.14671525480550407
0.9358097019105127 0.14600224038098186
0.9360274931401662 0.14527307850859272
0.9362268909098638 0.14465275009424006
0.9365058992581761 0.1436272592699711
0.9367671712573388 0.14295911859400412
0.9368908984712991 0.1420620350930153
0.9371360124469628 0.14148564637587469
0.9374245201097514 0.14069446074725478
0.9375411259930914 0.13978221229158472
0.937781130068024 0.1390273086655599
0.9380399206005625 0.13826934688020442
0.9382596488921354 0.13761230597165341
0.9384482734844004 0.13670679121108742
0.9386760586971168 0.13604261502288684
0.9389279615064832 0.13529274761744825
0.9391095987164856 0.1344186547820997
0.939367298439727 0.1338020204412269
0.9395547901037116 0.13300870819440547
0.9397857888705581 0.13220618388345629
0.9399715596334292 0.13138807172485267
0.9401627890851453 0.13071225133548436
0.9404473535791528 0.1297577358568942
0.9406134118341154 0.12932965769476923
0.9408589992361394 0.128412445504559
0.9410647636465763 0.12787361224098015
0.9413180882871797 0.1270374371354963
0.9414713291021305 0.12627061023435593
0.9416286676786062 0.12541168951521753
0.9418425491975227 0.12484885211235985
0.9420631943472451 0.1239340725945055
0.9422497203730773 0.12313450096946166
0.9424699165437983 0.12251441294915288
0.9427075823287122 0.1216087001370274
0.9429136098805132 0.12079807696476419
0.943125119662022 0.12025464725210133
0.9432752862173627 0.11942141699654552
0.9434959050381391 0.11870911750084401
0.9436465844027505 0.11788626043988093
0.9439043529977271 0.11735490121582881
0.9440850107000357 0.1163792020847012
0.9442689241329831 0.11583997835797932
0.9444894727796672 0.11510057279000763
0.9447884008548724 0.11416710762673055
0.9448828028025238 0.1137676897856037
0.9450715943773528 0.11277457511946143
0.9452392287157627 0.11228020839259956
0.9453875195390293 0.11147590746932323
0.9456744656741389 0.11057167773557364
0.945863993900267 0.11004483921929842
0.9460744829712769 0.1093074314878908
0.9462574971304978 0.10845035821230709
0.9464647665819045 0.10775581276795199
0.9465975831717667 0.10730507956332591
0.946797772902852 0.10638165504012675
0.9469786433645881 0.10575086711961323
0.9471991937465665 0.10472899537567792
0.9474147120403095 0.10422005721750494
0.9475986635475364 0.10369347598382117
0.9477546173585986 0.10267566760036084
0.9478783654715703 0.1021736578646536
0.9480746651140358 0.10134922478252595
0.9482820871205735 0.1007705808125392
0.9484949816668135 0.1001187398515001
0.9486541960867794 0.09934209691799167
0.9488551902365818 0.09855386380280007
0.9490428692779042 0.09793356054687707
0.9491493225691028 0.09713786806611535
0.9493311728990832 0.09640220241056385
0.949564585669529 0.09572038462458143
0.9496884029933814 0.09502914099315729
0.9499307645350901 0.09422354172758396
0.9500251533254637 0.09362729767855615
0.9502423768847628 0.09297606750500331
0.950441344269904 0.09206390610709336
0.9505767356708823 0.0914420109436147
0.9507815713755384 0.0910681029511502
0.9510110949826264 0.09037092625803711
0.9511061901922453 0.0893733247655526
0.9513448982935897 0.08884732761808423
0.9514756853282365 0.08823143767450692
0.9516426729070334 0.08747294808445971
0.9517771533548628 0.08667355236722385
0.9519772722526005 0.08596559088156908
0.9521236795311587 0.0852700285895166
0.9522968901402115 0.08468490541309814
0.9525145260405903 0.08424816667383639
0.9526906715514594 0.08337945169374039
0.9527559509833166 0.08259520493073569
0.9530308013530305 0.0820268403369816
0.9531546828049765 0.08139631968393146
0.9533232998617978 0.08072547710331668
0.9535201761064295 0.0801189144163108
0.9536978531133441 0.07939735390007185
0.9537950132818644 0.07860671932587582
0.9539474372376433 0.07804647535637821
0.954106544669109 0.07737861655605016
0.9543285240684106 0.0768965756393094
0.9544364399449844 0.0761283311043397
0.9546542672849551 0.07517139167980702
0.9548445276938586 0.07478074146219904
0.9549480534663117 0.07412890293494478
0.9550847645213171 0.07343006531512142
0.9552078179313044 0.07284303895013644
0.9554182886440595 0.07229263768498961
0.9556042080233352 0.07137994942636428
0.9557413120525128 0.07075671919991033
0.9558262694909087 0.0701166946945393
0.9560260993347337 0.06941585388869953
0.9561592222405733 0.06896289088212637
0.9563516192552032 0.06833969921858052
0.9565170315101984 0.0675325885468554
0.9566453362315614 0.06709228562981961
0.9568080988849814 0.06640338128205237
0.9570410595434956 0.0658901248077598
0.9571722205194166 0.06528150093836038
0.9572190150495213 0.0644427409358086
0.9574314204613749 0.06390005886789529
0.9575694111962971 0.06315202692744215
0.9577718058136355 0.06242867807934549
0.9578556938116438 0.062145054060953164
0.9579900002612037 0.06115639829201025
0.9581687621858144 0.06068190286685915
0.9583906278154639 0.0601130770571503
0.9584149941391312 0.05964915546792049
0.9586374421485943 0.058845872323235904
0.9587913157367702 0.05821612486111705
0.9588916366576059 0.057830958071728
0.9590343831508463 0.057194015544106636
0.95913682265666 0.05638965844291033
0.959338054407705 0.05584393971627655
0.9594694203436227 0.05525495065008568
0.9595880138793728 0.05459830611781147
0.959753964941066 0.05399489957665671
0.9599087791931034 0.05341656487706681
0.9599884711004193 0.052986922904620815
0.9601484348447644 0.05232342074582752
0.9603174098607747 0.05182452973801732
0.9604381485127517 0.05114778101182582
0.960525321461313 0.05038762695181309
0.9606127672731241 0.05011936880495549
0.9608632721954052 0.04941381399918621
0.9609995784641217 0.048831621724439556
0.9611568594528975 0.048159932317
0.9612261180985996 0.04771500110872928
0.9613751774094048 0.04711696840434876
0.961494545519797 0.046432135705348876
0.9616934592681899 0.04608766297252609
0.9619141186261506 0.04546404473040844
0.9620323961232028 0.04482129348378627
0.9620858418120719 0.04436601801775786
0.9622570316009197 0.04368561496222789
0.9622884678191196 0.043223090846951306
0.9624022733621793 0.04263289743076948
0.9626165034422981 0.042115412292424104
0.9627482173490571 0.04149116099140704
0.9627958738155217 0.04097093722540701
0.9630038573889852 0.040260915792131535
0.9630879336545224 0.04004962830665382
0.9632106953560404 0.039394146418514575
0.9633729407070547 0.03877683878466065
0.9635222338253765 0.03835196575032418
0.9636720284303627 0.03766744890070961
0.9637808116592165 0.03721513070391347
0.9639075012308781 0.03678000476140353
0.9639720224264937 0.03610126962889615
0.9641763792360935 0.0355787418706498
0.9642547890792141 0.03530430550195185
0.9643953457055832 0.034647018885039294
0.9645055026720161 0.03432128533481826
0.9646831438149602 0.033608457503108036
0.964779780289941 0.033378795166358
0.9648894526174517 0.03265928369246174
0.9650245647530766 0.03215838634407042
0.9651107207946882 0.031571794663666775
0.9652581508690445 0.03115982084240665
0.9653810463849994 0.03060863747382281
0.9655077994815849 0.030242219144605675
0.96563814725703 0.029716605402291374
0.9657724373325117 0.029292953297921698
0.9658796200979 0.02875825239202623
0.9659476697433523 0.028194041266052405
0.9660786508477784 0.027760490350233313
0.9661743644241687 0.027302359806294918
0.9664023075086987 0.02680600419259216
0.9664622700653639 0.02633040470938386
0.9665865899694098 0.02589624475746022
0.9667022635378982 0.02554022598369765
0.966845863803729 0.02486793630773232
0.966941058435569 0.02451292463012744
0.9670584267052909 0.02400646007455942
0.9671064799941971 0.02368013529687385
0.9672484108567104 0.02305193341383127
0.9673847550134925 0.022670616841865665
0.9675317744662189 0.022261851146847644
0.9676400894656698 0.02185926763795254
0.9677493271025379 0.021372747459665553
0.9678463879447416 0.020967974218295105
0.967959632667037 0.020619054715692142
0.9680629033017367 0.01998781998936683
0.968199409022171 0.01984144430050283
0.9683373570671211 0.0192593148899437
0.9684004999882004 0.01894149333413031
0.9685275254754243 0.018418179409503965
0.9686396685612064 0.018062948839673743
0.9687505525956227 0.017671820607344402
0.9688357294069119 0.017216600171042873
0.9689742142454644 0.016769109377989033
0.9690674378588958 0.016476752227396085
0.9692190080190594 0.016115902075650057
0.9692564249657385 0.015603910516615027
0.9693526436771629 0.015313970707808489
0.9694715373091024 0.014950086638992444
0.9695824950668007 0.014786178142020878
0.9697358809347832 0.014205222071597579
0.9697881090957045 0.013811278824373496
0.9699254726811585 0.013652382294699117
0.9700147415731312 0.013100008746310454
0.9701263036652806 0.012840915992718638
0.9701549655283095 0.012394622235292974
0.9703497673503038 0.01212830525430797
0.9703917793594341 0.011623999361016879
0.9705391441144009 0.011283012967173489
0.9705875709606459 0.011025790752023257
0.9707772897858815 0.010661910119573181
0.9708165309315072 0.010355841050761372
0.9709223903675824 0.010089750545521858
0.9710667618738658 0.009871102049463953
0.9711834141676062 0.009431705368965093
0.9712468432703253 0.009221266425312735
0.971365783663538 0.008820779774924237
0.9714530829682413 0.008601555840763164
0.9715404887989382 0.008215223989832432
0.9716518103685247 0.007997918941803572
0.9717518140898592 0.007671432923875399
0.9718183120161354 0.007350498162491448
0.9719112392139635 0.007031691040641941
0.9720404683694088 0.006737451725484012
0.9721281986671809 0.006508165977023195
0.9722768061264201 0.006248367265268562
0.972370813254593 0.006044749249570658
0.9724438293661807 0.005699792665667558
0.9724962532057442 0.0054393461305310975
0.9726068513648853 0.005372336853224358
0.9727737838190942 0.004998161106352539
0.9728281264839089 0.004785703570416855
0.9728923891457739 0.004572067561068538
0.9730322104930932 0.004249790172140333
0.9730866367825716 0.004025967649127882
0.9731751256610198 0.00382499990605889
0.9732530518706355 0.003705961949942105
0.9733914213695315 0.0035008812681469603
0.973495511354041 0.0033310265737211964
0.9735634068418132 0.0031073256059512833
0.9736599084571418 0.002833121994302523
0.9737232079562914 0.00268065717136845
0.9738387157468329 0.002576776039229678
0.9739735237821776 0.0023522178121248016
0.9739951931146053 0.002146570003371706
0.9740744200584116 0.0020014140955649795
0.9742074364427289 0.0018629898581680182
0.974276118806297 0.0016678577447641896
0.9743451360923238 0.0016432297488682135
0.9744687285200313 0.0013667453990298117
0.9745256426099659 0.0013739566270655201
0.9746145134765166 0.0011486790818285852
0.9746598675214095 0.0010720940996822304
0.9748336239880612 0.0009321234575579984
0.9749107416882739 0.0007786469501042115
0.9750080838675963 0.000727426822900501
0.975080951323957 0.000596398998721881
0.9751610659319421 0.0005670926301706292
0.9752273747516154 0.0005104412039287354
0.9753152606465076 0.00037795982960631136
0.975387084889728 0.00027570499758111655
0.9755203979576744 0.00019609601838499469
0.9755653400840611 0.00020941407205032903
0.9756563622009679 0.00014607193706539512
0.9757583720341797 0.00012507800894168142
0.9758416276594798 4.240068113292583e-05
0.9758834499925646 1.3514362993238827e-05
0.9760105011194211 1.7717411967765884e-05
0.9760742013354888 -8.903652049863098e-06
