#C1_inf,C2_inf
0.0 0.7214550028910856
0.014250881507005042 0.7076335398140088
0.02827914348203664 0.6940760062592213
0.042021762006756114 0.6807194295215836
0.055441467090952545 0.667902287732331
0.06871354517648454 0.6548827979816031
0.08169168350939782 0.6423418818472099
0.0945879142168301 0.6299624469608583
0.10708111920573693 0.6177292877437252
0.11937209241035973 0.6059468156888922
0.13145456964636293 0.5943334428040359
0.14324072239670094 0.5828616502589883
0.15498850139972553 0.5715295515683382
0.16643980180397988 0.5605124135862802
0.17772715662477145 0.5496791303724032
0.18892439446223974 0.5389193211426536
0.19965130777162254 0.5285788117753575
0.2105204991746199 0.5181318545063192
0.22111503749620376 0.5079252971541851
0.23139503721816035 0.4980371680437574
0.2416880143623713 0.4880877566588825
0.2518009760314289 0.47850032301997725
0.2616545988660133 0.4689942271668126
0.27156843381913454 0.4593517709697924
0.28094299279603974 0.4503463267071893
0.29059673409407394 0.4412316616218551
0.2996570263271371 0.43256893196096124
0.3088829591181743 0.423680984199192
0.3180208071666041 0.4148343070089827
0.3267959023983784 0.40647871167558325
0.3355516338459177 0.3981657154156111
0.34412171142648706 0.3899660865584892
0.35273024241484485 0.38159586812271673
0.36087765273549366 0.3739071751730715
0.3692557289149593 0.3658739286366194
0.3773922017798992 0.35807275965030616
0.3853918511374097 0.35047530910116653
0.3933295545018013 0.3427897960302769
0.40102104884833645 0.3354853322411605
0.4085738380390259 0.3283030269620756
0.4162450393312638 0.32103910854706896
0.42378558455094395 0.31384391539744794
0.43098056322659506 0.306947946740902
0.4384090889890466 0.29992790126548874
0.4452163878952783 0.2933128213286337
0.45241515694122303 0.2866487806952377
0.45929098874004337 0.2800070609707719
0.4660829171251778 0.2736941631960671
0.4729970316918325 0.2669603603116263
0.47943211875520697 0.26087246749266535
0.48601745425554876 0.2544832831516385
0.4924968251219739 0.24832464746794636
0.49860287760540944 0.2425566355311699
0.5050814039491147 0.23644876016199734
0.5112388030753781 0.23054012917383981
0.5173872670045128 0.22476540024313185
0.5232824621556987 0.2193481473738984
0.5292787131404231 0.2135548819860582
0.5351623579790115 0.20808820504421788
0.5408911695198995 0.20264115430973972
0.5464261609642761 0.19753703032779024
0.5518215415841972 0.19230417698836866
0.5576177547493422 0.1868219075119446
0.5631817140534905 0.18142809186228148
0.5683616230385264 0.17674273007675168
0.5739280557804265 0.1714894366203341
0.5791266892382769 0.16643791219822313
0.5841827832517708 0.1617447914707706
0.5892850275026236 0.15693697533484952
0.5943274530991046 0.152288850891534
0.5993281796624568 0.1474698399962191
0.6042967401053458 0.14283432711121136
0.6089239005287956 0.13829426255272437
0.6138315984674895 0.13377908658484017
0.6185151128662951 0.12961966521112034
0.6231167993973988 0.12497721526419381
0.6277167472892813 0.12071379461059717
0.6322206673203786 0.11652711675619976
0.6365954135460017 0.11247589406198344
0.6411322172181968 0.10824288302204055
0.6453557384928502 0.10432508718994271
0.649714095890709 0.10019397366805172
0.6539787283963101 0.09626505496626958
0.6581125520879237 0.0923014485745196
0.6621956753980152 0.08855767656261637
0.6664053172943856 0.08461955445069558
0.6703083898082891 0.08095023155356196
0.674335554593007 0.07729676934202723
0.6781849660105251 0.07348543113768857
0.6820720510787512 0.06998897633090073
0.6858821237864305 0.06629435635782199
0.6896657840641373 0.06269760916971057
0.6933908595099505 0.059273779988742836
0.6971949430268378 0.05566088446040762
0.7007463458643286 0.05230785790518366
0.7041294116734422 0.04937524655419945
0.7078971022940794 0.045844224683171175
0.7113154877462188 0.0427928820917064
0.7146521734019757 0.03949508449290584
0.7180122230864606 0.03637947129497732
0.7214112741196288 0.0334220817317028
0.7246485422465683 0.030209462654184005
0.7280148654366725 0.026998750154527684
0.7313171129889939 0.024142331887577306
0.7344400729078322 0.02125532001767305
0.7376720945018964 0.018178294955086827
0.7407833068634089 0.015410676929553224
0.7438596501715697 0.01249415847025892
0.7469007659464246 0.009618074113383779
0.7498076685781727 0.007036569060020037
0.752742058940582 0.004324581639862268
0.7556918791101191 0.0016211331182761635
0.7585511529859023 -0.0010933709862880336
0.7614108029624957 -0.0035829724269147434
0.7643142434225492 -0.006576715360458785
0.766998081971216 -0.008835006623600816
0.7697341478572807 -0.011458461706957412
0.7724349391964002 -0.013986145887301071
0.7751306237352453 -0.016370469074398875
0.7777015768692768 -0.018818600285958498
0.7803831072858465 -0.021096096579797052
0.7829205934051978 -0.023574983793676174
0.7854718943091072 -0.025914077982612804
0.7880056346894068 -0.028291822678922718
0.7904986832679061 -0.03063586595507617
0.792954639154615 -0.03289158484602006
0.7952968525349882 -0.0349027946204965
0.7977070682243761 -0.03726419830668304
0.8001388988674298 -0.03946387517110761
0.8024246364372003 -0.04165242944621794
0.8047766390751546 -0.04366550895156773
0.8068736878892762 -0.04552924456412355
0.809362822125441 -0.04776734142690908
0.8114553063021335 -0.04958725548364473
0.8136424785048875 -0.051806363860130045
0.8157171332202909 -0.05369586545416982
0.8179852232066687 -0.05575389612037829
0.8201200032321246 -0.0576296003443183
0.8221219218925363 -0.05953404608333679
0.8241156729628315 -0.06136070116236059
0.8262288701994722 -0.06325240066632376
0.8281855933352016 -0.06508442037152773
0.8302703178925226 -0.06690691986975894
0.8322959535797535 -0.0687817301017769
0.834232561391913 -0.07055310113870883
0.8360940010944672 -0.0722683633249609
0.8379511479441983 -0.07392581624754024
0.8398080695043295 -0.07570163551197417
0.8417620540642297 -0.07734460233839124
0.8435166968869847 -0.07900464582590394
0.8453615989272666 -0.0805645787517758
0.8471518515170877 -0.08234436213076135
0.8488247364792743 -0.08382522476842658
0.8505890971352731 -0.08530437142277114
0.8522275163139694 -0.08692910363313011
0.8539781676672364 -0.08826576948039744
0.8558026301385253 -0.09019898682020666
0.8573908345121324 -0.09157842194146326
0.8589126227054384 -0.09288838622214413
0.860695456417536 -0.09450736910615842
0.8622778623471659 -0.09609507458847766
0.8639379255702555 -0.09752303154479058
0.8654661335558971 -0.0988837390342463
0.8668338628069455 -0.10006982639135809
0.8684081726044186 -0.1015640943158509
0.869950144682781 -0.10289526922811099
0.8713711727958698 -0.10411336684732186
0.8729470002500026 -0.105627760425965
0.8743560522043279 -0.10695268661962398
0.8757583450168327 -0.108168973584436
0.8771385058281794 -0.10950307026504735
0.878594459805878 -0.11056388613502766
0.8799847792807877 -0.11196519970228958
0.8812898655141912 -0.11309373882559837
0.8826588447414818 -0.11420389828190047
0.8840641217042305 -0.11569606902742258
0.8853518898710161 -0.11678741065845644
0.8865800667630215 -0.1177909947239748
0.8880164714683745 -0.11915236949420649
0.8892671636692722 -0.12018046658027148
0.890548581191685 -0.12146874265095364
0.8917044980181779 -0.12243678571034011
0.8930430446146124 -0.12360358223584134
0.8942592685629013 -0.12476814910421397
0.8954471070583498 -0.12587163864519235
0.896555163194884 -0.12689835725381005
0.89777002292379 -0.12787013916842527
0.8989772367689256 -0.1289637991233502
0.8999875697911234 -0.12978799202585523
0.9012557822254789 -0.13087676784085855
0.902375940049147 -0.13186979598681037
0.9034709474235297 -0.13299381064215365
0.9044574771515522 -0.13384755395901415
0.9055551521275147 -0.13477616911250756
0.9065303569075239 -0.1356385066480167
0.9078031226248785 -0.1366725520947173
0.9088434237619087 -0.1378505226387281
0.9098552020989203 -0.13861462858064466
0.9107961147894885 -0.1395447577511304
0.9117784012906334 -0.14030384411506103
0.9128786942774889 -0.14119353305226068
0.9138135949413599 -0.14220603961444178
0.9147840204361629 -0.14295333915646313
0.9156922346049441 -0.14409002098676704
0.9166425966210106 -0.1446732388251657
0.9176528131221877 -0.14554725104071298
0.9186044025312613 -0.14642552007595822
0.9194517793974689 -0.14712693876323024
0.9204190567850014 -0.14787486561542929
0.9212826721970614 -0.14873451197850118
0.9221957305702598 -0.14969685708749403
0.9229686156575374 -0.15020790631050707
0.9239065991780127 -0.15096120531324675
0.9246906339442145 -0.15183675402331231
0.9256595640796899 -0.15274754684205316
0.9264872029174931 -0.15327760444849914
0.9272602237907368 -0.15404050212459852
0.9280700711494092 -0.15481866027900693
0.9288206764824435 -0.15527781582303846
0.9297174871563165 -0.15622028647037234
0.9304792826155801 -0.15695063326764247
0.9312587802239916 -0.15773994255778923
0.9320484209839894 -0.15833446268198492
0.9328084429573855 -0.1587590949934521
0.9336169723508745 -0.15953341220140915
0.9342483301665981 -0.1601951357810244
0.9350102236639722 -0.16087984614419681
0.9357818393925448 -0.1615734717828783
0.9364952447569084 -0.16216026739337353
0.9371788697275154 -0.16293388453229873
0.9379206098030013 -0.163605627724845
0.9385703550585691 -0.1638281561831738
0.9392837009024558 -0.1646276227791611
0.9399091134891296 -0.16522899615725584
0.940643421755984 -0.16598578130905217
0.9412773990890795 -0.16639637511315097
0.9418629640064371 -0.16700291614781015
0.9425929530686763 -0.16759444725465866
0.9432186791337058 -0.1679870551433469
0.9438316499970605 -0.16861980653869657
0.9444527026565377 -0.16921914513126746
0.9451120931650506 -0.16971473021914807
0.9456995575263499 -0.17026656722931344
0.9463220104042003 -0.17064429898824485
0.9468491619453154 -0.17118901063763015
0.9475726451069908 -0.17201794246581392
0.9480825558186063 -0.1723226742623991
0.9486392802640289 -0.1727592658715289
0.9492336055813742 -0.17345681313575545
0.9498484174063849 -0.17388674531070458
0.9503090809908011 -0.1743836391469208
0.9508785846769774 -0.17490672718065947
0.9514536773044743 -0.17528433536705978
0.9519888907171403 -0.1757502389643757
0.9525532831465954 -0.17639151721638557
0.9530858046922358 -0.17666854888910966
0.9535499992905836 -0.17687951706091232
0.9541074671271361 -0.17746175799350117
0.9545473831234289 -0.17805026224729004
0.955096667442634 -0.1784930607521562
0.9556268240516405 -0.17895367378545057
0.9560040799572163 -0.17913251018229404
0.9566081158938323 -0.1797438925073246
0.9571301458446902 -0.1802497281362082
0.9575590519798647 -0.1805257620131404
0.9580083243382749 -0.18103799071080928
0.9584847721612736 -0.18157335440721456
0.9589297875149557 -0.18167242675808526
0.9594183961690678 -0.18197217727957538
0.9597973850694307 -0.1824456067205834
0.9602094848723195 -0.18271471022817387
0.9606927553337734 -0.18351068791520686
0.9611468890067487 -0.18374372356716306
0.961562496315625 -0.1842889925792487
0.9620277248770924 -0.18460548990128312
0.962375621914543 -0.1848276055552105
0.962834775183785 -0.18520482840021046
0.9633378891779533 -0.1856661205949134
0.9637010761971353 -0.18602318454733957
0.9640185901663634 -0.18621464766908802
0.9644169827681248 -0.18639807613880555
0.9648250351426603 -0.18686455316734973
0.9652435788407069 -0.18733714428566717
0.9656519077054533 -0.18738270300271886
0.9659795974325741 -0.1877455042224464
0.9663320107421958 -0.18815788153272006
0.9667804925926726 -0.1885541148992944
0.967115034725727 -0.18890704283140514
0.9674776084312289 -0.1891827460074229
0.9678359361628794 -0.1895509640821007
0.968154097536324 -0.1897867546397939
0.9685372691715257 -0.19019363788698995
0.9689337321406994 -0.19039302343795517
0.9692144693843313 -0.19051930773524506
0.9695910719043169 -0.19111924740691644
0.9698715593456544 -0.1912904829168789
0.9702074224800439 -0.19153264608759302
0.9705214049775608 -0.19186021124202246
0.9708423008899703 -0.19226830752946222
0.9711732875863659 -0.19231933911463672
0.9715448075659848 -0.1927901147251051
0.9718431876935655 -0.19287573349675025
0.9721382822644886 -0.1932014336663952
0.9724476659280036 -0.19334780364837278
0.9727330397087731 -0.1936236005625288
0.9730504550325851 -0.19408928769863243
0.9733085798695847 -0.19421251652973537
0.9735749557806106 -0.19447648052292
0.9739242438702467 -0.19494338421473478
0.9742253823546121 -0.19498838454770007
0.9744767289662749 -0.19521074797567095
0.974803643433934 -0.19571018759520942
0.9750591112035025 -0.195728247756507
0.9752718836261631 -0.19603606786884953
0.9756242406044391 -0.19625425210753344
0.975808759681941 -0.1963632421103908
0.9761514849847696 -0.1967375579901679
0.9763484141315786 -0.19698552264055103
0.9766483791673392 -0.19703401267470178
0.97688416524987 -0.19743214632673756
0.9771622059164435 -0.19760847857036423
0.9773722501784174 -0.19774834528957763
0.9776518420721186 -0.19784156400139052
0.9778733709756351 -0.1981942183473664
0.9781626799484364 -0.19838127865115984
0.9783800672633155 -0.19888726482259866
0.9785773646616838 -0.19881752834486877
0.9788670919009006 -0.1990563572501347
0.9790444112769096 -0.19931846782739193
0.9792494655260164 -0.19947981035393036
0.9794936249993524 -0.1994432310220764
0.9797289253604283 -0.19975862559865576
0.9799873638910356 -0.20010152709678553
0.9801984570497551 -0.2003930711989308
0.9804171349573769 -0.20049518614601314
0.9806005295948085 -0.20064661607773215
0.9808170480130548 -0.2007784304654695
0.9810450547638103 -0.20106939464310236
0.9811904277015364 -0.20109890421525844
0.981461838788225 -0.20131930034182344
0.9816127542952877 -0.20143751472567506
0.981871942988607 -0.20193497583926712
0.9820746678503763 -0.20180825006046887
0.9822747136626213 -0.20191447437186882
0.9823905846822398 -0.20206554715645697
0.9826019983315263 -0.2024334303868497
0.9828281181658883 -0.20227697410301027
0.9830168797410951 -0.20249903881132425
0.9831552206647004 -0.20289478728169408
0.9834194683198354 -0.2030263335535798
0.9835694619026739 -0.2032562692736951
0.983737776796517 -0.20313776407605966
0.9838937744885597 -0.2034829262071537
0.9840882863759844 -0.20354015433098305
0.9842384352693542 -0.20361043796455858
0.9844243657727875 -0.20400794315423998
0.9845551650101501 -0.20407960936185376
0.9847768334278434 -0.2040383320473519
0.9849301976525755 -0.20425882134043283
0.9850655385861156 -0.2044065413145224
0.9852951304562237 -0.20476004647403723
0.9854179360002818 -0.20483928485439418
0.9855433584773934 -0.20479086294343052
0.9857366519581466 -0.20514702487998215
0.9858986976293369 -0.2052690157035082
0.9860264042178746 -0.2053789615648609
0.9861732131602075 -0.20545521361261887
0.9863383323334617 -0.2054813540383248
0.9864180615933076 -0.20567973068545853
0.9866399485701429 -0.20593356504621685
0.9867425089383669 -0.2059282141730464
0.9869354681120011 -0.2062196450150613
0.9870325526294227 -0.20633120036840868
0.9872090093437746 -0.20634973849984561
0.9873516433914162 -0.2065944119788603
0.9874885945535383 -0.20654359153618995
0.9876217089544186 -0.206651478275667
0.9877534880172374 -0.2068583821210428
0.9878825106565831 -0.20705000100217041
0.9880035502093656 -0.2070038053124379
0.9881550314105143 -0.20708475003197968
0.9882657607212287 -0.2071566994150803
0.9884095692982223 -0.20751068356101332
0.9885374279073131 -0.20747077081615295
0.9886705557910714 -0.20765610778836174
0.9888096909004386 -0.2078062958339636
0.9889043841310933 -0.2080675349999611
0.9889771517784934 -0.20803082495640945
0.9891546095066623 -0.2081809766406062
0.9892706370717085 -0.2083051594331139
0.9893553280325335 -0.20849340085152523
0.98950537959963 -0.208596057963774
0.9895833255500956 -0.20844766797117065
0.9897078956168017 -0.20850204814594497
0.9898087141109879 -0.208753369422773
0.9899289424698243 -0.20872826820620882
0.9900590072562133 -0.20901725893003553
0.9901342703199651 -0.20906969511361617
0.9902807353899868 -0.20904881280308663
0.9903224080071471 -0.20913626237153782
0.9904031935980505 -0.20915682898015542
0.9905939580563866 -0.20923221265896175
0.9906796506820249 -0.20943429957851756
0.9907533011304436 -0.20960453714607719
0.9908706475476754 -0.2097118345917539
0.9909659089330624 -0.20946387814163192
0.9910454238222816 -0.20971859001025506
0.9911525343987799 -0.2097978736224444
0.9912750297998071 -0.21013375447237126
0.9913461039358292 -0.21028160037615085
0.9914157369352978 -0.21032701459813197
0.9915310352645643 -0.21038061582358258
0.9915967097501928 -0.21025437442902883
0.9917137662000065 -0.21040996818302837
0.9918136126825694 -0.21047748500829444
0.9918947024609949 -0.210501832094229
0.9919895733152374 -0.2105715770292923
0.9920861942057021 -0.21074488957191295
0.9921627585521031 -0.21091498607015846
0.9922594591241022 -0.2107152889241769
0.9923225481111092 -0.21083610115327212
0.9924161262756395 -0.21117109078124252
0.9924692438806478 -0.2110181824495273
0.9925821481094946 -0.21135766713662785
0.9926595945686179 -0.2114829112615224
0.9927290638800056 -0.21139760196296453
0.9927894791247025 -0.21132758926814654
0.9928834583477936 -0.21142923082521137
0.9929592023551751 -0.2114830762099701
0.9930312402091629 -0.21167990960471805
0.9931211297535374 -0.2116367653503366
0.9931813224601038 -0.2116162780251305
0.9932732458673657 -0.2117847521414129
0.9933287593540964 -0.21193461046197604
0.9934044809454644 -0.21172505941530828
0.9934535163002174 -0.2120408486404981
0.9935318462439143 -0.21196580959419598
0.9936034392452836 -0.21217819448494823
0.9936897216584502 -0.21229174958919517
0.9937569633186222 -0.21236782258877873
0.9938260200519027 -0.21229145346470113
0.993868717903004 -0.21231121012855836
0.9939373127480379 -0.212457937381621
0.994007302704811 -0.21241569257328197
0.9940912480592616 -0.2128343233269836
0.9941198456505294 -0.21257968293545293
0.9942047940036534 -0.21253043763899115
0.9942685177377795 -0.21267074965212518
0.9943301804388373 -0.21286768534666678
0.9943773701238867 -0.212755797049073
0.994430665468582 -0.21286825766348028
0.9944854285057243 -0.21300823965110527
0.994565542204892 -0.21311984426504105
0.9946126221676536 -0.21345797883026008
0.9946744296990473 -0.21320296401443373
0.9947513638560729 -0.21321759882068714
0.9947834208502692 -0.21329056474909602
0.9948236359011071 -0.21318355404775668
0.9948984380141132 -0.2132547259760288
0.9949586498532385 -0.21332038165056233
0.9950335658192019 -0.21356408225316292
0.9950730024325758 -0.21354624758965035
0.9951141818258351 -0.21351085624876598
0.9951646705248662 -0.21371497976492493
0.9952331288922663 -0.2135864175548644
0.9952863463125495 -0.21355074587675127
0.9953144161080243 -0.21378469763544894
0.9953735410391034 -0.21363413649151108
0.9954388223560667 -0.21404510150421585
0.995493050309302 -0.2138640358717967
0.9955213653034491 -0.21387755673017206
0.995553487361581 -0.2138969780212563
0.9956239674475035 -0.2141046538207113
0.9956702886212249 -0.21419195577507255
0.9956855143651288 -0.2141419807431012
0.9957590292101256 -0.21399150418076573
0.9958078553883626 -0.21419114970494235
0.9958500672504986 -0.2142069060418461
0.9959058728992988 -0.2141362015352114
0.9959382634804629 -0.2145310324165649
0.9959888571005077 -0.2143400854071683
0.9960218976950757 -0.21427062605127767
0.9960740396805278 -0.21424780002302024
0.996090294521458 -0.2144085214303426
0.9961611572947126 -0.2146148650727503
0.9962007833233247 -0.21436034613264365
0.9962483276442458 -0.21467335190272574
0.9962686505623314 -0.21469540558059774
0.9962881380300068 -0.21445613014759046
0.99634194278565 -0.21474354548009
0.9963765930696965 -0.2147277151045367
0.9964425742427963 -0.21486665045645492
0.9964826416343675 -0.21475265059941195
0.9964946741759615 -0.21482604250217308
0.9965386824504062 -0.21490510506950156
0.9965692883523821 -0.2150276605655469
0.9966164932413845 -0.21506815920255906
0.9966598249079452 -0.21500006801946436
0.9966727828692649 -0.2151362314485702
0.9967336986391648 -0.21504618179601254
0.996773296515625 -0.21494962325375055
0.9967899147065789 -0.2151229573854474
0.9968252516218632 -0.2151030571066046
0.9968547075532366 -0.21517627182886012
0.9968897829213275 -0.21518446659763724
0.9969049960395944 -0.21516721867648547
0.9969579501295731 -0.21532538270617096
0.9969909287178806 -0.21539134247685632
0.9970116675420986 -0.21538003172338627
0.9970641084013524 -0.2153977062199922
0.997081160044452 -0.215334791811578
0.9971267766542309 -0.21543487926974536
0.9971465937032725 -0.21554563652515657
0.9971841846746778 -0.21551926877262173
0.9971971415132406 -0.21562378048208264
0.9972541810928663 -0.21565182966407503
0.9972541994274553 -0.21568712002318358
0.9973002900100552 -0.2157185063698348
0.9973243281283991 -0.21559690623577887
0.9973743024395437 -0.21584177031116025
0.9973693589565302 -0.21563856351233968
0.9974044194172964 -0.21575643799379085
0.9974409426742368 -0.21592972515907194
0.9974655509693903 -0.21591431412440587
0.9974927483346425 -0.21566385597253857
0.997505452490466 -0.21578337021258653
0.99754246073008 -0.21581524085335335
0.9975825319508086 -0.215821391504034
0.9976041339033622 -0.21611732402325112
0.9976304378205243 -0.21591017448347927
0.9976457441346257 -0.2161325061228362
0.9976902396196002 -0.21602109315441964
0.9976888542302009 -0.21599997335993315
0.9977245634377518 -0.2160172039923769
0.9977479744958113 -0.2161070668501215
0.9977717462517933 -0.2162993251619828
0.9977713703178611 -0.2160563537831176
0.9978161363314012 -0.21637159485855395
0.9978488821259993 -0.21616380287334203
0.9978582942681228 -0.21629566590069527
0.9978801403150556 -0.21650146225313838
0.9979167202422776 -0.21648597502601463
0.9979320125867864 -0.21637645823471774
0.9979542432852818 -0.21632196509853008
0.9979729505509828 -0.21640384100837318
0.9979881983027508 -0.21647287705153517
0.9980134577091124 -0.21650826155146063
0.998037289523584 -0.2164302772930663
0.9980658670129965 -0.21654041972340132
0.9980959948739526 -0.2164392987384366
0.9981009758627187 -0.21644468249190985
0.9981158632072148 -0.21662968202829547
0.9981303955486744 -0.21645021173585088
0.9981604373615441 -0.21660415653271825
0.9981828456368242 -0.21657370782081653
0.9982079272789451 -0.21670225777840313
0.9982266002431424 -0.21667203757990317
0.9982222908314881 -0.21660134488212102
0.9982412087515335 -0.21663276959269195
0.9982652503761528 -0.216779983589796
0.9982976885676865 -0.21670169482617918
0.9983064334114433 -0.21674114512036846
0.9983338471071894 -0.2168734692319274
0.9983270288818161 -0.21680396054237916
0.9983659977370264 -0.21678797036010666
0.9983747323945633 -0.21684500084890224
0.9983992385385085 -0.21683626902096242
0.9984041921499535 -0.21716357070965941
0.9984290484527568 -0.21691038226570314
0.9984372817841182 -0.21705560449482897
0.9984695341283278 -0.21711181863084716
0.9984861439704362 -0.21713458520729034
0.9985054916798062 -0.2170697425844299
0.9985157574405499 -0.21703164646452078
0.9985127263823076 -0.216945761675022
0.9985435128131807 -0.21716215390527494
0.9985563155109286 -0.21706838589436284
0.998583465088519 -0.2173200503431627
0.9985991412987373 -0.21730290443164646
0.9985929278983251 -0.21718465411305898
0.9986289908360854 -0.21731010376086657
0.9986467965659673 -0.21731376082220755
0.9986427791137187 -0.21732150525382998
0.9986656825534667 -0.21743911450132025
0.9986703019272087 -0.21715626303599156
0.9987009205513251 -0.21746227477282631
0.9987112754796192 -0.21753651396163387
0.9987120620017773 -0.2173409319921833
0.9987346730898374 -0.21754018963065902
0.9987525248056214 -0.21757875339347466
0.9987448995221622 -0.21731428376244732
0.9987822992431981 -0.2176201942101199
0.9987813672961388 -0.217402559851962
0.9987944032613875 -0.21745441391424614
0.9988152159441538 -0.21773198388781145
0.9988241959317172 -0.21747333687252968
0.9988389344496604 -0.21756722069653445
0.9988478051087017 -0.21759684621080622
0.998856445073315 -0.21754798158252597
0.9988758105137105 -0.2175995254661094
0.9988805848795292 -0.2175801791480516
0.9989073248353662 -0.217872905112368
0.9989026599665142 -0.2180113798936093
0.9989263134397688 -0.21784379302167411
0.9989358325210251 -0.21780306535330562
0.9989562050220757 -0.21778991138160486
0.9989387514448432 -0.21781921355760592
0.998962829558637 -0.2179083031127269
0.9989628988705648 -0.21778350858302487
0.998989121910612 -0.21791664663702415
0.998987944892133 -0.21782483404769404
0.9990050677739013 -0.21797291750570968
0.9990099426290339 -0.21804348664997575
0.999029223211225 -0.21782889381782766
0.9990331010622994 -0.21813784090059218
0.999055445785945 -0.21798520893659468
0.9990638831015543 -0.21807468983805445
0.9990607582514617 -0.21813701791991047
0.9990769225722708 -0.2180943875514122
0.9990886594554 -0.2182580970662895
0.9990953851649101 -0.21825046990699037
0.9991026933930831 -0.21822514173146268
0.9991244018513544 -0.21816355389130038
0.9991269626045949 -0.21797861015280628
0.9991291609156133 -0.21827693419601835
0.9991311982797304 -0.21802587301627185
0.9991516622931439 -0.21830761570698198
0.9991572530061125 -0.2182581923730641
0.9991689728225915 -0.2182369754142245
0.9991765605003474 -0.2183944546109141
0.9991912523492092 -0.21849389847152567
0.9991910315634897 -0.21847991716193216
0.999203563682061 -0.2185743426716672
0.9992205020279339 -0.21841383790367863
0.9992269297169514 -0.2184798323366106
0.9992354866958734 -0.21848782003712952
0.9992484869109692 -0.21853914222252646
0.9992433903416416 -0.21859810793762136
0.9992483053633453 -0.2187228334591601
0.9992569161490762 -0.21858761471035126
0.9992730815464477 -0.21868600303215868
0.9992826990671699 -0.21877230685006288
0.9992824605621821 -0.21870506869988382
0.9992998516666017 -0.21883360585956357
0.9992949738561973 -0.2186754442801756
0.9993009300359413 -0.21870403553988138
0.9993125874313885 -0.21890761538971792
0.9993217027035636 -0.21883735814925143
0.9993286723130401 -0.21894984198927014
0.9993378741122402 -0.2188969394190884
0.9993414757440767 -0.2189384746334907
0.9993535159704362 -0.21886751611540534
0.9993593959259691 -0.21895932306596622
0.9993692454343291 -0.21915740874819079
0.9993759821018767 -0.21891868051885244
0.9993801156698883 -0.21913011445904762
0.9993820884829262 -0.21928021656991936
0.9993912457819752 -0.2192641833369432
0.999399423425864 -0.21907556210892787
0.999399343876667 -0.2193583349392766
0.9994063893083224 -0.21934332666738177
0.9994211198484961 -0.21947412375834752
0.9994233574259682 -0.21948908447134474
0.9994310848687098 -0.2193944677415156
0.9994396748308321 -0.21935780839590024
0.9994419716821548 -0.2194872538182535
0.9994467045667498 -0.21930433310894693
0.9994503556296913 -0.2195489437529664
0.9994593974967343 -0.21937357925631829
0.999466055286751 -0.21973351036910505
0.9994620580710807 -0.21950669010427704
0.999475892563312 -0.21967984707607813
0.9994785166574515 -0.21963880595221352
0.9994840626090719 -0.21941419078398294
0.9994824702482119 -0.21967328272244635
0.9994977916190255 -0.2197605302402852
0.9995005344317772 -0.21981490092357736
0.9995111053944709 -0.21987472951999487
0.999508851560766 -0.21994208732005727
0.9995192321985339 -0.21993870704745622
0.9995216403986756 -0.21994559881780285
0.999531538457365 -0.22006539825598803
0.9995336430452114 -0.21980335763861059
0.9995341177645026 -0.22015821896687393
0.9995498427539357 -0.21997745775260424
0.999546423954293 -0.2201025370273515
0.9995490974489044 -0.22016082477769483
0.9995546788765702 -0.22029496874738708
0.9995586967211725 -0.2200913873700172
0.9995663849017449 -0.22019167316610688
0.9995737394482964 -0.22045273447069103
0.9995715652027262 -0.2203945944605903
0.9995839921156615 -0.2205093867838619
0.9995826155435714 -0.22044311684764017
0.9995790044039999 -0.22050016150037932
0.9995954028201747 -0.22071891997843796
0.9995953515807345 -0.2206243387078335
0.9996011902825283 -0.22066199484620264
0.9996036285067829 -0.2207028088421812
0.9996091013195761 -0.22049351245942217
0.9996070347293576 -0.22064745436525246
0.9996142871229121 -0.2208000648684929
0.9996266671065026 -0.22084591019988586
0.9996248775865946 -0.2209023925053346
0.9996239753591124 -0.22098461194674213
0.9996340981349419 -0.22107746141515028
0.9996361706938688 -0.22118905765033903
0.9996404340523745 -0.22111937869933496
0.9996416582295411 -0.22112703429913605
0.9996512967942894 -0.22106274346904264
0.9996506714146807 -0.22145665828864702
0.9996548928361966 -0.22131570237409992
0.9996572564765771 -0.22137386034970086
0.9996611655825223 -0.22153122338054332
0.999668065005513 -0.22156191545360793
0.9996706330249269 -0.22143504758669763
0.9996752836755344 -0.22175139353047613
0.9996730310032816 -0.22166279041819836
0.9996832947499669 -0.22173823163118989
0.999681291087585 -0.22178874973169949
0.9996921019862454 -0.22194105966275013
0.9996958424838462 -0.2219481421244982
0.999695194633872 -0.2219323012380675
0.999698022059837 -0.2219408524815225
0.9997018895098455 -0.2219569456167374
0.9997017517736254 -0.2221228942900323
0.9996973233177056 -0.22229774171979
0.9997041976958898 -0.22210997661967458
0.9997145428567487 -0.22255751658039835
0.9997155083721755 -0.22236784979024982
0.9997145429863585 -0.22260217554574213
0.9997228370004526 -0.2224685304584303
0.9997231168562857 -0.22249741758706154
0.9997327268793962 -0.2224119417260214
0.999728806938818 -0.22273548807950572
0.99973737571447 -0.2227462948829434
0.9997340984927768 -0.22269859304939843
0.9997374989824741 -0.22284427445878374
0.9997428694422565 -0.2228105518791348
0.9997436008396052 -0.22296614289924932
0.9997458805004136 -0.22302510791944985
0.9997540794958452 -0.22303820307871802
0.999754666310103 -0.22321887659375939
0.9997544728493747 -0.22303372196045268
0.9997578525023562 -0.22308235012744027
0.999763105796617 -0.22346943286087506
0.999765264016577 -0.2233821454568078
0.9997613495560379 -0.22331622075247737
0.99976315307947 -0.2235381398655798
0.999771783131167 -0.22379963263011193
0.9997754591010223 -0.22382185596749482
0.999770683501302 -0.22389164703211084
0.9997778122608696 -0.2238268881476524
0.9997800147054314 -0.22377418859975573
0.999785572696284 -0.22400270482323947
0.9997859764178635 -0.22404065606428525
0.9997825283770587 -0.2241661983307719
0.9997866768512597 -0.22413731514717894
0.999791608731247 -0.22437373554165496
0.9997922176458324 -0.22438271222015704
0.9997913048108409 -0.22430997536891062
0.9998005067839169 -0.22450730748502612
0.9998022075159831 -0.22483211327532993
0.9997992169493866 -0.22476030719353424
0.9998059918373534 -0.22486076952307799
0.9998028241904179 -0.22483687274479547
0.9998081579669053 -0.2248724372229588
0.999807770370646 -0.22512074533363013
0.9998135364472737 -0.22528727025259843
0.9998135139770769 -0.22518798968485287
0.9998199918879893 -0.22526874846223954
0.9998167241892104 -0.2252570268156191
0.9998165819277539 -0.22543937630629463
0.9998199180399528 -0.22546724446038813
0.9998230451768231 -0.22565669289113166
0.9998259017375061 -0.2258845667660957
0.9998243518242437 -0.22597101346508597
0.9998264909125558 -0.22596903106697752
0.9998275800010404 -0.22600762068764568
0.9998301119824471 -0.2262726151382386
0.9998292141747986 -0.22614070506751704
0.9998335655499712 -0.22634126850702396
0.9998358212367099 -0.2264747311705867
0.9998386075619136 -0.226617165132719
0.999839559991018 -0.22658358487986352
0.999843538624577 -0.22670390822326003
0.9998495020875529 -0.22669360704197117
0.9998445724194164 -0.22696568457940447
0.9998471793251265 -0.2268106714867406
0.9998442780246687 -0.22713616496407207
0.9998486948878308 -0.22738592441406824
0.9998523458166988 -0.22732329986312694
0.9998551978708652 -0.22745138474394144
0.9998570855496307 -0.22756850648536697
0.9998590015591388 -0.22758437448481017
0.9998601246020328 -0.22772713662355282
0.999858016289475 -0.22784132902120624
0.9998581202224065 -0.22781832142592362
0.9998593159342154 -0.22811166150752393
0.9998628147971301 -0.22813001553658385
0.9998669945099479 -0.22828913165126163
0.9998671542404938 -0.22847791445771515
0.9998694601251186 -0.22845174442056537
0.9998653914972694 -0.2286106338151147
0.9998710253071089 -0.228820767934805
0.9998743738974436 -0.22898180152309977
0.9998731499119735 -0.22908041924229328
0.9998756949036721 -0.2291747869637889
0.9998773788030578 -0.2291999464154023
0.9998789829606616 -0.22923622940655042
0.9998763617325186 -0.22958471237669165
0.999878430415556 -0.2294722062541702
0.999883109380353 -0.2297837558268626
0.9998818984335536 -0.22982086120618694
0.9998849939889692 -0.2301055551490666
0.9998828576447026 -0.23017321940467517
0.9998875804818033 -0.23013087841408186
0.9998873724247189 -0.23033692403920736
0.9998869601713228 -0.2307249175122269
0.999890737566461 -0.23075971154797803
0.9998909813345953 -0.23069985347499244
0.999890742727686 -0.23095138336052168
0.999892728223055 -0.231060380688779
0.9998927659496888 -0.2312675096749135
0.9998964117474257 -0.23128502398200268
0.9998956429697822 -0.23135900215018979
0.9999011673095712 -0.23141108655628306
0.9998939474533581 -0.2315925469828024
0.9998978650684682 -0.2317449326256047
0.9998979541234982 -0.23192092982845147
0.9999009936285981 -0.23211552027299698
0.9999021394526781 -0.23229198877973012
0.9999023508605076 -0.23244021456654207
0.9999044477219349 -0.23261551199473385
0.999903480130054 -0.23275319740117462
0.9999066899041253 -0.23296411884864954
0.9999065369835208 -0.23287000310570083
0.9999058365144238 -0.23312999132270407
0.999914065586925 -0.23349788348363432
0.9999097076336252 -0.23368071225301068
0.9999152172306395 -0.23362238177262407
0.9999150742714421 -0.23376102212067995
0.9999127956116777 -0.23384192178318852
0.9999164739986658 -0.23398965010900075
0.9999149785400702 -0.23435006636470523
0.9999165959434946 -0.23431184566378738
0.9999179554421129 -0.2346372460674131
0.9999144842613324 -0.2344391363395416
0.9999165619563691 -0.23471096832071925
0.9999178561409884 -0.23499051634456392
0.9999196958424263 -0.23520473217755566
0.9999191973377465 -0.23531241768607025
0.9999218794971981 -0.23567770702172253
0.9999229666087762 -0.23579109667331666
0.9999233591504962 -0.23580321210105482
0.9999232432956253 -0.23602027742775444
0.9999259202456547 -0.23618923293899363
0.999926349011103 -0.2362703977272509
0.9999257712371206 -0.23645018620099845
0.999928603070212 -0.23686202193720407
0.9999294777956078 -0.23711594707913797
0.9999289459406151 -0.23703574328573596
0.9999282019854323 -0.23747433927131922
0.9999283598114805 -0.23769077468999922
0.9999334432545158 -0.23761191031395412
0.9999303674391331 -0.23777095583323504
0.9999332126686779 -0.23809113891921696
0.9999313769355127 -0.23829348478427637
0.9999326293118108 -0.23851984488803823
0.999935165315471 -0.23858057609895955
0.9999358523648962 -0.23868052388497918
0.999933746141234 -0.2388859770889834
0.9999352521497707 -0.23921438542479645
0.9999385305071121 -0.23952168361338677
0.999935863511576 -0.23966570483525307
0.9999382996894742 -0.23979918483261187
0.9999418574779884 -0.24004671999096816
0.9999381894560027 -0.24008378393768237
0.999939837894762 -0.24035930172314413
0.9999401887862606 -0.2406340650913924
0.999937866782975 -0.24088050602015332
0.9999439514611538 -0.24095466337433658
0.9999435445148706 -0.24130005032750246
0.9999419849632919 -0.2414777759472294
0.9999439346532305 -0.2418749790779421
0.999945394640262 -0.241902169808634
0.999944631630866 -0.24217164121561097
0.9999466192681296 -0.24242490163739083
0.9999458628281 -0.24251411152663016
0.9999490075539883 -0.24291187087108335
0.9999496994859349 -0.24297903461354364
0.9999487575123297 -0.24317984283574512
0.9999476498497891 -0.24340276131523042
0.9999478935544863 -0.24354073224132766
0.9999479106484305 -0.24389036029957156
0.9999517123024209 -0.24407995782711045
0.9999487984389561 -0.24430023379860932
0.999952396431818 -0.2445801015353828
0.9999514179591387 -0.2447872676437548
0.9999540966134901 -0.24498090537170358
0.9999528812085062 -0.24516907484099792
0.9999525496150078 -0.24556833752552187
0.9999531286361304 -0.24582695944535404
0.9999554864469992 -0.24595235851057462
0.9999548438022164 -0.24637893225596164
0.9999536492275634 -0.24652864752964976
0.9999534494452252 -0.24662002377206604
0.9999563026743463 -0.24703569068168973
0.9999574892148215 -0.24723069946772558
0.9999577058701549 -0.24755220599699423
0.9999564637491724 -0.24784627976796625
0.9999558333625033 -0.2480020209641497
0.9999576351653884 -0.24844529602848697
0.9999580506496754 -0.2485498082768346
0.9999592898387345 -0.2487052956857264
0.9999604428128893 -0.24918560264021983
0.9999600596843 -0.2492605064373995
0.9999598637970059 -0.24971449536329293
0.999959825724815 -0.2499073164933956
0.9999614163926975 -0.2500706457585493
0.9999610530831176 -0.2504826403278835
0.99996158545432 -0.2507533672839164
0.9999619110717697 -0.2510154489679015
0.9999614731890055 -0.2512504733380946
0.9999620606744054 -0.25150559941107564
0.9999628088605803 -0.2516792298259858
0.9999630783295882 -0.25199658948103665
0.999966205600326 -0.2523747154365701
0.9999646434691962 -0.2524764530668697
0.9999659283887659 -0.25287069384272054
0.9999640082637868 -0.2531989834469055
0.9999662678520047 -0.25336881007899215
0.9999674323519658 -0.25378494904175475
0.9999671287756636 -0.25416896282021095
0.9999662446516511 -0.25435896348263665
0.9999679089853524 -0.2547644909904383
0.9999663208233304 -0.2548699589492035
0.999965855637405 -0.25524202713062005
0.9999692042091746 -0.2555680917870411
0.9999695944698243 -0.2558103888591049
0.99996961080681 -0.25624838195100164
0.9999720830489529 -0.2566031181872652
0.9999704215218118 -0.25669499658928185
0.9999674511003562 -0.2569873002120715
0.9999706302370578 -0.2574796653131243
0.9999704511039784 -0.25765799088033314
0.9999706106504996 -0.25804316918872316
0.9999711939666842 -0.2582475675086897
0.9999719231105859 -0.25876650364806597
0.999969618106513 -0.2590294126971642
0.9999728672006605 -0.2593451803849136
0.9999713044333274 -0.25969156553917117
0.9999736829034505 -0.2598995013216212
0.9999718571740062 -0.2604240921430101
0.9999736926718925 -0.260613489558545
0.9999729078887829 -0.2610527356819552
0.9999740938076565 -0.2613778609760531
0.9999744783569127 -0.26170921355651666
0.9999730548458161 -0.2622280988897916
0.9999742450706879 -0.26251886841742733
0.9999742414602542 -0.26274498558552883
0.9999756937060055 -0.26308381823473426
0.9999761482171429 -0.2635263685361534
0.9999744380036584 -0.263741979615985
0.9999745336395451 -0.2641187672570404
0.9999768590306033 -0.2644662740410495
0.9999756817617135 -0.264902386078229
0.9999764734142024 -0.2652325614984349
0.9999758698472345 -0.26562307677609676
0.9999767717776498 -0.2658146701748705
0.9999767896291798 -0.26635434187255025
0.999977842820087 -0.26680285213626886
0.999979198458565 -0.2671238039917031
0.9999781614248717 -0.2675083346067273
0.9999801138153204 -0.2678177284961276
0.9999783356510025 -0.26825034267720305
0.9999782294884297 -0.2685167538927288
0.9999789217618689 -0.26900694968904304
0.999980070821413 -0.26940065697910165
0.9999789117759607 -0.26976901414674337
0.9999785362595728 -0.2700466766324179
0.9999807522860256 -0.2704844297058029
0.9999794954426845 -0.27095738881171283
0.9999815402534943 -0.2714423570003751
0.9999803685167907 -0.27170723758025117
0.999979141795589 -0.2721432117732603
0.9999815235542474 -0.2725524889261589
0.9999801021577102 -0.27290318404300984
0.9999813114944406 -0.27336241361143443
0.9999802790751264 -0.27381978639556737
0.9999811204845658 -0.27419828300856375
0.9999817162422966 -0.2746263375009712
0.9999809052488149 -0.27511803675549307
0.9999827237820657 -0.27545998726385357
0.9999815812250074 -0.27585483540190203
0.9999827590423024 -0.2763637057388152
0.9999825326466715 -0.2767400897731024
0.9999837119267834 -0.27731553506393447
0.9999846226630684 -0.27766375610030214
0.9999838359859252 -0.2780485923097886
