#C1_inf,C2_inf
0.0 0.721384135620524
0.002875639581820022 0.7190706099543508
0.005730852797628638 0.716704242561646
0.008571142426595402 0.7143222683138576
0.011436207823206646 0.7118028683069095
0.014248206781456219 0.7093976388392853
0.017055527608445087 0.7070234149341058
0.019863312300609337 0.7046595576306942
0.022652063191066052 0.7023119972215011
0.02539394052145061 0.6999779795449496
0.028214511073890947 0.697526158931149
0.030975931851987548 0.6951291856421531
0.03375347296760667 0.6929364178704126
0.036514223205612484 0.6903628999990589
0.03921590143809972 0.68806112042475
0.042037706519634455 0.685694955890418
0.04465466545474006 0.6835562391275157
0.04736199582810641 0.6812701429779637
0.050025342665663386 0.6791282409384516
0.05270937511189522 0.676680707058712
0.055369492703701506 0.6743367371706307
0.05804075990792423 0.6722221385722438
0.060645321675045216 0.6699926882383388
0.06329475938525464 0.6676875695717375
0.06599503836752418 0.6653868918985134
0.06856266778504638 0.6631635847773174
0.07125952848590911 0.6608640283585027
0.07386250328036637 0.6585780020795609
0.07638220389610562 0.6566486350402737
0.0789934582070696 0.6541843699984428
0.08157581545807902 0.6520866579934625
0.08403899551474536 0.6500803524233192
0.08673506831149758 0.6477232880087893
0.08922880619707885 0.6455647560721666
0.09169524897391113 0.6435268310588385
0.09430817547270653 0.6411182614474707
0.0967892957195371 0.6389993963582561
0.0993229740032947 0.6368241749042717
0.10181513047184676 0.6346265887445443
0.10433168494576905 0.6324692314191737
0.10674208900751536 0.6305371143993314
0.10931308783305349 0.6281990405422841
0.11170404772064213 0.6261891353321309
0.11412835462241655 0.6240090408852674
0.11655544748935431 0.6220470036788673
0.11890781504320813 0.619934531203622
0.121450926500143 0.6178727120096666
0.12392567529584642 0.6157571230923289
0.1263112473335214 0.6136876177771938
0.12867268244685037 0.611661300539391
0.13109167513835285 0.6096560585164401
0.1336442753877819 0.6072753157469873
0.1358368995034116 0.6054820470073894
0.13837372749179477 0.6031884885140403
0.14071641666301504 0.6011542973699955
0.14295292015064065 0.5991122238103767
0.14539308194729617 0.5971123953848583
0.1476601312696999 0.5952728577788327
0.1499485262735888 0.5932832003344318
0.15239378830813421 0.5910322053878002
0.15468329998619823 0.5891968440444992
0.15691283593247385 0.5871173272579127
0.15919398590441924 0.5852751790525411
0.16158523881445797 0.5831046817969235
0.16376439024812406 0.5812175953108998
0.1660944316384385 0.579351391936263
0.16839718391844805 0.5772194174096149
0.17068786675642256 0.575120059803084
0.17287478538952972 0.5733125015218968
0.175064019439508 0.5714364488531877
0.17735025663925752 0.569470111581355
0.17964345446158203 0.5676208590314816
0.181767704970468 0.5656377783420148
0.1841168417445126 0.563467930900006
0.1862888568493134 0.5619524006312681
0.18842186168533748 0.5598948965374557
0.1907544917798909 0.557759358543009
0.19278385340264437 0.5561483541305733
0.19503317976807266 0.5540056713373476
0.1971011221394513 0.5522372287681147
0.19935882218279344 0.5501186903662155
0.201568732080178 0.5483543528094101
0.20362018647767355 0.5464444418990643
0.20593979030825582 0.5444497919200992
0.20803733442570682 0.5425819122847647
0.21020973985852842 0.540810533759314
0.21229660952437535 0.5387231712766382
0.21438839124195364 0.5371032745115837
0.2164456354771277 0.5351033245042572
0.21859349385519145 0.5334441480196406
0.2206257970239236 0.5315256178134813
0.22270463279501007 0.5297570930019685
0.22491401383350562 0.5278715581650929
0.22685264555603202 0.5261914908699539
0.22902616483927818 0.5243456563781752
0.23086426645980185 0.5225540573545516
0.23301863953439983 0.5206944571936765
0.2351619309834394 0.5188471482672239
0.23721779910297336 0.5167424197657988
0.23914933932385862 0.5154064146807034
0.24134160020665796 0.5134601857415293
0.2432558771670249 0.5117176346457902
0.24526824079779586 0.5099302403376486
0.24730388525938618 0.5081305726119129
0.24915445600353825 0.5065299339631467
0.25125538989501806 0.5046247177925849
0.253202744621041 0.5027735428854581
0.2552087833267267 0.501089176908329
0.25716802780832315 0.4993308882168094
0.2590741497516561 0.4976658380079674
0.2611838366293293 0.49571513629502983
0.2631213416277415 0.4940912775289473
0.26510643349535523 0.4922243817676777
0.26706796770361274 0.49049220820345374
0.2690058642890498 0.48895427216027043
0.2708989960382393 0.4870623553703708
0.2728850093769728 0.48535183108098345
0.27469977207377316 0.4837176620511501
0.276668225832873 0.48180379889523395
0.278637063219893 0.4803199816897469
0.28053105177655546 0.47855369777190593
0.28258717009101497 0.4768100808321045
0.2842637985080573 0.4753456774560155
0.2861679385159335 0.4736616931840232
0.2880572565771444 0.47199306601636626
0.2898547784696348 0.4702848583775352
0.2916790660056219 0.4685552977514116
0.2935646761804257 0.4670401083799448
0.2954335526943551 0.46524606935811985
0.29732561900768684 0.4636277654167199
0.29925753630191443 0.46187703013170733
0.3009295221750158 0.4604196994163504
0.30292793975458143 0.4585893035382089
0.30475784308538556 0.45692364694334675
0.3064687279956213 0.4554790016000705
0.3083412623561722 0.4536884027374838
0.31008418424418926 0.45208133874876144
0.3119980689751415 0.45050351578472336
0.3136751268562865 0.44902278004375695
0.3156359571229759 0.44720043304532986
0.31739375989282514 0.44570859030965715
0.319286689828406 0.4438482727044585
0.32104011625538176 0.4422762101491835
0.3226863168602304 0.44082667839097567
0.3244675334149294 0.4391621862535944
0.3263229523901431 0.43744447219918936
0.32813137694532 0.4359410945847366
0.3296489465893523 0.434413153176337
0.33148191417486106 0.43289264298216956
0.3331978846979262 0.4313467611214552
0.33507434435210737 0.42966029849836085
0.3367161502105407 0.4284019190991941
0.33850076097330917 0.4264352432267956
0.3400243189076154 0.42515473295736406
0.3418313705810221 0.4234041876052337
0.3436519055146571 0.4216371044386379
0.3453019211391808 0.4203915212090261
0.34696317834941703 0.41883678279165004
0.34877836204361456 0.41721062150700317
0.35029919070747817 0.41581047028185125
0.35195201850404756 0.41415315719933055
0.3537415222108081 0.4126569652850228
0.35533099090282383 0.4110339523348626
0.35716333141352374 0.4094950226877828
0.35871455245836903 0.4080786780484762
0.3604677214847135 0.40664172034381696
0.36201802265773597 0.4053533436609712
0.3637476232410499 0.403447517816923
0.36537350505977706 0.4020392432662405
0.3669995158997198 0.40048642994513284
0.36867937494097647 0.3991479426361848
0.37040601096512293 0.3975824711225099
0.3718125313563895 0.39627247865142634
0.3734407949149311 0.3945701544476702
0.3751267475056663 0.39310773730992654
0.3767755958497023 0.391751932893849
0.37829921622920215 0.39044148314654803
0.3799861334373067 0.38870360893745737
0.38148667834050876 0.38737774485509846
0.38312381971556786 0.3857981999710903
0.38466783181855335 0.38434096441270327
0.38620049145592683 0.38294184765972583
0.3879779632896303 0.3814109265415857
0.38954385269578595 0.37997998442780534
0.3910797252047673 0.3785654950803121
0.3925896445216005 0.3771942744755453
0.3941540188627387 0.3757548777335572
0.39573590745475007 0.37425145862024356
0.39715446393491893 0.37298308675970504
0.398706386832022 0.37168927485395686
0.40036269050196627 0.3699480631485955
0.4018686539352896 0.36869461162062467
0.4033613815780518 0.36729080351135945
0.405107306460446 0.3656383042974345
0.4062183651959175 0.3644853989830654
0.40799661263328235 0.3630150731745223
0.40949487694432374 0.36160318283397597
0.4109847986940156 0.36021049533604765
0.4126059586999816 0.35877379140281873
0.4140147228798192 0.3573572573058772
0.4155895997365787 0.35583043304159834
0.4170175571196193 0.35477503920850606
0.4184367035219 0.35341044515984177
0.4198932845134884 0.35214655539549167
0.42163728441482273 0.3503486467560718
0.4229445929975165 0.34926921557564594
0.42443850679528905 0.3479175002917062
0.42586809989802654 0.34641878912513613
0.42726969600396414 0.34502610675155587
0.42878587084878284 0.34376306953219227
0.4303158967895603 0.3423292981686229
0.4317035668916911 0.3411169616571894
0.4330858857856471 0.3397805052861905
0.43466366513544374 0.33808402337484067
0.4361050768972733 0.3367925247829028
0.43737873666447347 0.33588433162783327
0.4389798134054206 0.33415637434886647
0.4403881726681038 0.33285395509403926
0.44163580895081167 0.33186134958894953
0.44321145587913546 0.33028662660928465
0.4446488746740408 0.3290921886119057
0.44608036642484317 0.3277175698815631
0.4473920672873596 0.3263524840888926
0.44874334843299446 0.3251571392990048
0.45008581369347167 0.3237475946819687
0.4516160692972001 0.3224575378332938
0.45290076374519705 0.3212916985142077
0.45425496417820643 0.31996923820973466
0.4558710921381057 0.31848912760637726
0.45724624281546133 0.31723017241011253
0.4584501331945642 0.3160318434460182
0.4599310410279521 0.31461588316564104
0.4612937227800912 0.31333503860125933
0.46258959264654953 0.31218532961583323
0.4640060605286894 0.3107318092343795
0.4652805427535509 0.30964823681962583
0.4666123070088759 0.3082782971656286
0.4680219228695516 0.30709630579436864
0.4694317609170291 0.3055442034185003
0.47062681372292037 0.3045911951683098
0.4720509383991647 0.30316515406483346
0.4733239636814739 0.3021894046861646
0.47468201932226506 0.30084882321146644
0.47603637970412327 0.2995641419869325
0.4774141288425715 0.2982566267325868
0.4787190397066341 0.29705203168223226
0.47991943630924405 0.29588319396708496
0.4812372922390802 0.29456281948285024
0.48248826480111917 0.2934597867637584
0.48382681982540365 0.2920808574126297
0.48524316937475176 0.29086737306094
0.4863850963961509 0.28972065134644676
0.4877745327696523 0.28844518101405026
0.48898671501014856 0.2872919342372129
0.4901543205331004 0.2860489901712472
0.49168410810720964 0.2847103915400697
0.49280609798724695 0.28362878192759833
0.4941676298681965 0.28247828177114864
0.49536828682712786 0.28143585627233225
0.4967215667675078 0.2798972971857887
0.4979362919001985 0.27884008376329483
0.4992561931629472 0.27747498246108304
0.5003969286171697 0.27639693414323396
0.5017704697452896 0.2751886523793563
0.5029954353772133 0.2741553648871935
0.5041206461854149 0.27285662857788817
0.5054949387624559 0.2714813829148264
0.5066527770893321 0.27043181980864084
0.5080403590654029 0.26904700296290274
0.5091620997314628 0.26794559323941747
0.5102954248549687 0.26698757971160236
0.5115839485598591 0.26578047530662186
0.5129714734203588 0.2643560356474519
0.5140947329946993 0.2633348916812467
0.5152182302570032 0.2623509729463993
0.5165139764662399 0.26097255672369135
0.5176257234637851 0.2599140852622155
0.518880063760004 0.25897503785243514
0.5201513451543571 0.2576394137346363
0.521274610457743 0.2566632597635914
0.5226249144546784 0.2552665543824213
0.5236660308509733 0.2543491343779596
0.5249213907004333 0.25309686993637937
0.5260801714326171 0.25198860947398716
0.5270414068728201 0.2509767660549037
0.5284315903132892 0.2496350988414009
0.5294905229218014 0.2488660994261367
0.5306393663634156 0.24756056452508546
0.5318398938198843 0.24650393991417063
0.5329948059903542 0.24544531346151288
0.5342324315806632 0.24411761804141285
0.5352906613209767 0.24310517713602064
0.5365901924350104 0.24178405825399973
0.5377567894183453 0.24067640487598818
0.5389729328302726 0.2394689480940373
0.5400194711387514 0.23858557508750722
0.5410590553043599 0.23763093780083167
0.5422468196908745 0.23646631641991656
0.5434266024445276 0.2353539756791081
0.5444281335124231 0.23419110822249334
0.545672517724894 0.23322290878313012
0.5467153900052841 0.23209801060462154
0.5478506934610432 0.2310441236850751
0.5489649849792249 0.23011091499387737
0.550213561652781 0.2289177111669225
0.5513638495486921 0.22774972926465598
0.5523587934318556 0.22671416396561173
0.5535682017181439 0.22552460873581925
0.5546993100551088 0.22439678263703455
0.5556264960544797 0.22340623624201505
0.5568636273920703 0.22232451188999292
0.5578858694681209 0.22134501202341939
0.5590782675459716 0.22016431169988948
0.5601348837628499 0.21913160990012015
0.5610454139268232 0.2183334582453128
0.5623353028167815 0.2169342344692884
0.5632822217215003 0.21607671773376613
0.5644567204452123 0.21504694997731655
0.5654750550744571 0.2141668932065418
0.5664712262212407 0.2130709885310461
0.5676874243435219 0.21193877253358706
0.5687234504239562 0.21084852383479147
0.5698698816543273 0.20968167720580944
0.5709291947239352 0.2087581183317111
0.5719390817293724 0.20772817988671233
0.5730250219437683 0.20661274059301316
0.5739547463954822 0.20564793241653478
0.5751398532023371 0.20467618531204423
0.5762538114920905 0.20333360255390498
0.577130601977113 0.20273855176585487
0.5782383876625619 0.20163418969149616
0.579157405407488 0.2006643324781594
0.5803032523744918 0.1996175186054161
0.5811488761440913 0.1988268928999153
0.5823534943474713 0.19763460874403016
0.5834086500813076 0.19662521960951618
0.5843736548167514 0.1957980363110784
0.5852678035581411 0.19464138160732203
0.5864190948944006 0.19361889685874
0.5874477869884671 0.19252991002890618
0.5886043966362695 0.19150816614406097
0.5895315780796189 0.1907166311747479
0.5904165694139588 0.1897802152747553
0.5913555880017878 0.18903959473016418
0.5925359294267623 0.18764588987388509
0.5935303223858373 0.1865944469053642
0.5943325760128844 0.18590754813130972
0.5955234258134632 0.18473253767902542
0.5964489289190336 0.1837616776150619
0.5973550814705826 0.18304927882349808
0.5986257088819278 0.1817984386160829
0.5995040962102929 0.18073150231208301
0.6003034487978496 0.18018580479220425
0.6013093236238578 0.179126405454336
0.6024017732084992 0.1782047418502144
0.6033556077561434 0.177101045743841
0.6043434693116946 0.17631232838141242
0.6053933172170671 0.17522795367667499
0.6061742190248665 0.17423219425241232
0.6070539711339125 0.17347395178533676
0.6082871641737295 0.1723001841449825
0.609348312131101 0.17120596014176903
0.6101131710403171 0.17059358242615175
0.6109720392323612 0.16945407936293044
0.6121494466061738 0.16843447143276002
0.6129551951959661 0.16768665510395275
0.613981607326851 0.16657667310392477
0.6147877796809955 0.16584246265122604
0.6158465718635362 0.16477734960028245
0.6165825544205095 0.16419280852092322
0.6175643856133896 0.1631753144807352
0.6186304621567873 0.16228403228878374
0.6194273876220764 0.16129697131263332
0.6204779800831748 0.1602356627363306
0.6212180130167315 0.1597936943341145
0.6221607186035404 0.1587538817896471
0.6232342816236014 0.15756058971664633
0.6240305160644175 0.15669234525592413
0.6251007257222122 0.1557940080893404
0.6260237002133076 0.15494858669160294
0.6268901458442753 0.1539539696077592
0.6278025296541123 0.15329329703729933
0.6287106928940719 0.15230587665231077
0.6296476020728143 0.15142370896982804
0.6305986712672105 0.15046826631043242
0.6314440029342825 0.1497615959235974
0.6323861036400746 0.14843358386559746
0.6331956573965244 0.14757820893277118
0.6340857176990573 0.14700332903673585
0.6349577259065948 0.1461943195096862
0.635798102372584 0.1452611780056725
0.6366628386364657 0.14443875882342194
0.637739930954111 0.14339479332682759
0.6386689263635947 0.14234241200350706
0.6394052208406371 0.1416816808078485
0.640387684503861 0.1407557584790453
0.6412488904360947 0.13997888703065242
0.6420599433021362 0.1390116831305982
0.6429418766797941 0.13831827509636585
0.6438457337179633 0.1373132580366503
0.6446807751731769 0.13639529393622074
0.6455229246062812 0.1357060251986446
0.6462354752437268 0.13478581036585757
0.6472360027424762 0.13391819179764797
0.6480342626151334 0.13318627167764907
0.6488214381404838 0.1323900558778628
0.6496409233567242 0.13150709794122184
0.6507387563193064 0.1304889088381308
0.6515095667206328 0.12963825287121522
0.65247424078131 0.12892113023830953
0.6531514697029753 0.12819431613813237
0.6538128356028731 0.12730621363139838
0.6549362338392359 0.1264687064647596
0.655578355563916 0.12580262441698287
0.656573291802157 0.12467879503596158
0.657388397494477 0.12398090212333446
0.6580215967671796 0.12329283519927436
0.6589541788067388 0.12249191417443384
0.6598164896497297 0.12174973442392967
0.660580104508701 0.12079432593868433
0.6613251178597827 0.11992166186497044
0.662132018887986 0.1190802713233241
0.6631876912126544 0.1180983494635075
0.663846588776601 0.11766233023418726
0.6647309859310224 0.11660039757655527
0.6654804670676664 0.11598629524710402
0.6663491448810328 0.11522576014200303
0.6669530301069068 0.1143179161221538
0.6677858805390876 0.11372018380749005
0.6688590619417827 0.11240811080189039
0.6693445814160834 0.11202924003346393
0.6702728097310748 0.11118846037702701
0.6710378102936829 0.11047060597580716
0.671952993060315 0.10984358057370125
0.6726985061416824 0.10886073207907798
0.6736101383673443 0.10780401008133467
0.6743110343784247 0.10692235364114255
0.6750561422335855 0.10632017327105259
0.675855278330685 0.10553227490433748
0.6765705919613952 0.10502265492368867
0.6774070073637003 0.10391434259328836
0.6782779909683818 0.10311456953205544
0.6788595323325937 0.10261114974963403
0.6796444473697848 0.10195595668796675
0.6805819729259224 0.10079359896614681
0.6812371045207224 0.10029914787279748
0.6821271662406418 0.09948190780945687
0.6829009315687866 0.09882195861203025
0.6835263771072698 0.09796209518461352
0.6842704005520366 0.09719097961937395
0.684986911933587 0.09655676873197105
0.6859283726332279 0.09554864899923898
0.6866852137262331 0.09480790125140737
0.6872848032530801 0.0942696403561305
0.6880936442630123 0.0932703479857302
0.688947103262255 0.0927967398399403
0.6897070470078497 0.0919284278853576
0.690598223372936 0.09111954321120042
0.6910301828329084 0.0906070827693517
0.6919265274050574 0.08963990413091305
0.6926941505057957 0.08886670683079778
0.6932970686950723 0.08821827882564093
0.6940144097963505 0.08751037563258479
0.694694171193905 0.0869821189345561
0.6955608794921649 0.0859988452910222
0.6962660756418928 0.08539670728874804
0.6969244133254285 0.08467357300216649
0.6978137531817596 0.08376191133363453
0.6983630225119792 0.08324826626078208
0.6991034870229631 0.08239475791654716
0.6998598753879981 0.08170691805571284
0.7005769786696658 0.08091118338428038
0.7012617273836281 0.08031499839987721
0.7020441230266237 0.07961530783932957
0.7026757982538185 0.07894518962161778
0.7033201797600342 0.07825882433754072
0.7041254282214925 0.07747498374286976
0.7048680322121188 0.07680714213623907
0.7055013201258888 0.07593434803145582
0.706219929929794 0.07519658668651985
0.7070361099452063 0.07452008243523167
0.7076161458214066 0.07408654268873394
0.7083098698618502 0.07331805486430887
0.7090963599662194 0.07237229118395683
0.7098484705178846 0.0716010561451893
0.7105509638785631 0.0709686007105127
0.7111730607216942 0.07037296063386234
0.7119718557598992 0.06985275647663947
0.712538690030003 0.0692879020184558
0.7132371633653909 0.06844275241011699
0.7139412652924493 0.06779125997688018
0.7145206596406897 0.0672952004254741
0.7152472816695472 0.0663880490464126
0.7160297126839392 0.06569510049515737
0.7165845083248781 0.06511110812479326
0.7172958651554218 0.06433109234099055
0.7179069504876276 0.06356675750959528
0.7187713147234236 0.0628725204214009
0.7193958321689531 0.06220233663799446
0.7200011389465074 0.06165851152239454
0.720644281344501 0.06116342449918688
0.7214419087698702 0.06016499182124968
0.7219961963030079 0.05960799064294431
0.7226695529089562 0.0589303091614628
0.7233561962055863 0.05831668608159357
0.724169122481704 0.05732626671656171
0.7245919268948907 0.057065376466503115
0.7254041479017593 0.05613462129400004
0.7259463153456012 0.05582894419292117
0.7266369121557155 0.05512616653833158
0.7272133936177945 0.05449568346753364
0.727831457606247 0.05376929197728031
0.7286264281372599 0.052979343035121085
0.7293171076689728 0.05225198719309665
0.729771049738648 0.051784813938152485
0.730529422391018 0.051025211067647125
0.731072964132907 0.05041128298275965
0.7317458355429347 0.04990959694426511
0.732431942646524 0.0490942539595709
0.7330366081607604 0.04858015412577976
0.7337858925144948 0.047730160899263185
0.7342574264811719 0.047435956106197885
0.7349430160511563 0.04659858442421827
0.7356657663199119 0.04614086966650632
0.7361973654079198 0.045469798542616346
0.7367651620256921 0.04487516891145593
0.7374572941006168 0.044149384644486034
0.7379804756086792 0.043588627079029774
0.7387518007003111 0.0430237629621153
0.7392795217890099 0.04222097857980944
0.7400271034466355 0.041758759421826275
0.7406691041587299 0.040959410787506645
0.7411482170731777 0.04046903196630425
0.7418531374620695 0.039914941371659185
0.7424500044247658 0.039156959880138564
0.743153964759089 0.03852402006385902
0.7438283865210613 0.037868228625073774
0.7441564998020083 0.037480070266428855
0.7447156446072398 0.03696556483288638
0.745303856232494 0.036318854383815435
0.7460514643868112 0.0355115268833075
0.746659314629276 0.03490995564398636
0.7472476692634716 0.034461373882946345
0.7478584835329196 0.033801827659765804
0.7484023028173775 0.03324111865428636
0.7489729122889239 0.03261278564766856
0.7497424879335297 0.031827973426139966
0.7501846360046709 0.031547575500124214
0.7508811817439749 0.030761008456301697
0.7514769834874728 0.03014793367938151
0.7519850833720652 0.02948402268452832
0.7526774177727513 0.028825722947221744
0.7531087747450032 0.028447060531644253
0.7537925502241571 0.027856186085317258
0.7543040497453299 0.027209553744008463
0.7548639688484634 0.026672631150040593
0.7554827424267585 0.026069006594663158
0.7559891005291401 0.025433147234097397
0.7565664236611463 0.025199230367369485
0.7571701440841239 0.024205890982036182
0.7579495564697486 0.0238028494864998
0.7582868363272188 0.023184664417657652
0.758988365870312 0.022519698971336544
0.7594121109713157 0.022030001094438756
0.7601465190915452 0.021323954693861835
0.7607178747406664 0.0208868955953041
0.7612192844457356 0.02030788598974198
0.7616607098768662 0.019763789476553884
0.7623671145423345 0.01923091289397627
0.7628178711948205 0.01859738094734953
0.7633983542266951 0.01816005010555166
0.7639611432482313 0.01738558790285538
0.7646140482237782 0.01697788622181373
0.7651264134115127 0.016364339233109093
0.7656509421188524 0.015759355834364053
0.7661991467992039 0.015246765599248646
0.7667966977216032 0.014838765026241374
0.7673252713621164 0.014128229047605911
0.7679238050685138 0.013500570714043647
0.7682862373339191 0.013211215588623593
0.7690400925016704 0.01256067147870954
0.7695522092973248 0.011915138725997032
0.7699844225730025 0.011450490771059196
0.7704855259755747 0.010905059507876347
0.7711529863874302 0.010148739049048894
0.771702387061128 0.009467193157625675
0.7722803843591082 0.009053590839325665
0.7727567934355173 0.008356505444724549
0.7734473190901622 0.007775199612681694
0.7738316603682771 0.007392425587000373
0.7743437295570468 0.006977584618803823
0.7750284093725845 0.006469633883538606
0.7754947041969854 0.006008499080464191
0.7759909795476556 0.005217462885503066
0.7765698461820136 0.004677392469003339
0.777013543117239 0.004140857767079065
0.7774526657350141 0.003906086522084018
0.778031994302778 0.0032209417541300134
0.7785474136467154 0.0028042563456662783
0.779046505439786 0.0020949228908616613
0.779701515652863 0.001588537213918606
0.7802196476374703 0.0009395174969235587
0.7806917314322395 0.0005074819515942242
0.7811804097367195 3.666364809673528e-05
0.7817354572211153 -0.0005985024961105978
0.7822464768717975 -0.001209104223718005
0.7826872618974305 -0.001392698056241759
0.7832507738132348 -0.002162145067820642
0.7837289206630265 -0.002617340413124669
0.7841590190633544 -0.0030383719188492586
0.7848947380286454 -0.0034802831441343995
0.7851738099610002 -0.004181323783535085
0.7857133134985123 -0.004763654366903736
0.7863918760812716 -0.005522710067363823
0.7866835498446517 -0.005527487501424955
0.7872500122577267 -0.00628454414554358
0.7877253568941534 -0.006742055186186091
0.788236257350572 -0.007188544824262011
0.7886100826511406 -0.007689239654400826
0.789303618913384 -0.00843132622546583
0.7896843411275636 -0.008838020820805204
0.7901180517178173 -0.009102955869289553
0.7906685038941672 -0.009943567841211198
0.7911092271364565 -0.010306742384263878
0.791656080909414 -0.010766338697143274
0.7922031378969987 -0.011373694132327694
0.7927610953571704 -0.011866970390504106
0.7932820244354885 -0.012503639067285577
0.7937423878343591 -0.012949276423813383
0.7940388197702364 -0.013155962690430734
0.7946422380054309 -0.013855417772955847
0.7951621446094252 -0.014306113725763847
0.7955710266232113 -0.014913806129813856
0.7961383746150925 -0.015425233321948895
0.796451188784978 -0.01576186115896505
0.7969948251652564 -0.01634708535183027
0.7973177246681357 -0.01662171539136359
0.7979760627247868 -0.017156072575711723
0.79844719142514 -0.017683526971616792
0.7989225837480338 -0.01849750192359445
0.7994230247975465 -0.01892430713862625
0.7998402021397317 -0.019294421905719394
0.8003129627371616 -0.01978170539408486
0.8008320834863784 -0.02020940920709824
0.8013139885617666 -0.020831381914234726
0.8016492376983091 -0.021210098451101667
0.8021387540159283 -0.021826820251550028
0.8026309082075632 -0.0220124749710221
0.8030358753479376 -0.02277213884397411
0.8035609038385065 -0.02323962221962894
0.8040481885717918 -0.023562082710192334
0.8044343541205211 -0.024207089164556383
0.8048933403162185 -0.02465423894323615
0.8054051452627351 -0.02525163408300002
0.8059523566807051 -0.025782825407952514
0.8062777691947363 -0.025995587501123074
0.806615311001996 -0.026237708151215733
0.8070436149627267 -0.027100779054576085
0.8076735370827799 -0.02747911613142051
0.8082413944748801 -0.028171291085354655
0.8084725867532175 -0.02815580714081889
0.8090602968323966 -0.028974930517802644
0.8094684042866813 -0.029491462056105533
0.8099736987435968 -0.02976892898375416
0.8103305375770316 -0.03024805064235303
0.8107735892997938 -0.030793273760270523
0.8111379746043811 -0.031097866620153458
0.8115574384020772 -0.03175366421795367
0.8119926784491986 -0.03213305292414459
0.8125560440554421 -0.03274006450479494
0.8129586749834296 -0.033074064122150415
0.8133516753802834 -0.033523935676085026
0.813874688933939 -0.03403845694159724
0.8142905125216797 -0.03454998805739384
0.814715600848353 -0.03521170564850362
0.8151020771154304 -0.03539537590235542
0.8155398446652267 -0.03594003423550274
0.8160110498915623 -0.036312702947246756
0.816376146025482 -0.03673948924294679
0.8168292107360108 -0.037299133117731365
0.8172692257202644 -0.03766361376706662
0.817686583344594 -0.03806707016727062
0.8181382934496847 -0.03857996975957356
0.818534895955067 -0.03903985739930371
0.8189959637041928 -0.03974580769056657
0.8194308649218314 -0.039978913679333594
0.8198272317511868 -0.04041376443367373
0.8201719908352336 -0.040827308307124444
0.8205966157666073 -0.04128443197671994
0.8211882787521471 -0.04205637144790908
0.8214028048846317 -0.04228986867451712
0.8219568752097569 -0.04292250584156021
0.822224857123343 -0.04311384275706143
0.8227138002151367 -0.04361343606907664
0.8232027050752698 -0.04414286434116599
0.8234841140149772 -0.04442796511581937
0.8240504454618615 -0.04508700387007536
0.8243105390490119 -0.045302563701015264
0.8247622737782395 -0.04592690155984658
0.8251801867929587 -0.046335740194566766
0.8255574801197063 -0.04678290757306747
0.8260243483636407 -0.0471844242162085
0.8264350253882627 -0.04758403706451808
0.826769719631991 -0.04807317660862531
0.827162317367912 -0.048581511048155224
0.8277077874488465 -0.0491090211454841
0.8279236713245187 -0.04935892573778211
0.8284594293508563 -0.049907451766686206
0.8288164638587108 -0.05040429082612774
0.8291969720884618 -0.0508484123875228
0.8295476636463607 -0.05117322063342222
0.8299789924977148 -0.051814902321057454
0.8304688467817709 -0.05220439395774101
0.8307747822522401 -0.05266804311375972
0.8312273062535951 -0.053156092247626185
0.8314958849406162 -0.053296294823051316
0.832006109280757 -0.05385043251496169
0.8323122313322056 -0.054253056560447765
0.8326431682973501 -0.05468683512812733
0.8330596509330961 -0.055236248915183195
0.8333224306694234 -0.055492248591178406
0.8338907156724202 -0.0560353642227549
0.8344516214478959 -0.05675921929293426
0.8345822251892719 -0.0568523790835892
0.8350253450019688 -0.05726334000363342
0.8355108518553622 -0.05790137334931744
0.83579161424526 -0.05811889914098234
0.8361057116387265 -0.05848400970013867
0.8365234273655819 -0.05906489772471302
0.8369257574295039 -0.059591976076384556
0.8373071501615444 -0.06005489822751853
0.8377842570606554 -0.0605304606080842
0.8381468420041214 -0.06096300152794831
0.8384532593452999 -0.0615421667485071
0.8387457947750462 -0.06140679013857764
0.839160843366334 -0.06207306340545227
0.8395826644272936 -0.0626455501646338
0.8399731056123418 -0.06297444601576352
0.84038282779076 -0.06365257022785176
0.8407566813273102 -0.06415995669782015
0.8411078618656103 -0.06437904979901332
0.8414122121264772 -0.06459042687240257
0.8417884965980655 -0.06503841583928383
0.8420928040208989 -0.0655346185148783
0.84259303084511 -0.06604960605664711
0.8428996470405542 -0.06660999809290413
0.8433815258410559 -0.06706136611395819
0.843537310997595 -0.06738641533459067
0.8439530115326481 -0.06772715640216642
0.8442685675698522 -0.06808667458710227
0.8447493556345198 -0.06878844645241333
0.8450709798978469 -0.06919717277485571
0.8453621209816249 -0.06950950042467263
0.845788412316863 -0.07007109575092973
0.8460163166525493 -0.07031135298881475
0.8464813582759959 -0.07090579435088451
0.8467862160629251 -0.07114417711169763
0.8472305215890314 -0.07180946046494485
0.8474470405969766 -0.07201166012409954
0.8477913356977451 -0.07244172679845606
0.8483327996152464 -0.0730949619522755
0.8487079252886431 -0.07364094831762236
0.8488917511481632 -0.07375380085412775
0.8493560532559539 -0.0743604399765665
0.8495817773560147 -0.07455194395098663
0.8499819351505957 -0.0752086756793271
0.8504243976168471 -0.07545909064321354
0.8506822500320725 -0.07591716346949262
0.8510367949670167 -0.0763040792711257
0.8515093333412377 -0.07699710700264284
0.8517361527000078 -0.07735365877098799
0.8519741066668103 -0.077497744431412
0.8523052132199824 -0.07814169385241954
0.8526648538632409 -0.07855303597514895
0.8530841484451378 -0.07869143761712893
0.8533984719868145 -0.0792532171523056
0.8538431470006365 -0.07976036219109539
0.8541342315159445 -0.08013046745699126
0.8544088616841783 -0.08060347626320774
0.8547490835923709 -0.08105291764271094
0.855137800354062 -0.08146449869656536
0.8554451120472218 -0.08212118352242126
0.8558611543969431 -0.0824098349078971
0.8561036299542332 -0.0825980696757288
0.8564048028700346 -0.08298972770706192
0.856800393871264 -0.08361774676735001
0.8570632540286865 -0.08397351124897512
0.8573393770434174 -0.08438180406519513
0.8578068180049754 -0.08499371689326796
0.8580148684786024 -0.08526675037136577
0.8583992568161014 -0.08569577204438117
0.8587144975872367 -0.08629577405775879
0.8589752813292078 -0.08657753538537216
0.8592192302231768 -0.08687009707083504
0.8598002019427511 -0.08760577829248661
0.8600623706587185 -0.08778154423620887
0.860415876473492 -0.08831790384599392
0.8606610663335013 -0.08873525478667887
0.8609582494106619 -0.08918773558557669
0.8612581367512153 -0.08958782275623811
0.8616092049834769 -0.08995805807041912
0.8618481083398096 -0.09050234276434244
0.8622320543003269 -0.09106716332691234
0.8625395996858416 -0.09115087825818535
0.8629576219079644 -0.09198655557152735
0.8632008153468841 -0.09219322457977774
0.8635142316178042 -0.09256826803072027
0.8638372992633576 -0.09298104288881093
0.8641980453723221 -0.09359912648837976
0.8646218168233697 -0.09422226644332632
0.8648432473601793 -0.09439389804901954
0.8651368944102386 -0.09492433719376991
0.8653492928612292 -0.09509849293446715
0.8656546453969766 -0.09567402082723497
0.8660322471767024 -0.0961218612307344
0.8663716211103711 -0.09670468055942516
0.8666428905736682 -0.09710256875988821
0.8669445635916637 -0.09739968791799747
0.8671896941619417 -0.09771453713796308
0.8675343053354289 -0.09819812364677538
0.8678132823006306 -0.09880787564220705
0.8681177467921868 -0.0991673843068186
0.8684667506116196 -0.09948633064410417
0.8687352406209753 -0.0999935126647592
0.8690052024010431 -0.10043430672761255
0.8692986653916749 -0.10090373680984654
0.8696886470294747 -0.10146407770345967
0.8700225800781621 -0.10187503235808382
0.8702666843826757 -0.10213203811750626
0.870517070032844 -0.10252833900946356
0.870889993536134 -0.10290740124919684
0.8711509824808928 -0.10361145951239059
0.8713872621301844 -0.10370555884567789
0.8717048391239538 -0.104471095771839
0.871971567126949 -0.10471286414799441
0.8722564535336715 -0.10512074234514202
0.8725731029173385 -0.10563409406066393
0.8729342240499646 -0.10626804372293475
0.8731896041928335 -0.1066514985021847
0.8735275028997923 -0.10726539341756391
0.8737352106518391 -0.10741218477096981
0.873993469450296 -0.10801757051057281
0.8743265467416278 -0.10833163162228743
0.8746309151958367 -0.10885877335966532
0.8749249253865697 -0.10921321308619925
0.8753209920647941 -0.10982644981436829
0.8755404058085193 -0.1102236132800537
0.8757969283347974 -0.11059444795100426
0.8760503878389481 -0.11111477769395384
0.8763366777456852 -0.11158597654396762
0.8767734635001428 -0.11214095314479466
0.8769061296863722 -0.11247639825677658
0.8771917632865402 -0.11286517955791786
0.8774280833501097 -0.1132703702599035
0.8777324856960613 -0.11356658944118725
0.8780017937750941 -0.11437024305369903
0.8783516636980462 -0.11465034451070277
0.8786293131516094 -0.11503163250933057
0.8788115532526607 -0.1153658769231215
0.8792406114230545 -0.1160891417878781
0.8794450915716909 -0.11644832584898346
0.8797599067850104 -0.11702940177867416
0.8799643529904049 -0.11745951194022597
0.8802545889871631 -0.11797705454965413
0.8805550141589136 -0.11833319520245844
0.8808912998528613 -0.1187090761418308
0.8810951017433262 -0.11921015448937067
0.8813726461173818 -0.11965085568242217
0.8816370107616921 -0.1200714393800898
0.8818867942519643 -0.12057576136062675
0.8821367841230077 -0.12103750680191916
0.882409271788867 -0.12150410845399784
0.8827223616048949 -0.1219807279758518
0.8830301288757124 -0.12264222281681147
0.883155852156503 -0.12285888383410737
0.8834965151033685 -0.12337100902862663
0.8838010836905823 -0.12398457179472655
0.8840677102382337 -0.12417997934514302
0.8843741041149515 -0.12489456509838637
0.8845299625348927 -0.1252489039586474
0.8847425651330091 -0.12570838385081007
0.8850221957172169 -0.12625420484179428
0.8853596355463228 -0.12664777191235366
0.8855912822518306 -0.1271255445873376
0.8858436616683207 -0.12753176041313008
0.8861825656158941 -0.12815997744687824
0.886442463755517 -0.1285958856491214
0.8867057130470265 -0.12905440267039425
0.8868597355839611 -0.12942975807891943
0.8871766650788714 -0.12984984073240213
0.8873868011684738 -0.13039654428433423
0.8876739280534689 -0.13099828316415385
0.8879999806203247 -0.13143961803957338
0.8882398452200221 -0.13191042955008958
0.8884297549631761 -0.1323647612961718
0.8886595332969667 -0.13282151117447993
0.8889447228226305 -0.13334179191687434
0.8891940041233464 -0.13383586782018408
0.8895049884945783 -0.1342857977852705
0.8896579327125301 -0.13483127127603367
0.8898866948737767 -0.135205961009494
0.8903017432832766 -0.13578386860779845
0.8905141796501509 -0.13622577543683068
0.8907938151865071 -0.13687106403127736
0.8909838020123476 -0.13730104350786776
0.891221829745575 -0.13766570604464157
0.8915240496032499 -0.1381824896807824
0.89164086608684 -0.13877970539272555
0.8920057165615212 -0.1392115627900543
0.8921382918891814 -0.1396609896510541
0.8924584276309131 -0.1400955334554439
0.8926310212132462 -0.14055472465081875
0.8929311950615414 -0.14113251860720355
0.8931942039874774 -0.14174400745149018
0.8933333389239813 -0.14213219350017425
0.89376847511491 -0.14283534991107394
0.8939211797525058 -0.1431292873267228
0.8942212908711094 -0.143769519815669
0.894438693550355 -0.14427587362977023
0.8946271699904723 -0.14462738273412878
0.894941466097115 -0.14543753659966507
0.895229884948402 -0.1459864190003165
0.895399895914652 -0.14640184332120432
0.8956575506284822 -0.1468628039159462
0.8958463035713317 -0.1471092988439623
0.8961394829272471 -0.14785410449243508
0.8963008631602016 -0.14821789959278164
0.8965463168041183 -0.14905647782528275
0.8968821638683132 -0.14949020744322217
0.897035076272678 -0.15001399647935032
0.897270411564919 -0.1506643818847444
0.8974726619343136 -0.15101866228475758
0.8976849147916415 -0.1516107991502711
0.897974522186234 -0.1521239351064384
0.8981759115334021 -0.15244183035486925
0.898387529283506 -0.15300718375100386
0.8987135128119317 -0.1537359253223043
0.8989622434598832 -0.1542096468510472
0.8989822820304347 -0.1545638563277456
0.8993137138219479 -0.15517857988934647
0.899550751637744 -0.1557612983039286
0.8997230839034662 -0.15632424229881559
0.8999920642409334 -0.15676880587333208
0.9002969081462585 -0.15734240491440266
0.9004763461617818 -0.15792826581870745
0.9006067918206765 -0.1583436068818901
0.9009782867389615 -0.15901586192442307
0.9011840901816636 -0.15959480605254306
0.9012626947742939 -0.15997259014897458
0.9016222777629672 -0.16068297821707556
0.9017847752655013 -0.16108341587836938
0.9021636498476283 -0.16201017046772603
0.902218095989366 -0.16223098603472796
0.9025237937999534 -0.1628676778310275
0.9026799475744056 -0.16334261897180125
0.9029024544402106 -0.16397146849238553
0.9031604779778466 -0.1645025321085849
0.9033484164309237 -0.16497394086760908
0.9034669936055882 -0.16565908790140893
0.9038564901538753 -0.16625583861477633
0.9039664293787383 -0.16654636266988632
0.9043381059010891 -0.16743165950779137
0.9044367556471756 -0.167905183418389
0.9047206858657095 -0.16848087613387563
0.9048503941941938 -0.1689359540520906
0.9051750145592381 -0.1696480674550207
0.9053611150918582 -0.17024146251454353
0.9055027035963411 -0.17085600360351283
0.9057736668375503 -0.17129220866739303
0.9060337902586311 -0.17186164402373594
0.9062067117183423 -0.17245114747411439
0.9063585410431556 -0.1731903446005656
0.9066487880260818 -0.17388953291529718
0.9068224114298044 -0.17429392773947183
0.9070374074335413 -0.17487748324793284
0.907307122623073 -0.1755535592709433
0.9074071640096223 -0.17598103815007737
0.9076741842925665 -0.17662391521662302
0.9078900010904172 -0.1771796155023453
0.9080285489515761 -0.17779719140050443
0.9082261257627209 -0.17829043589265425
0.9084793241712213 -0.1791123330728942
0.908698395788303 -0.17965077986211497
0.9088483648322443 -0.18018179779758303
0.9090507582181586 -0.18091139976334292
0.9092477331934967 -0.18135694153724913
0.9095378700324175 -0.1820269935100125
0.9097299836741575 -0.18264334409354
0.9098942431262338 -0.18343147496271262
0.9101748823729102 -0.18408536282235632
0.9104925787634113 -0.18471339250128316
0.9105397487144736 -0.18514889242199184
0.9108143037587356 -0.18577462603481865
0.9108901797850987 -0.1864011831180602
0.9111567087671264 -0.18712567113033174
0.9112457699326448 -0.18761168579006604
0.9115445802839864 -0.18830726225822747
0.9116839276964269 -0.18880751637891813
0.9118977968776822 -0.18951341518594034
0.9121173047602742 -0.19026892568458686
