#C1_inf,C2_inf
0.0 0.7215096833205698
0.014276609015721031 0.7208035165562351
0.028286687162846436 0.7201178712543801
0.04205749394651026 0.7194980504756099
0.055519540878565476 0.7187965502468661
0.06874834277285669 0.718015019475821
0.08176835425420759 0.7173338249644026
0.09450383297627685 0.7167873760524677
0.10700750550187377 0.7162416725294398
0.11931943318061966 0.715417577442651
0.13138769314431553 0.7147511341335232
0.1432387260058534 0.7140513483202899
0.15497208661038642 0.7134340840436819
0.16640735522926897 0.7126671362066821
0.17775468363142954 0.7121584259881568
0.18884762691042845 0.7113138186028334
0.19981103922048415 0.7107665293014773
0.21053553922394885 0.7100100220529143
0.22110405948015843 0.7093453326175285
0.23154983737958168 0.7086132744338531
0.2418293500443015 0.708053277553196
0.25162806716224195 0.7071936147512865
0.2617929519697405 0.7064810965594535
0.27143131697744693 0.706084904661886
0.28112071813585904 0.7053318213762214
0.29038123505943303 0.7047147718494629
0.29980167202900576 0.7038525333989638
0.30906073812220725 0.7031462402007591
0.31795161747696354 0.7025234493809169
0.3268130107878088 0.701969566329514
0.33559387427542475 0.7010996407671479
0.34425614883107214 0.7005002391526627
0.35272244361138827 0.6998832855201236
0.36108937846054345 0.6991011798850748
0.3691860677115911 0.6984434488615618
0.3773499477967158 0.6977208580549323
0.3853281766305834 0.697003519434538
0.39323897811452435 0.6964380207841132
0.40090780738554743 0.6957754233509301
0.40854820253511803 0.6948970912900774
0.4162158666742768 0.6942984708701859
0.42365501621464274 0.6935811253403679
0.43094877360798955 0.6927928349545318
0.43810483974944026 0.6923005972837488
0.4451649621051378 0.6914732536655813
0.45238691091711913 0.6907975851605497
0.459136863702444 0.6901153921927772
0.4660659483109294 0.6895599514964472
0.47271702270894755 0.6888092813311082
0.4792894234490819 0.6879292750964806
0.48580964187688824 0.6872935753814295
0.4922652594472804 0.6865009555985077
0.49877759507766495 0.6858833245747341
0.5049477281027441 0.6853657464966745
0.5111691667905067 0.6844812358641446
0.5172759453587675 0.6838331992498607
0.5233330313633139 0.683143470279127
0.5290995704750185 0.682452913003182
0.5351440252252808 0.6816192967418582
0.5408375972213353 0.6810617093369775
0.5464395689301769 0.6802878946590967
0.5520496435365939 0.6795161558036957
0.5576764110550674 0.6789495804354404
0.5630923186828376 0.6782971519828241
0.568508966514429 0.67758221223959
0.5737276277198076 0.6768239997097256
0.5790683244011099 0.6761220909290805
0.5842518209823162 0.6752824946449381
0.5892780523306822 0.6747068168066134
0.5943374265990715 0.6739990622034076
0.5993436787660751 0.6732997039823694
0.6042390605247396 0.6725840481611038
0.6089703379591576 0.6718546693505236
0.6137900576030426 0.671018054708524
0.6184995504282793 0.6703166331302169
0.6230845084316938 0.6695824522928102
0.6277088835744953 0.6689891347862617
0.6321739855629018 0.6682390972240515
0.6367966138510417 0.6675349567642397
0.6410799805605649 0.6668795905343456
0.6455447945064232 0.6659842467967403
0.6498013173301822 0.6653526879271372
0.653824860882511 0.6646474775315301
0.6580923274681676 0.6638072961990146
0.6622671776992861 0.663309932784617
0.6664398895395692 0.6627189144384028
0.6703150427147885 0.6618336792566495
0.6742742777510378 0.6610947610747168
0.678179499316224 0.6603868082799444
0.6820887730758753 0.6597317091151678
0.68593663963829 0.6589825896121769
0.6896867556644326 0.6581488288410428
0.6933130669206449 0.6574786320127208
0.6969967707295834 0.6569925937374489
0.7006638436407027 0.6559230328327967
0.7042729444620885 0.6552231218050362
0.707565238917082 0.6545395033344359
0.7113065404759165 0.6536966433792204
0.7146277950569204 0.6530102852433979
0.7180865283387995 0.652378883924262
0.7214705262476537 0.651706754508518
0.7247170807100807 0.6510340711697116
0.728082593986161 0.6502730279106547
0.7313889197096008 0.6496698858020342
0.7344669618924827 0.6486902710159291
0.7374775121285274 0.6480529674042416
0.7408455201520813 0.6473653496116065
0.7437588600952829 0.6464599206740491
0.7468282206408724 0.6457586102612225
0.7497630838426391 0.6451062003838988
0.7527099598622439 0.6445809744363407
0.7556584769954837 0.6436114999455294
0.7584384299028013 0.6428593453669271
0.7613600697918286 0.6422280221983072
0.7640821456311014 0.6413917146863085
0.766981088315431 0.6407464851813293
0.7697775772618689 0.6400444428881873
0.7723847878080682 0.6392278730298957
0.7752361915811374 0.6386252326495583
0.777793114337064 0.6376420289499874
0.7803977934872689 0.6370758152541052
0.7830433823538634 0.6362416589701374
0.7853587710834106 0.6356801977996375
0.7879525647440373 0.6347982049579941
0.7905997088777812 0.6339920239214196
0.7930622049177587 0.633235772061434
0.7954069622636435 0.6326437729637608
0.7977380414922531 0.6318631754565044
0.8001269888912079 0.6310502300463605
0.8024946045030905 0.6303554899897729
0.8046977892362286 0.6296207756046412
0.8070608141520619 0.628941224553001
0.8092457325631144 0.6280139079711706
0.8113902473404727 0.6273607957100935
0.8136531065789785 0.6266679208181974
0.8158325991459537 0.625709647525656
0.8179553826493396 0.6250640200607
0.8200259717066314 0.6242672803574429
0.8221445783158414 0.6234211110846695
0.8242828907349309 0.6228729062569419
0.8262467815727316 0.6221442074117316
0.8281997093097555 0.6214776660937389
0.8303217083588466 0.6204787005571234
0.8321589966887925 0.6199379173302189
0.834128417014717 0.619193243735253
0.836065800508987 0.6183665448041791
0.8380099650911391 0.6175609777981526
0.8398261060347043 0.6168814702154473
0.8417491988061089 0.6159131275534651
0.843502896955308 0.6153512595551722
0.8452077090716096 0.6146005046901459
0.8470723547980509 0.6137693174152422
0.8489518485944626 0.6131937729580874
0.8507134578081286 0.6122891251540659
0.8522492578382237 0.6117003534320407
0.8540804999879268 0.610850603059095
0.8557006338689909 0.610023060592305
0.857387694840465 0.6091596968426907
0.8589973492856146 0.6083518998715935
0.8605596088994216 0.6077810211821447
0.8621235504194491 0.6068912047833199
0.8638581104822867 0.6063015562723321
0.865395083681268 0.6056348019895237
0.8670122979950321 0.6047242788902731
0.8684418405475849 0.6038327533447931
0.8699644949131944 0.6031785185590345
0.8713638128236676 0.6025289656036588
0.8729225850470472 0.6015635053279293
0.8743739265410141 0.6008990690701591
0.8757662700278359 0.6002203741528382
0.8771558176183731 0.5993059519549484
0.8785880725325774 0.5986514089794965
0.8799607907132367 0.597915894691363
0.8813950492067402 0.5971947175986662
0.882649721493084 0.5962544602462727
0.8840366641044045 0.595613160159078
0.885431440568014 0.5947248642424188
0.8866025210419142 0.5939447851153895
0.8880534943099143 0.593168181854485
0.8892845608632375 0.5924998158700496
0.890452690235595 0.59175180900669
0.891656872099947 0.5909723981266433
0.8929590906999503 0.5901428771541151
0.894187929487498 0.5893164737318796
0.8954545036795099 0.5886417395224378
0.8965748653507762 0.5879615169344301
0.8977639175208427 0.5869895878034048
0.898925834066418 0.5862979135714363
0.900059916458866 0.5854641511125065
0.9012273263828077 0.5847912854193891
0.9023533474243448 0.5841664951271763
0.9033935443036161 0.5831850895565753
0.9044696854307457 0.5824163659857656
0.9056154138440186 0.5817094944680092
0.9066881788230428 0.5809172379293308
0.9076814711879879 0.5801711156533956
0.9087811909768373 0.5792314471185023
0.9098534442140074 0.5784874241972459
0.9108545954790654 0.5776473471790884
0.9117947175449448 0.5768252446462812
0.9127548990592721 0.5761147616167955
0.9138394213045975 0.5754355565069547
0.9148273230239393 0.5745813828918114
0.9158156179110637 0.5738106003086416
0.9167508126732619 0.5731590455037792
0.9176374005061231 0.5721871056159086
0.9186669860048786 0.571428481098238
0.9195234399667734 0.5707769717205013
0.9204340022289037 0.5701066525343834
0.9212774631300757 0.5689898736253349
0.9221800287771178 0.5683037682051614
0.9229880242883086 0.5674545311712581
0.923937698678355 0.5667988745216914
0.924745944963299 0.5660655919600742
0.9255457171185516 0.5652369809382537
0.9264479373830976 0.564366865661357
0.9273454365588769 0.563560228111585
0.9281045498392624 0.5628407449631493
0.9289055893192034 0.562064793610484
0.929744487823938 0.5610705076970985
0.9305147127746266 0.5605733320474415
0.9312352894579018 0.559744717571829
0.9320520961772101 0.5588812526684813
0.9327620082179466 0.5581533315911826
0.933514730738446 0.5574229238700892
0.9343320385411595 0.5565497363225926
0.9349920478762855 0.5558267009959519
0.9357374997973578 0.5550045556261058
0.9365301526599927 0.5541164835110012
0.9372180027381251 0.5533270850947669
0.9379478446272568 0.5526532722977633
0.9385407137273116 0.5518358107773733
0.9392828934123065 0.5508590858864018
0.9399828336701795 0.5500998573044298
0.9406780216722521 0.5492122169507117
0.9412650930105316 0.5488653644574123
0.941955342142754 0.5480149420159981
0.9426078290174874 0.5470250778097954
0.9432468665280461 0.5462891654371604
0.943866924430013 0.5454325822643942
0.9444989725727655 0.5445442857534373
0.9450077906461204 0.5439126743490642
0.9457148096706715 0.5428989313093664
0.9463500993215065 0.5421580523815182
0.9469564406722368 0.5414997577898029
0.9474455855560113 0.5405288295316295
0.9480384656919156 0.5398723183105664
0.9486464603577586 0.5389976939708464
0.9492952395260041 0.5382367995122768
0.9497913032322203 0.537414980878348
0.9504548074255764 0.5366314184953767
0.9509159442656807 0.5359902625859498
0.9514489515050246 0.5349931690451711
0.9519681731838912 0.5343464014188644
0.9525349742774147 0.5333550901676641
0.9530574281235681 0.5325440516073459
0.9535958241518395 0.5317261629479648
0.9540920711305652 0.5310757103954313
0.9545750430808333 0.5300567614512788
0.9550744497777224 0.5293336877997065
0.9555971225316223 0.5285119757782603
0.9560479366709045 0.5276430400959653
0.9565884176291459 0.527103086000186
0.9570626338372121 0.5260556244985676
0.9574965456079303 0.5253382691225628
0.9579867463016837 0.5245693324870919
0.9585007710819822 0.5237317280106517
0.9589090864888068 0.5227149647993303
0.9593897720448028 0.5222041829027984
0.9598451985445311 0.5212371897726551
0.9602953786841397 0.5204550401432939
0.9607257739818613 0.519471830714324
0.9611650828693477 0.5188606461541531
0.9615338597029275 0.5180883760224759
0.9619577076744965 0.5171345609145497
0.9623971900423385 0.5163162580690859
0.9628371457741393 0.515490215866971
0.9632346354227591 0.5147680217470646
0.963631709893565 0.5140426494139134
0.9639768893667684 0.5131417286666572
0.9643901758468965 0.5124748496235796
0.9649090240911063 0.5116575405184178
0.9652349174921014 0.510680602453697
0.9656453036094399 0.5096928684414872
0.965968930293349 0.5090600040379475
0.9663487590878811 0.508217147137479
0.9667403235401684 0.5074496978753681
0.9671369563118027 0.5065520638589212
0.9674683999155259 0.5059087211644557
0.9677830247779814 0.5050917354711713
0.9682226525533153 0.5041632786042345
0.9685766696355645 0.5032979545337255
0.9688598004291479 0.5026135479494686
0.9692593185832351 0.5017802427305473
0.9695278949837152 0.5009166519906691
0.9698546342713729 0.5002249547769646
0.9702583477908707 0.49936427689383034
0.9705263350417687 0.4987189988580988
0.9708480720456567 0.49756406906016715
0.9711727788771602 0.49677958139951706
0.9714335742424621 0.4959162827122666
0.9718538954916468 0.4951801309242646
0.9721030982166307 0.49411034517015195
0.9724164619720849 0.4935433856864547
0.9727680606136614 0.4925250682425839
0.9730696596004907 0.4919204120812195
0.9733310728526261 0.4908476202005755
0.9736513058260455 0.49003953902565944
0.9739091318488272 0.4892876129995246
0.9742542606737338 0.4887240657573083
0.9745109409991054 0.48789187112851207
0.9747825615253288 0.48687021540099384
0.9750911631563637 0.4859498525909133
0.9753519962666211 0.48516641171829944
0.9755850775190985 0.48441708909543857
0.9758903457272494 0.4834276870750921
0.9761493615187832 0.48274473177847654
0.9763979730872545 0.48176264762450893
0.9766742468175528 0.4813463495892524
0.9769252678585183 0.48024373902157913
0.9771016751975151 0.4795162660441781
0.9773855875775811 0.47863963891565875
0.9776220780620806 0.4778196252090444
0.9778871289178119 0.4771521449090067
0.9781345404240825 0.4761370061783341
0.9783588136334572 0.4752738715324262
0.978608955163888 0.4744366651836631
0.9788576030107201 0.4736963195756563
0.9790581706077927 0.47300632179462243
0.9793434949835544 0.4721189766663516
0.9795316504351999 0.47137079227552336
0.9797677403213233 0.47043132080919203
0.9799854430904429 0.46944445033226234
0.9802020540740887 0.4687423681782217
0.9804166582086232 0.4678152082596828
0.9805822868023915 0.4669948037718198
0.9808196230223313 0.46624660663644757
0.9810289037510342 0.4652340223998309
0.9812592923106019 0.4644908698838578
0.9814836000697464 0.46385398283561463
0.9816302329653018 0.4629041220074802
0.9818385483419683 0.462044213705888
0.9820354559643065 0.46106452879732995
0.9822804054638362 0.4604144408680385
0.9824113307791881 0.45944067649334785
0.9826754783722049 0.4587199137964323
0.9828221954076739 0.45797370603569776
0.9829758523979643 0.457076824469422
0.983214306228643 0.45615322860609
0.9833726714939458 0.4553829548676147
0.9835346212264029 0.45453380362625717
0.9837181236316545 0.4536563989497354
0.9839065495285381 0.4526678679735011
0.9840727541468612 0.4519647266659358
0.9842408023925924 0.4512716315159746
0.9844215688651075 0.4504643387189642
0.9845590762181378 0.449440583577261
0.9847524708878038 0.4486219490456913
0.9849175156414819 0.4477932209423118
0.9850843018091583 0.44678922116993336
0.9852587199412861 0.4459777576033911
0.9854065556363415 0.4452609204797364
0.9855685912144146 0.4444845058385395
0.9857171532274587 0.4435614950551222
0.9859180101419145 0.442926058588034
0.9860177771267238 0.44200610113314664
0.9861953956056523 0.4409514140486446
0.9863560940500397 0.44023114885850967
0.9864861669110891 0.439214537734559
0.9866165209001067 0.4386040140027466
0.9867721269460892 0.43772657762773226
0.9869188275669506 0.43682888804774034
0.9870808350128916 0.435868137287426
0.9871880868216484 0.4350232183572793
0.9873386144626054 0.4343901897711374
0.9874697133425425 0.4335914966557244
0.9876094506955791 0.4325970616491146
0.9877509542278312 0.4318041518537826
0.9879180698207957 0.43094807707642346
0.9880357625479014 0.4299628123099444
0.9881242286269185 0.429091901489155
0.9882855147268645 0.4282940941170269
0.988453384649919 0.42749093474306377
0.9885317229145449 0.4266563879384374
0.9886685945685622 0.42592694599308256
0.9887963008054007 0.4250367464975576
0.9888894748943461 0.4239820071807754
0.9889956227427091 0.4234820501813549
0.9891518289567504 0.42247446100627195
0.9892660557608447 0.4216752206762209
0.9893597755052219 0.4208817981799853
0.9894782999536569 0.41998532792051924
0.9895857499740427 0.41923345752958874
0.9896952642739151 0.41812855513684677
0.989795508296105 0.41750362124724794
0.9899042601034046 0.41657160786838876
0.9900211924314398 0.41562322629779613
0.9901263694574153 0.4150601861176193
0.9902556296868232 0.4138737639497583
0.9903404456793087 0.4130639889485882
0.9904171065332558 0.41252180167396724
0.9905790247909323 0.4112856253580266
0.9906542036004293 0.4106111724439757
0.9907624648325507 0.40983691045002746
0.9908824189280632 0.40910274588267437
0.9909666632066958 0.4081948732383154
0.9910713841021606 0.4071237261874866
0.9911360700945274 0.4063346612078893
0.9912460756284244 0.40577602051365913
0.991339153989403 0.40459026083813854
0.9914407349627363 0.40375840996683
0.9915366675149602 0.40299577605846504
0.9916049120959304 0.4021680786374594
0.9917072491086668 0.40122362173584236
0.9918226928667184 0.4003323001007075
0.9918955008076838 0.3996586381902878
0.9919657059380786 0.3986535294382948
0.9920395700164806 0.3978355339601549
0.9921398834795024 0.39699966682277743
0.9922471980345755 0.3961908244387551
0.9923144974369799 0.3952281102496473
0.9924059883303977 0.39452229122976024
0.9924645518739408 0.393796242830577
0.9925631588191566 0.39289922132310096
0.9926285411556504 0.3916901581474085
0.9927074953488817 0.39085667027433213
0.99280193222393 0.39019531739339186
0.9929020678919966 0.3895143287198246
0.9929371458781622 0.38839104816686787
0.9930600987286609 0.3877729595520033
0.9931032674219773 0.3869524561110226
0.9931768201588655 0.38583389724528416
0.993244935021873 0.38505370730532884
0.9933313844438965 0.38427190564803215
0.9933877856657795 0.383355563590035
0.993480791208111 0.38266492724858014
0.9935583703887886 0.3817132380515488
0.9936232650074245 0.3809173790742797
0.9936827997406945 0.3799256344748996
0.9937421319149923 0.37920968094805985
0.9938120636233799 0.37821624952161925
0.9938711548971811 0.3774259587991067
0.9939531002541019 0.37658931726675304
0.9940159728183369 0.3755990493975606
0.9940946556938873 0.3749848750759436
0.9941365653415161 0.37416338334377797
0.9942114042568156 0.37313450937543025
0.9942680633018043 0.3724246982839402
0.9943241067098609 0.3712527079031934
0.9943726537270198 0.37045834417803747
0.9944549720774484 0.36968811325700324
0.9945157025484458 0.3688168332991306
0.9945439842402463 0.36815192789875095
0.9946145575559123 0.366964016487618
0.994668903590517 0.366243579482163
0.9947406358966155 0.3654007951736833
0.9947712047400015 0.36460355976068104
0.9948500031908362 0.36369210801162566
0.9949041884355683 0.36275896179364076
0.9949523253656194 0.36204200695466426
0.9950028067253791 0.36118529127001775
0.9950789579277445 0.3603673539729929
0.9951049479960742 0.3591606217598067
0.9951557252120692 0.3585204992123875
0.9952245035458024 0.3577608685803473
0.9952759149464924 0.35668742083626825
0.9953250737652328 0.35604320101817777
0.9953865963718694 0.35491454163192726
0.9954483466175773 0.35419354119458313
0.9954686419450858 0.3533469542284855
0.9955483777841391 0.3526156533171677
0.9955608539519786 0.3516233311095276
0.9956243206805221 0.3509964250974479
0.9956709538451335 0.3500189607968309
0.9957109898740935 0.34899706584794665
0.9957774047966933 0.34831464190868755
0.9957920525234862 0.3471541707465208
0.9958529813318207 0.34668279824036186
0.9958970723889478 0.3457983089740948
0.9959258547284159 0.34499005142821093
0.9959728299446107 0.3439534881709091
0.9960098490884611 0.3432546314152748
0.9960412826553156 0.342373958714306
0.9961071630247094 0.3414765339099697
0.9961408359976793 0.340440361978275
0.9961986520619944 0.3394079414627419
0.9962359809430208 0.3389396416319862
0.9962621663405274 0.33807623968136324
0.9963133007251581 0.3370698169918731
0.9963370034647177 0.3363360450705364
0.9963948750877549 0.3354178629630076
0.9964197712737682 0.3345268770951201
0.9964699918343437 0.3338857796332483
0.996499036372184 0.33294907321799727
0.9965431084626137 0.3320807407409795
0.9965715235680118 0.33102346157730966
0.9966072164326555 0.3303452801757911
0.9966577321985534 0.32941502729517225
0.9966905019200094 0.3285964445885071
0.9967180393630469 0.32763354276717616
0.9967264289537014 0.32695605215607737
0.9967944728228395 0.326093011465435
0.9968105859572794 0.32504574479990034
0.9968506183311647 0.3241833269780555
0.9968856604722198 0.3234371473790276
0.9969495230246016 0.3225137291644835
0.9969674800442512 0.3217799034381811
0.9970182545103312 0.32080236104189874
0.997017618395225 0.3198100484141895
0.9970358171298868 0.31933896662347616
0.9970799390005564 0.3181826451952461
0.997107586999905 0.317521779023372
0.9971542137491212 0.3166525955218835
0.997184461584326 0.31581080147014584
0.997216784282823 0.3149527398803571
0.9972220548902193 0.3140172278783685
0.9972621007536316 0.31338254998846204
0.9972884766199116 0.3122719039658979
0.997329932450696 0.31149910721880647
0.9973515255099772 0.3105436683425774
0.9973801688366397 0.30982174056791123
0.9974246261025318 0.3089164600298825
0.9974487321863373 0.30803031832185934
0.9974674904222252 0.3072500709921868
0.9974888081875524 0.30626113289375845
0.9975188053846776 0.3055430818115238
0.997548904650987 0.30457981820153324
0.9975677085485712 0.3037361074163578
0.9975956089715625 0.30308529255556393
0.9976266480155478 0.3020453401824805
0.9976449734498508 0.3011852321206464
0.9976578634647922 0.3002865221669141
0.9976871074345849 0.29972927080190126
0.9977230376725928 0.29878376323668954
0.9977379583475843 0.2981668105255043
0.9977829456283738 0.29705711242051913
0.9977921650732263 0.2959685895861772
0.9978178684412623 0.2950525220766359
0.997842462861109 0.2944011651465145
0.9978563933975728 0.2934401537117919
0.9978773878416304 0.29260367399173826
0.9979101805858327 0.291815559431708
0.9979148075196276 0.29069958860100154
0.997952535463754 0.2902518007473225
0.9979724810590562 0.28923502542947577
0.9980006291774672 0.2886159150754968
0.99801266783743 0.28755535307090285
0.9980249611684054 0.28668653430093227
0.9980674353449488 0.2860373679438356
0.9980848415859971 0.2849994339032227
0.9980922526165449 0.28416857425463515
0.9981152950648863 0.2833143452747019
0.9981466607697227 0.28223883524796456
0.9981618074085159 0.2817884740146521
0.9981792006855315 0.2808132438256554
0.9982136401511155 0.28004879191400556
0.9982256958586007 0.27895434267253905
0.9982486772872263 0.2782037529623398
0.9982472565485164 0.27744835784092037
0.9982720771327649 0.2766363960692224
0.9982855587946391 0.27560067396336285
0.9983168163827547 0.2747340323873705
0.9983320837872277 0.27385740709668294
0.9983449037392641 0.2728880210845912
0.9983589013224843 0.2721931114511108
0.9983778305039268 0.27143636311911223
0.9984111809448802 0.2705865306310532
0.9984239592580186 0.2698392191740674
0.9984457523738067 0.26889325531701325
0.9984378984701141 0.2679878293695708
0.9984726502361216 0.26700040942921255
0.9984739181135848 0.2660161589435023
0.9984925249703346 0.2656289660834673
0.9985083608408576 0.26476687103001073
0.9985259157917028 0.2636507918194395
0.9985493692062944 0.2629034821392411
0.9985591879945737 0.26207406914680664
0.9985749001217749 0.26109468804369906
0.9985927686288292 0.2603598121974471
0.9986100172769165 0.2593132912386975
0.9986205465686091 0.25879030749355825
0.9986403552247131 0.257751794226588
0.9986528815065999 0.25692137104659396
0.9986588152640418 0.2561209600592841
0.9986820555383995 0.2550383145810021
0.9986834283297469 0.25437780851614233
0.9987029739454741 0.2536366124784718
0.9987273188080218 0.2528269754737331
0.9987408860705255 0.25190252308032424
0.9987472086148764 0.25090892658409136
0.9987682778062809 0.25017301143298465
0.9987735552271753 0.2494269995221886
0.9987865019750715 0.24866524029549986
0.998802534076955 0.24769790924582114
0.9988041555092183 0.2469971976373294
0.9988226789936179 0.24589187805429724
0.9988361405414105 0.24502039336646375
0.9988288969942541 0.24427748429158946
0.9988531618548706 0.2436924300314134
0.9988781716003382 0.2426640163805831
0.9988894225357176 0.24175595832707186
0.9988943267501365 0.2409002236888883
0.9989163714794634 0.24000749054636372
0.9989148212309383 0.239436990450545
0.9989375842020498 0.2383468054024479
0.9989491009144036 0.23770053032252414
0.9989567850627754 0.23675674620328668
0.9989601270744212 0.23610053981175438
0.9989827406303586 0.23501089965836675
0.9989869140276201 0.23426715493226746
0.9989900810884188 0.2333826449379215
0.9990114675600082 0.2323723224531965
0.9990249637045893 0.23162445282067912
0.9990274510602 0.23082836294519637
0.9990398456276812 0.23019949709877463
0.9990507649619739 0.22934401252786774
0.99906346544519 0.2281470885302973
0.999072741249471 0.2276411360996765
0.9990908254729958 0.22680735344902825
0.9990899508034279 0.22592154404348985
0.9990974086948144 0.22506743780254368
0.9991013991475169 0.2241844219557484
0.9991107080834344 0.22356312774797904
0.9991228815691833 0.2224307805155079
0.9991367383964869 0.2218003249467716
0.9991443773498004 0.22088350849348426
0.9991533817673963 0.22004114001711383
0.9991622131289523 0.2194311359301826
0.9991723777151983 0.2185648746602662
0.9991726579900695 0.21756157627802286
0.999186757565801 0.21676743688122968
0.9992095111479106 0.21589081682371825
0.999201652275868 0.2150888956239423
0.9992069628154688 0.21421676203846696
0.9992168154205004 0.21349274228240223
0.9992286240338709 0.2126670763649946
0.9992349867172612 0.2118173242513549
0.9992458278639507 0.21106062998238906
0.9992561501244024 0.21018172789060474
0.9992615052247208 0.20939700698153063
0.9992609458591829 0.2082402804518907
0.9992797169054043 0.20779463799404263
0.9992825889785834 0.20671809270263253
0.9992890942288115 0.20613528420382332
0.9993015067206202 0.20535780232626244
0.9993048452158404 0.20445090048739123
0.9993217951890068 0.20343908388702636
0.9993231511146576 0.2026408862926644
0.9993353939583235 0.2019171439072388
0.9993365608570464 0.20107673781089785
0.9993472206007636 0.20033503141912679
0.9993598009539705 0.19925860110891314
0.9993639514674363 0.19865806533367159
0.9993647701950733 0.1978572037534022
0.9993766622632758 0.19693467794668307
0.9993709720849867 0.19619840067362215
0.9993856047538293 0.19510260565345583
0.9993925959371012 0.19462180417588248
0.9993956296762615 0.19371157057291966
0.9994020687350459 0.19310757434713577
0.999408449845463 0.19208174211710782
0.9994154270968941 0.191199835759311
0.9994215670180042 0.1904489017753539
0.9994309998043183 0.1897412485567892
0.9994367262349798 0.1887498933931565
0.9994451865863868 0.1882686715590869
0.9994383591638747 0.1872329951722218
0.999447609384316 0.18672172312651003
0.9994543691417033 0.18566244265884668
0.9994741578049494 0.1845292439868621
0.9994712138362692 0.18411547547150287
0.9994817467067154 0.1831823586861654
0.9994815429781256 0.18242066407421653
0.9994918306451462 0.1815877461879235
0.9994828354887509 0.18079868064827298
0.999495602599523 0.17998663793022363
0.999499861529027 0.17903502549919603
0.9995020082718942 0.17835206313914997
0.999506183129316 0.1776520549718562
0.9995065957538208 0.1766955975385851
0.9995233927899766 0.17614494192737196
0.9995242605620946 0.17523218882275526
0.999537147205331 0.17458880204764737
0.9995422426948884 0.17340897789457832
0.9995464020104039 0.1726502542423073
0.9995487609160607 0.17197615332793503
0.9995539396577288 0.17133577488050344
0.999554219015191 0.17045973551608695
0.9995648509910093 0.16946919844470354
0.9995640833108403 0.16868478754275096
0.9995744820973346 0.16792133186130676
0.9995670562785176 0.16710421642512885
0.9995759093003169 0.16638830030419383
0.9995826676719559 0.16551918893446582
0.999587821828975 0.16473501543428193
0.9995957849761481 0.16402070307020122
0.9995968119009635 0.16321752346887797
0.9995998686855389 0.16242560140854267
0.9996013225230629 0.1617320675185817
0.9996071969556253 0.16074132655931295
0.9996162647065502 0.15992329383042514
0.9996216712201298 0.15926624282163815
0.9996180833501073 0.15845041676042826
0.9996238999674617 0.15767905363943602
0.9996232424979733 0.15695302801112088
0.9996338859570666 0.15611344333119437
0.9996381383789125 0.1552637029164745
0.9996394796079269 0.15484172243058292
0.9996375508348687 0.1536966323148371
0.9996479130592136 0.15306855644080597
0.9996511540457579 0.15237355238414663
0.9996563197220715 0.15129686743541482
0.9996583658976012 0.15061274066712738
0.9996632628027737 0.1498726530190706
0.9996718014630847 0.1490013959358394
0.9996788789703757 0.14827713233169337
0.9996708927767903 0.14754369993069183
0.9996808428288549 0.14674674465975313
0.9996789817606598 0.14594211937742885
0.9996833288415137 0.14523114404005077
0.9996859663958154 0.14445092259083891
0.9996944656358812 0.14356277552445618
0.9996996594746933 0.1428069675087401
0.9996898368569392 0.1421386220043679
0.9996995570520192 0.14137799528633166
0.9997015071659644 0.14059465270769134
0.9997064401298785 0.13971079891531413
0.9997149422103963 0.13918352572900905
0.9997079420766317 0.13817495931117063
0.9997162732959939 0.1373766028424942
0.9997219161989299 0.13677003260758247
0.9997208726288561 0.13616081851314854
0.9997246787380509 0.1352648538945943
0.9997287380998698 0.1345074138002339
0.9997319390264711 0.13364764912305682
0.9997389580949405 0.132966622613665
0.9997337709541513 0.13206120368717789
0.9997391459640415 0.13159455409677145
0.9997416225293462 0.13086387994642212
0.9997407699444425 0.13004963557230176
0.9997499359164603 0.1293124020647347
0.9997493393327812 0.12844070894734982
0.999749585774176 0.12755112493814347
0.999753202319433 0.12686500916806875
0.9997562591344648 0.12626347029272322
0.9997571999483095 0.12524199235982458
0.9997623958577908 0.12475326026851197
0.9997665214297324 0.12399321561321852
0.9997662442330859 0.12304507931678621
0.9997713794046151 0.122384909175412
0.9997740638861496 0.12170040800534976
0.9997741204293016 0.12098072366129486
0.9997792923666295 0.12018859996205788
0.9997767079715902 0.11959337595070585
0.9997822374375267 0.1188004331127469
0.9997813993979713 0.11811744297692472
0.9997866437125836 0.11722930025872691
0.9997890335524017 0.11652960282530667
0.9997914702132505 0.11564880658525367
0.9997906208253275 0.11514523029965673
0.9997939663214311 0.11444100344847918
0.9997973397923708 0.11354662728948195
0.9997959153833362 0.11297644419770303
0.9998005519997336 0.11223623116341652
0.9998043080591068 0.11143141227038855
0.9998044108800115 0.1106636972888847
0.999808271726125 0.10997217809442994
0.9998041862570557 0.10924350298507857
0.9998096122219213 0.10847630887570692
0.9998096345803472 0.10772396704815235
0.9998125249680703 0.10711779965613366
0.9998182460364385 0.10630816735331416
0.9998108570542419 0.10573400752263973
0.9998235306192599 0.10488285840601119
0.9998267459538263 0.10429675638525593
0.9998251334619893 0.10356104561716317
0.9998321969029158 0.10282042950449855
0.9998280801436653 0.10201004297059757
0.9998277662339178 0.10143588585588936
0.9998341900993046 0.10054729671168317
0.999834421877618 0.09973994995513691
0.9998371163823512 0.09904823942685936
0.9998392453358778 0.09845276559379812
0.9998419946812687 0.09802104974861636
0.9998423728033996 0.09705721346060592
0.9998385204826421 0.09649140796069089
0.9998409664051082 0.09589398368476454
0.9998463200074105 0.09500542538814905
0.9998484177044993 0.09437361235955899
0.9998454294466192 0.093716525551233
0.9998495692671331 0.09289929291555699
0.9998559150082155 0.09234592549219256
0.9998529511873749 0.09141177665963318
0.999852680828239 0.09072970408002079
0.9998575994035444 0.09025875967254693
0.9998600933980255 0.08942731706950124
0.9998584974263355 0.08868987093449399
0.9998587565077657 0.0881082560996479
0.9998565425013661 0.08745364468956318
0.9998619656943145 0.08660566587106167
0.9998661936644987 0.08603603948590066
0.9998626534699662 0.0855028048216081
0.9998678365199847 0.08474398739166078
0.9998692709532518 0.08399979711962835
0.9998706145010723 0.08339470691639428
0.9998724654111844 0.08262822719987262
0.9998705630505051 0.08219678400445807
0.9998762851981086 0.0813860669744878
0.9998750106159191 0.08080092346701051
0.9998772900755357 0.08003948140396044
0.9998779458294601 0.07924058112336396
0.9998792549050661 0.07871013066677957
0.9998821182703045 0.07796260009788691
0.9998815611723998 0.07740477521895384
0.9998817219377366 0.07676673057624961
0.9998869104179261 0.07609962323080177
0.999885422490159 0.07543999251664435
0.9998878559888448 0.07474327185322105
0.9998907387216387 0.07399535997243312
0.9998866982907781 0.07341711978869914
0.99988836770688 0.07269793328763519
0.9998904048549119 0.07217986842356561
0.9998921856131506 0.07159192933510483
0.9998956746522235 0.07071084584981024
0.9998955389765727 0.07022631583332506
0.9998957009082817 0.0694570997532552
0.9998982388957798 0.06879725459011998
0.9998963030663205 0.06831169880295396
0.9998971071380484 0.06773916800669522
0.9998986312617956 0.06696677212258983
0.9999016854543908 0.06636717250956903
0.9999007814879786 0.06572772625535483
0.9999058677623245 0.06510961118532377
0.9999011157250752 0.06456176433099714
0.9999101720459989 0.06375899361943738
0.9999054561754576 0.06334181444414277
0.9999060292334464 0.06265538050839548
0.9999095894451318 0.061946531088621026
0.9999093175307834 0.06130100110341985
0.9999105746722554 0.060686335922591095
0.9999134898202638 0.06021818033303172
0.9999162364015355 0.059585077288884625
0.9999119125663353 0.059012505045634156
0.9999130942121006 0.0582946982830147
0.9999157945142636 0.05764123424878598
0.9999167129687694 0.05693969240927632
0.999920623899013 0.05655938704837138
0.999914865583593 0.05578961957434181
0.9999187420878338 0.05529041176769822
0.9999222412218687 0.054693261909002255
0.9999192764514563 0.054088770312790024
0.999921395975385 0.053367888646803974
0.9999227345850299 0.05274262159950793
0.9999201243660538 0.05234591306448544
0.9999229335199747 0.05185683486953696
0.9999266393525099 0.05112708681215705
0.9999254842019552 0.05059708397199858
0.9999266251146084 0.04999959478428273
0.9999241690442309 0.04953132596388188
0.9999278007158059 0.048847791997293055
0.9999268169582398 0.0482374948657861
0.99992989194839 0.047710459810128225
0.999927573798802 0.04713648511782098
0.9999321391374575 0.046568840443928505
0.9999270736910779 0.04622208493255642
0.9999300200970619 0.045321067264122106
0.9999356784102 0.04486114052642798
0.9999325025710002 0.044495725425220733
0.9999341069256008 0.043651670237112916
0.9999340547833043 0.04315987035216051
0.9999359130737432 0.042753830408585936
0.9999366447938467 0.042205204052555234
0.9999377595037703 0.04153876819225344
0.9999361511707642 0.04079144294589099
0.9999382255514425 0.04046859616185994
0.9999379573642807 0.03990930397087811
0.9999388270800151 0.03944166419750894
0.9999391804615841 0.03883673518165054
0.9999393133072431 0.03821376971187118
0.9999403635333215 0.037794057735717645
0.9999411472435915 0.03720188133014912
0.9999436400399182 0.03679214141916931
0.999941107430673 0.036197902252971814
0.9999434226668391 0.03561540076664271
0.9999451367235812 0.0352404153943211
0.9999448466176325 0.03453065000326683
0.9999457236398268 0.03404125945794345
0.9999461669554645 0.033821121096822004
0.9999470054736077 0.033050851725038854
0.9999454366421359 0.032630981326786546
0.9999483784933182 0.03210531504121994
0.999945807477947 0.031660472622551894
0.9999472227480282 0.03118618108907445
0.9999493975984608 0.030696828689276034
0.9999513327110102 0.03008778914326171
0.9999489419610195 0.029737761769381477
0.9999496476628612 0.029252084511664833
0.9999524519788802 0.028787065267446343
0.9999489802946611 0.028193441544722586
0.9999528617978267 0.027828121928399008
0.999953263615896 0.027406816952274426
0.9999531208417628 0.026874632826626277
0.9999516104658998 0.026401533959873213
0.9999529451599926 0.025844732798601444
0.99995584818438 0.025365235873772485
0.9999541849786879 0.02485324511336151
0.9999539482042596 0.024677355357705655
0.999955634414502 0.024061289309565748
0.9999562251449209 0.023697791605718388
0.9999578286021001 0.023185870962189603
0.9999576996080154 0.022770271052175217
0.9999572658413876 0.022247957465963086
0.999956562548842 0.02186430797798189
0.9999603992190795 0.021460164138632387
0.9999585124192478 0.020977231237504612
0.9999607565106343 0.020614852197747946
0.9999590214110189 0.02024569252135111
0.9999601282517325 0.019724483559903194
0.9999635300024381 0.019216847366211987
0.999960358487053 0.018976127687867828
0.9999621059991936 0.01847524353784158
0.9999619451777828 0.018053352024038682
0.9999607645085115 0.0177236261552306
0.9999619897362022 0.01739335267979325
0.9999628941664107 0.016968068080360332
0.9999629320611957 0.016501272704274705
0.9999643168519111 0.016128559030299194
0.9999628781259404 0.01582609278864533
0.999965313890757 0.015253994564423556
0.9999644242047928 0.014863711961821902
0.9999644349267901 0.014499762725732057
0.9999667504576851 0.01411598506917966
0.9999662072854392 0.013751584284624752
0.9999663088876417 0.013529848562278013
0.9999655795866476 0.013121085009781708
0.9999681849195512 0.012780299357129654
0.9999676607945303 0.012501075829400743
0.9999681397939212 0.012106486512694081
0.9999681620010928 0.011677088734316499
0.999968282423027 0.01144306726302502
0.9999697254197829 0.010944100070787943
0.9999692785305144 0.010803651503284328
0.9999692571322227 0.010403650141891818
0.9999705569208064 0.01001681817285982
0.999969958475533 0.009761311785805638
0.999969300716721 0.009502667488120786
0.9999705506773112 0.009080253677626215
0.9999717361965244 0.008754835875128264
0.9999707178882988 0.00854944769075694
0.9999724770353832 0.00815203676973375
0.9999715514094183 0.007814498181927698
0.9999725729447922 0.007515756776077742
0.9999731479580132 0.007348869845224648
0.9999742002021027 0.007081502799048844
0.9999735360570423 0.006751878216187945
0.999972390904416 0.006577565483602998
0.9999720944085715 0.006365923357276371
0.9999719568862339 0.005974596725719872
0.9999745875350706 0.0057836331692469045
0.9999739898743439 0.005389167085553148
0.9999740434533301 0.005356906309822218
0.9999745013844807 0.005024167520529033
0.9999768266919877 0.004735022613890805
0.9999740663254116 0.00457834336474805
0.9999756856156551 0.004352398878567865
0.9999761049185172 0.00405399734672407
0.9999764280452162 0.0038602481886184092
0.9999770062628572 0.0036760083255288345
0.9999788542808719 0.0034210216040932995
0.9999754970165301 0.003272401185637097
0.9999765997728818 0.0030250502285498193
0.9999754326386227 0.0028131905542621016
0.9999775399402009 0.0027305962285745222
0.999978727532994 0.0024534481264368857
0.9999773702320183 0.002387826521951242
0.999978163746042 0.002241272019730234
0.9999795716569562 0.001985010019509459
0.9999793927101396 0.0018679815436636327
0.9999790908817212 0.0016767569199007681
0.9999797565965532 0.001605686251062055
0.9999809127664671 0.0014106595981127068
0.9999793560347321 0.0012767878671583466
0.9999800779847916 0.001137306056629095
0.9999788003714122 0.0010107087812897264
0.9999800365581448 0.0009573366421405938
0.9999813072217941 0.0008391080049330313
0.9999794437505026 0.000758191850243839
0.9999813962744869 0.0006151698567180564
0.9999823599163203 0.0004744968236243263
0.9999807169820937 0.0004455728784653612
0.9999814366092997 0.00042425655975464327
0.999982289314437 0.00032243656210417804
0.9999812460968427 0.00026460252548654584
0.9999818149451504 0.00020096239726874465
0.9999819834329564 0.00010206817758995346
0.9999832445192084 8.429020677436228e-05
0.9999824125229106 5.75882576044906e-05
0.9999828639410353 2.0636607748536484e-05
0.9999823603888147 2.035429017355206e-05
0.9999838628124685 -4.480486425650909e-06
