#C1,C2
-0.23580754850389907 0.506577521134925
-0.232945698346521 0.5058079830663474
-0.23008797391275737 0.5052951036672827
-0.22720371686770602 0.5044156612039838
-0.22437202192216377 0.5038425283047997
-0.22156922630104137 0.503243583067634
-0.21873995680857672 0.5027121300441532
-0.21594537650766055 0.5019016607650814
-0.21311353381784004 0.5012092293195692
-0.2103514687100686 0.5006506211659335
-0.20760479442107393 0.4999536008653172
-0.20480692256688737 0.4991701997380292
-0.20206340814589718 0.4985129550705551
-0.19937585849690354 0.4978349812172193
-0.19659865831034296 0.4970996203880859
-0.19386098549395514 0.49654178772821594
-0.19117856289525026 0.49590345118793894
-0.18843668697881422 0.49509271623432244
-0.1857996158918247 0.49451099738332366
-0.18315993288739274 0.49375596445675823
-0.1803955061434338 0.49311733018625586
-0.17778439258723533 0.49239607647362477
-0.17512079259722835 0.49184028934495777
-0.17253395109777725 0.49119510320779586
-0.16982984194685202 0.49033867396404546
-0.16721572705217758 0.48972292818375335
-0.1646145950426804 0.489138563268496
-0.1619998251142869 0.48835682546794107
-0.15947025137812143 0.4877650473497876
-0.15686485341896672 0.4869438668520664
-0.15433414713876936 0.4863036750251914
-0.1517583404223828 0.48568137827249486
-0.1491217777022249 0.484887753808207
-0.14661547948534537 0.4842478735061639
-0.14404887719681658 0.48354009968684014
-0.14149781021222407 0.4827303123121271
-0.13896127595356966 0.4821640051329627
-0.13648478365044214 0.48144782363476896
-0.13386380905162032 0.4808115102885621
-0.1314706232876267 0.4801139093022259
-0.12901369093406045 0.47944914481589035
-0.12649514196803702 0.47875176135363934
-0.12410806810666641 0.4780608784744818
-0.12166336600291838 0.4772422100494153
-0.11915952683437592 0.4765744029190326
-0.11671259990783578 0.4760883857031541
-0.1143751970537592 0.47513795055892677
-0.11189972093016831 0.4745284289449107
-0.10946958451999078 0.4739194658325409
-0.10715660208498856 0.47311341805812196
-0.10477646223232073 0.47244592556484805
-0.10231967988164847 0.4718355397843956
-0.09979735518355948 0.4710300082210887
-0.09756039235909142 0.47041797442425287
-0.09519027588335882 0.469495517758217
-0.0927786928156571 0.4689071677413745
-0.09043305998952655 0.4683768728172066
-0.08811799352444827 0.4675032283799186
-0.08580721802527225 0.46680351592066643
-0.08338493773925348 0.4662916317336118
-0.081244956466622 0.46547178654880067
-0.07887337698471997 0.46474540755481714
-0.07663830353631162 0.463957416170157
-0.07426904343575813 0.46338018264857167
-0.07193229277681445 0.4626451782128704
-0.06968900452478255 0.4619095596892688
-0.06739934510607204 0.4611726361887509
-0.06516031522698473 0.46047760742192495
-0.06288191929335485 0.4597862011961053
-0.06069939211236519 0.4591523342344847
-0.05836580658831758 0.45838671306687956
-0.0562740182123328 0.45758039173968584
-0.053949201667837565 0.45704952530594684
-0.05184166668824397 0.456273365899829
-0.049573706774365345 0.4555364616219028
-0.047436433602603634 0.4547598999484996
-0.045193276992810505 0.4543023953125224
-0.04298858039050679 0.4532847745530169
-0.040922714045993125 0.4525908167407579
-0.038696248760788365 0.45187494791136057
-0.03651641654453319 0.451142743865007
-0.03446929685168365 0.450562346850142
-0.032072319145646344 0.44973433508826616
-0.0299328243997572 0.44908415662517503
-0.02790612118529834 0.44828094252755873
-0.02583278079763052 0.4477493915012443
-0.023531835350750322 0.4470035841212657
-0.021504207496110598 0.4461223652383099
-0.01932506642328569 0.4456316686381276
-0.017257373056911333 0.4448139503951462
-0.015170214691359932 0.44407701750227085
-0.013077114724208808 0.44328568413441966
-0.010981613569178043 0.44250167853742334
-0.008930016616239492 0.4419271179688062
-0.006889943791495327 0.44103962371966027
-0.004801575659080241 0.44046992402165636
-0.0026531299183082425 0.4397336820913705
-0.0007318816195982548 0.4388253022466648
0.0013286197704543944 0.43820852178568187
0.0034169138317864355 0.4374574149746489
0.005423570198839541 0.4370619105517812
0.007358513938735319 0.43600072856528743
0.009447871716384944 0.43538469942666275
0.011505063650379729 0.4345240582560104
0.013509293058881041 0.4339761786012221
0.015438503705723968 0.43313878819130663
0.017455626884913086 0.43234127784821536
0.019479812778070756 0.43173457810495336
0.02158656653615942 0.43085255999858546
0.023339412234493203 0.43031741247848826
0.025198334963021925 0.42952551534935496
0.027327051708584734 0.42883639999874085
0.029316933904724226 0.42801656963945284
0.03125333538428465 0.4273292160768514
0.03314639963736854 0.42647256535956773
0.035015120200525884 0.42586809651586716
0.03698250060492392 0.42522942401910596
0.038845892826682826 0.4243742391349515
0.0408826128201254 0.42360181358390264
0.04266725944326799 0.42284235766416683
0.04471524569092722 0.42227832288503636
0.04651843236755715 0.4213398803675356
0.0486504998444699 0.420655347568991
0.05037647316339022 0.4200269931919955
0.05229183685349814 0.4191302012155846
0.054183215937419704 0.4183990295396169
0.05604020841742419 0.4177184553156796
0.05784973968638396 0.4169714925056895
0.05979394680179495 0.4160681907466021
0.06157653104478544 0.4155131835543638
0.06332317289843636 0.4146168687852699
0.06514136522619274 0.41389203444172534
0.06706241667883805 0.4133053635104322
0.06898558381405817 0.41254453583811185
0.07063395106707515 0.4117001512797564
0.07249748245421195 0.4110848832010418
0.07435880496078151 0.41022130827677267
0.07609380029217205 0.4093795572994447
0.07792492388293881 0.40891816001810594
0.07975920616853382 0.40801622434103185
0.08157869314035238 0.40716975090946333
0.08337373049261654 0.4063215902148917
0.0852746952949377 0.405689946322845
0.08698689567944173 0.4048772777279929
0.08869559172497499 0.4041386219531102
0.09050761726074363 0.40357905548699874
0.09211084762801314 0.40263122029177184
0.09388288858889449 0.4020231603106819
0.09558367223024744 0.40125247280776327
0.09738283138141968 0.40048927253279926
0.09911864790399438 0.3998096933748326
0.10101093686511198 0.3990857493074817
0.10265793737148532 0.39829233836343253
0.10440727191835386 0.39728546163316264
0.10617379579925201 0.396698061236822
0.10778014647768464 0.3958757821189806
0.10951538488829315 0.39494625810146705
0.11110387741891037 0.39432264570958847
0.11288215891143383 0.3936303866416507
0.11455343837099352 0.3929031682635666
0.11616819170152193 0.3921037004099774
0.11789184649130868 0.39132560106039577
0.11967584201722614 0.3905571856852124
0.12109990079870026 0.38996700585957805
0.12289302029634153 0.38889279308116337
0.12457084097154947 0.38833059275792986
0.12632841058231958 0.38735425455601974
0.12782213901650463 0.38691007680537254
0.12960021652271392 0.38600580059273576
0.13139018194546437 0.3851748239702328
0.13293115241814513 0.3844587298986772
0.13447913070457906 0.38370443052157105
0.13616173600296322 0.38297796575939297
0.13773419990742064 0.38219788952132355
0.13932735303905852 0.3815332904316024
0.14090652182429897 0.3806118681443493
0.1424430825031836 0.3798740945290912
0.14424828328648986 0.37908443841522516
0.14561287825945401 0.3782961273404854
0.14724358594755527 0.3774902586047975
0.1489541511841307 0.3768492567715351
0.15054813142985246 0.37607249378621205
0.15203898079410194 0.3752571631451051
0.15342967068607039 0.3744855791912797
0.1552724632496314 0.3737168952720685
0.15673669375326504 0.37278591774548747
0.15853097389717163 0.3722475788564525
0.15986349626511165 0.3713636214531622
0.16141609671327117 0.370601297280231
0.16295162187397527 0.3698334629424948
0.16470619034067124 0.3690223019710292
0.16617243025543582 0.36826861565280916
0.16754720570126647 0.36742641922406233
0.16904752408238366 0.36681005414071216
0.17063180492714058 0.3658057204858
0.17209490498016755 0.3650795883974138
0.17366078045559552 0.3643042841056158
0.17509670901659702 0.3635902898767837
0.17647947353695037 0.362791252392136
0.17817083425796765 0.36206927649953363
0.17983601198201238 0.3614323063037465
0.18118772254082893 0.3605216301969835
0.18271292978642406 0.35962689719499047
0.1841509599262835 0.358875832875646
0.18554300203610363 0.35807133169420274
0.187046455607351 0.3573474447152422
0.1885779223667272 0.35672094873458887
0.18988912209369535 0.3558583371506973
0.191549880904345 0.3551506532395778
0.19295945347673005 0.3541515711460765
0.1944264494728507 0.35360895806112597
0.19562690261064697 0.35270718104007653
0.19742427730013679 0.3517435466123286
0.19877567735681811 0.35126785038901803
0.20027642480626606 0.35021159036728683
0.2016236203820635 0.349538466623256
0.20308040181734088 0.3487202152638789
0.20466984678288236 0.3479917741328154
0.20601147698302824 0.34721018687293376
0.20743541370817864 0.3461713828746333
0.2088459253796039 0.3457314240593387
0.21014557973412307 0.3448946444872391
0.21155576867101755 0.34393126348028685
0.21304818507135592 0.34320306715421095
0.21452440860581246 0.3423000452065676
0.2157211251193687 0.34177797156987205
0.21723882087546886 0.3409833869608007
0.2186179949912288 0.3400598924565325
0.219968222468091 0.3393558821476698
0.22141953504895173 0.3384675939245965
0.22271810157507144 0.33759327241103615
0.22400544664603683 0.33711450078095967
0.22544605610147972 0.3361379803222237
0.22696194393200475 0.3352534273703071
0.2280791753561494 0.33449618408934406
0.229471661901278 0.3338152998442226
0.2309447352117051 0.3330444569584407
0.23233091136262085 0.3322289266108886
0.23332875972874811 0.3313522547079543
0.2349917926641567 0.33062905728848063
0.23626509383464167 0.3296421785615992
0.2373928940076827 0.3289861329302048
0.23886625071535872 0.3279921271896494
0.24026869581234966 0.3273626682891176
0.24141606954680905 0.3265414182967538
0.2429925319424967 0.3256121036216422
0.24407476163476072 0.3247579573551655
0.24544468998477453 0.3241431556950977
0.24669437054250942 0.3233435421651955
0.24808648745913797 0.32262105343218267
0.249517838433703 0.3217582524822646
0.2506163059075769 0.32087422411105565
0.2519138440574836 0.32020735071408407
0.25324877112358346 0.319119866535533
0.25440833104280103 0.3183608900365454
0.2559175517871215 0.3176039939742186
0.25722616711699287 0.31671652236924536
0.25827044014347467 0.3162059120820711
0.2595989031347349 0.3153768312706277
0.26085549032771127 0.3145937109715436
0.2621868656728986 0.3135560720783214
0.2633487071405691 0.31281430275026806
0.2647553539850598 0.31204825158067356
0.26595112145759403 0.3112701686157588
0.2671838241096882 0.3104490104566487
0.2684308689585857 0.30979523337437825
0.26956142009391115 0.30892292410732675
0.2708903013316364 0.3080549530653797
0.2722156956423549 0.30746301241575064
0.2732995070983093 0.30630205688218254
0.2745619898685776 0.3055597826282909
0.2757357056352562 0.3047207444737485
0.2770763851685889 0.30405599352446205
0.27826858703654334 0.3030834791968752
0.27930841184540767 0.30229398424896575
0.2806937072410487 0.3014499380732552
0.2818396537369505 0.300676772544686
0.2830911914888101 0.29988211690271765
0.28442674401552503 0.29916409849325504
0.28564178740932933 0.2981756809103277
0.28671263646006806 0.29757245094373647
0.2877674405955939 0.296730923676274
0.2890693434570585 0.2957739481779906
0.2902431005105002 0.29498310911227227
0.29141666343825523 0.2941351765683748
0.2925290533335535 0.29337213992391925
0.2938786331758346 0.29244097082303927
0.29486431437335403 0.2916810892181711
0.29603663243045975 0.29090736609585405
0.2971972536800561 0.28999974692771807
0.2983260378752113 0.2892650173904718
0.29962040722523675 0.2885275050104225
0.3007942412779865 0.2876896850131067
0.30189604570809003 0.28670823092168735
0.3030236591051907 0.2858982228731099
0.30423719741105526 0.2850747576292049
0.3052191352902094 0.28426632020636794
0.3064465346309684 0.28354034954721
0.30760270552772817 0.28284852953558676
0.3086933405302912 0.28185205831692767
0.30995429969426413 0.28106169027107325
0.3110166894597608 0.28036774765351574
0.31201840440953243 0.2793277350027415
0.3131976460677892 0.2785989362231544
0.3143238903657217 0.27777472014427435
0.3155731770067465 0.2768947439295775
0.31666401693445767 0.2762845406028542
0.31769236179325533 0.27521518025914643
0.3187965135698647 0.2745928713356805
0.3200189821588252 0.2737773333898244
0.3210792065155663 0.2729677124891771
0.3221493129896571 0.27203761596944204
0.3232947066068227 0.27111695724836105
0.3242458327708557 0.27042050652356975
0.32535781636185424 0.2696028554343789
0.326485032880967 0.2687961139800086
0.32751463354317845 0.2680082930057457
0.3287682653583417 0.26699032393205835
0.3295987385650374 0.26622644661015826
0.33077790092869885 0.265336232976629
0.33171334146576115 0.26455106593087496
0.33283361308702664 0.2636566772473937
0.3339634238508362 0.2631079087529251
0.33496416724851896 0.26209604550529586
0.3361252542176353 0.26124591883338055
0.3370922797092394 0.26048466035238493
0.33829697101957557 0.25971081256602435
0.3392297567421617 0.2588683690263981
0.34043731367082053 0.2579963991806413
0.3414703198487523 0.25719123684691936
0.3423951076797622 0.2562487173854734
0.34340974995249485 0.25542144808232126
0.34454006529690573 0.25484956722468466
0.3455565202594657 0.25384226645368624
0.3464810685321127 0.25302249917154274
0.3475710986386158 0.252014402700782
0.34851923139028196 0.25147974875941814
0.3495990709025609 0.25049178637730607
0.3506371742672466 0.24970997060285752
0.3516196794022013 0.24874252409519995
0.3526140434230851 0.24798653372202675
0.35380832832400255 0.24707948492608992
0.35466066508004224 0.24629507368414075
0.35566617618772767 0.24559654857193905
0.35669431864013657 0.24457149644267898
0.3577324672894442 0.24381435139867227
0.3585103066961338 0.24296607148234253
0.3596388754739267 0.24213172029194055
0.3605770983825678 0.2413237697773243
0.36162842975556253 0.24050815857202615
0.3625906843865552 0.23949572865186977
0.3637005478486508 0.23858230745854872
0.36466798343902773 0.23806115520724283
0.36556991751246715 0.23693835045015568
0.3664950515640708 0.2364903388416191
0.3675982947082719 0.2354074121191332
0.3685786660838142 0.2344965490152792
0.3694519557777466 0.23353476643431828
0.3704937650162914 0.2330325443363094
0.3715534071948976 0.23200959389689838
0.37245941272883176 0.2312350661890288
0.3732924872305491 0.23041079021903424
0.3742881499730435 0.22959532856689116
0.37525873302093726 0.22877105815943824
0.3762548383328772 0.22785448906013242
0.3770267928555151 0.22692308446813306
0.37802705994698216 0.22611706019854264
0.3790328744445799 0.22520946879040663
0.3798883517972118 0.2247012221128917
0.3808649808377802 0.22374935716836755
0.3817428321538341 0.22271613830601525
0.3827199441355065 0.22186236042428323
0.3837263073523681 0.22096425722429816
0.38469378738090143 0.22028894189446982
0.38560068884579124 0.21923835313123088
0.3864270834701595 0.21845351398248194
0.387333689120559 0.21775791948607606
0.3883106625227194 0.21694112427083093
0.3890698808484836 0.21621838308144206
0.3900560218680792 0.21541065716207544
0.39108100875858176 0.21428457093820044
0.39192665467774324 0.21365860141869356
0.39311612663277506 0.21273919274887756
0.39386981194388704 0.21193194131615403
0.3946288818983973 0.21103577447267488
0.39570916715942284 0.21000805738113407
0.3965485734237011 0.2092782055327798
0.39738725128743635 0.2084576334354268
0.398428295229194 0.20769383063322025
0.3993750720377618 0.20685083600162038
0.40022859673979916 0.20596914047894246
0.40083920069125545 0.20519370695684083
0.40174287011341914 0.20415430550617378
0.40270735457153306 0.2035954040758912
0.40345563417127617 0.202605372430995
0.4044697532972632 0.20158608084352128
0.40544334226366063 0.20076642235331424
0.4061261677189625 0.20009436715573595
0.40690310613139036 0.19930363952752464
0.40792390700631387 0.19838214837979376
0.40891040850041216 0.19753211027729115
0.40967166963638557 0.19659416716581382
0.4104880948081039 0.19569778724108436
0.41141109557119626 0.1950519029082596
0.41217144958062146 0.1940838881051349
0.4129926950371021 0.19326116486633874
0.41386116735622636 0.19240250755736335
0.4148378260931114 0.1916490634218199
0.415640683440649 0.1906604674503707
0.416414686326109 0.1897154379851518
0.4171980634064605 0.1888248897865025
0.41815791114555245 0.18790965482627944
0.4189464083991522 0.18717755662581118
0.4199703162200674 0.18626778693972593
0.4204581589924268 0.18551295887367172
0.42154463092859906 0.18461435004847174
0.422200743658699 0.18391505380038822
0.42314705389230745 0.18297060897552211
0.4239672706683457 0.18228352343535373
0.424771989577337 0.18118887276961984
0.42565708003986824 0.18038783567853725
0.4264676909030194 0.17963732921568024
0.42733004804070995 0.1785542514330203
0.4280813725414758 0.17782543854834612
0.4289876621810076 0.17688718242622595
0.4298207025523866 0.17621231706310084
0.4304972862994286 0.17537106350904966
0.43123336059344186 0.17444399436295058
0.43202566133441866 0.1732972363642055
0.43288226200860946 0.17252030594692105
0.43362298860313997 0.17201219537033433
0.43445733630297 0.17108498927703433
0.43545512094345995 0.1700846376591927
0.4361031809139506 0.1694989954649331
0.4368356102408125 0.168498400907841
0.43776057085026987 0.16757295221051063
0.4384982234730721 0.16653641734901106
0.43922857326603704 0.1659698004126459
0.4399831236267049 0.1650796081642192
0.4408844670562393 0.16432177264892603
0.44166731102913637 0.16341287824477693
0.44229169287777315 0.1623871486836085
0.4430597658748673 0.16177324991652178
0.4439677048211108 0.16065773457200874
0.44473567199707764 0.15990456157841085
0.44540880067790445 0.1590048427441624
0.44628192383647636 0.15845531226560275
0.4470608288422133 0.1575178617372626
0.4477790474128235 0.15656591105604137
0.44859463450912973 0.1557438126325992
0.4492911434213689 0.15475819259905602
0.44998473354298363 0.15396808392175002
0.4508370462651743 0.15319671571936813
0.45154345831712983 0.15229380681130603
0.45242631427432856 0.15130646312384802
0.453049596837122 0.15045880716543328
0.4538202465621419 0.14970646833318615
0.4546721603872087 0.14887480303422
0.4552412654177783 0.14779888798242227
0.456120884688779 0.14704295224762956
0.4565849481345131 0.14619290983886082
0.45741954115184313 0.14546138881040463
0.45827473178998424 0.14445439282086828
0.459039194386889 0.14347752726699795
0.4598200565585038 0.14301036847276796
0.46038642332872404 0.14177566873172656
0.4611141685311414 0.14098213603634183
0.46179714964918617 0.14037040619728916
0.4625453488934903 0.13926075913960892
0.46339898209127195 0.1384822964159699
0.4640192601439538 0.13762483870963285
0.4648025399103404 0.13698957647597068
0.4655805368164092 0.1358967700644287
0.4661544519256149 0.13512068478323938
0.4667874640293479 0.13450536165208463
0.4676409535404433 0.13354214884660245
0.4682672277841653 0.13274183543341825
0.4691092477183838 0.13185351874073384
0.4697657711017288 0.1310890959828586
0.4703913546019569 0.13001137389345344
0.47130858039134316 0.1290924011450291
0.47194695953518107 0.12814477262032922
0.4726379274832121 0.12733484958380595
0.473325793833994 0.12645052505293866
0.4740015409241862 0.12562123045814158
0.47465337053256307 0.12514979486666858
0.4753095108606822 0.1240470579572204
0.47603410224226694 0.12320843243419524
0.4766444765774086 0.12223819582241494
0.47743287943524004 0.12108220598206712
0.47801353022512516 0.12037226784928748
0.47882355955933953 0.11956937734555698
0.47949994618977776 0.11879097917454631
0.48009842204168574 0.1180692974442206
0.4808271192717527 0.11687709060002352
0.4814633117814686 0.11648636821122751
0.48217195188465234 0.1154230445073752
0.4829632262823218 0.1145710430423861
0.48359094111273415 0.11388515618336306
0.48420627453909293 0.11271763626637868
0.4848010779847862 0.11202480769658688
0.4855467192716232 0.11104174370011025
0.48613238743689036 0.1103687054975521
0.4868758823787813 0.10954917355075547
0.4874316964785248 0.10840524997721959
0.4881709681957809 0.10749129087600609
0.4886603924023909 0.10684717464497731
0.4893691571262202 0.105976828662843
0.49016054000671805 0.10522627996523429
0.4907184386557143 0.10425214800156105
0.4913718725732832 0.10325715152270679
0.49222985099284533 0.10260355448784667
0.4927685081776316 0.101658661196145
0.4933236615742742 0.10093976790858708
0.4940353112239909 0.10019590804135584
0.4945768910328998 0.09919629912631758
0.4952386067531016 0.09824406812246314
0.49602086570255977 0.09752158697896088
0.49655136288141666 0.09645268184047931
0.4972944438633189 0.09573548086797704
0.49770751260383195 0.09489943798323233
0.4984308399823283 0.09410346949077056
0.499158787914586 0.09314330925656059
0.49984152396058446 0.09231417387455101
0.5002848570160038 0.091487947859649
0.5011142470392267 0.0905795503245567
0.5016146215598289 0.0897810653516771
0.5022664000221796 0.08905529809836635
0.5030045475765395 0.0880735371317021
0.5035524866063876 0.08724353257116693
0.5040982876800039 0.08649152036373522
0.5046921336003253 0.08541495160339066
0.5053023478149234 0.08467628915174455
0.505974733090059 0.0837429467488158
0.5064355894964924 0.08263757388493245
0.507128418691734 0.08201940438228231
0.5079029935209451 0.08124638067600445
0.5084793484732429 0.08030922175293678
0.5089863663064472 0.07945931885314453
0.5096421595856825 0.07856848199118219
0.5102119123992163 0.07769844173286247
0.5108097188593463 0.07671476362500854
0.5113746918909049 0.07615267578534538
0.5121142631245179 0.07550084801689974
0.5126462873050573 0.07437951286021219
0.5132616668131247 0.07341678987961922
0.5138365733533417 0.07269927201340545
0.5145027726402519 0.07170855526619382
0.5150850680162324 0.07112828952412145
0.5154844203721278 0.07009603092199082
0.5160955763114614 0.0690977181030076
0.5166717983768534 0.06815629567410178
0.5173672625218184 0.06759669326222853
0.5179998178559605 0.06673795494086823
0.5184829615143218 0.06565037261618958
0.5191895450035915 0.06506461733821203
0.5196152018895053 0.06404708585574306
0.5203882055797436 0.06334592740931147
0.5208676255307272 0.06261470252751447
0.5213545217827718 0.06146839079805336
0.5219227477730789 0.06079730340037007
0.5225977182860674 0.05988367838753675
0.5231086909393131 0.05912814238181943
0.5236496015804163 0.05810688012984003
0.5243948701811244 0.05744051448281132
0.5247387589662839 0.05669752244231577
0.5254456910224626 0.055460678287766824
0.5258633566000209 0.054897107072886336
0.5265472637867227 0.05405771471526247
0.5271418978157228 0.05313379200355153
0.5276174878514462 0.0520722242719083
0.5281029854249034 0.0512531499085446
0.5287449240857377 0.0507847782105221
0.5293445370570852 0.04974969058573778
0.5298484556960902 0.04851858505653131
0.5304289529260732 0.04809670995486606
0.5309138724625281 0.04711198762594418
0.5315015722415098 0.04647195456272171
0.5321498617230721 0.04560429687212811
0.5327472906935328 0.044369580605293085
0.5330656975815161 0.043988421048329035
0.5336716482697109 0.043027507796969316
0.534293876181383 0.04177211018151808
0.5348820185730604 0.041180952459803716
0.5353559386463759 0.040350018669714244
0.5359017280219395 0.039468676401506
0.5363728467046526 0.03870672692167701
0.5368603991198616 0.0381126096320831
0.5375343133107019 0.03724849000691524
0.5379057972956619 0.03633231545656149
0.5385076773145742 0.03531234844756895
0.5389292058866005 0.03456252682167729
0.5396616711134811 0.03358502041892389
0.5401017458404226 0.03276681628271097
0.5407507174847118 0.03183265864548471
0.5412160933612683 0.03122938901466357
0.5417658483818942 0.03039962534916765
0.5421998997406797 0.029498746116558696
0.5427060138807996 0.02876516492172512
0.5432482623714127 0.027709518153177706
0.543888393553767 0.02696582478000933
0.5442559123424572 0.025924127223063056
0.5448313055009458 0.025167331444555987
0.5452251540692251 0.02439593667430553
0.5458801897222746 0.023523935855963598
0.5463272568991512 0.02274482677783454
0.5468783959451667 0.02176091628352741
0.5473446428504171 0.02120073521820234
0.547935134526088 0.020272350118350626
0.5483875644685031 0.019253679241486268
0.5489367239237167 0.018666645066547607
0.5495016305410453 0.01780445221812257
0.5498872214785576 0.0168631539927975
0.550404121216359 0.01615650292888318
0.5508890153542524 0.015238392384159718
0.5514097336471108 0.014314930481866186
0.5519794976532962 0.013543019594862395
0.5523791311845713 0.012696965640532156
0.5530238361612606 0.011780369018242556
0.5534794098795225 0.011062681325760295
0.5539259304448249 0.01012657313457779
0.5544618785964625 0.009434732857915986
0.554953333583358 0.008574918360644303
0.5553458342360748 0.007714115485754205
0.5558286054399745 0.006622828258292881
0.5564883211528818 0.006068961188361002
0.5568466894830767 0.005304822930908861
0.5573730048858666 0.004403555297715547
0.5578520994544046 0.003606468606318993
0.5583057475580983 0.0028381805335746767
0.5588350618414261 0.001956661043132992
0.5592163900179473 0.0009872080720692254
0.559815863014346 0.0002522801762619119
0.5603040796522317 -0.0005766250928692408
0.5607801589832032 -0.0016652095984071892
0.5612166042697314 -0.0023560514603731854
0.5617516008417872 -0.002997210230153844
0.5621722652257232 -0.003927878819040196
0.5626895906050432 -0.004817444272592206
0.5631377625451134 -0.005457135927841781
0.5635043246154677 -0.006382198848372076
0.5639823900795223 -0.00732131246932952
0.5643649971370491 -0.008073426942915438
0.5650111204384803 -0.008987398247824217
0.5655549645871204 -0.009678412812769242
0.565891479300019 -0.01034841007218221
0.5663571852873276 -0.011311453261319302
0.5668651039982188 -0.01191559745011581
0.5672155933347774 -0.013102241529969614
0.5677318254237037 -0.013863154797942177
0.5681646017079954 -0.01467060704463272
0.5686165504351736 -0.015362283145299947
0.5691411401682019 -0.016257652983614788
0.5695253366615017 -0.016967755480960276
0.5700510893716536 -0.018060163965270302
0.5705134620626645 -0.018848660857084452
0.5709223946687746 -0.019450663817558975
0.5714442154125986 -0.020360028443702525
0.5718049193625024 -0.021054990455042864
0.5723200831772607 -0.02200140836381057
0.5727214140854838 -0.022689101535670806
0.5731077623719208 -0.023772234977172377
0.5736560210645073 -0.02441829667536952
0.5741877751064287 -0.025240386783624034
0.5746063487664624 -0.02605444338224436
0.5748988097379423 -0.02670675782340057
0.5754987955294611 -0.027512725450526385
0.5758812531432663 -0.028359325956079793
0.5762502903294459 -0.02943868223797239
0.5766769590243864 -0.02996868560919894
0.5771485043972938 -0.031009369558934827
0.5774921652883679 -0.03183604742286614
0.5780560743145141 -0.03276407507528198
0.5784763344661107 -0.03320754425339231
0.5788412233645103 -0.034095787213306056
0.5792121108662917 -0.034887612036569954
0.5798447633748519 -0.035841044050473364
0.5801734588427064 -0.036579968280561065
0.5805483194910338 -0.037353573771832654
0.5809511654103693 -0.038203654544558735
0.5815086719462293 -0.03884284297519289
0.5819054780039338 -0.03969499938734597
0.5822195220814715 -0.040480371093210094
0.582756818538365 -0.04142537431875734
0.5831455987974584 -0.04212011062907825
0.5835340807379893 -0.042996125112996525
0.5839406355001561 -0.04382180985597614
0.5843968694939071 -0.04446847964208786
0.5848822485035269 -0.045215363609114684
0.5853732894693654 -0.04625069951982183
0.5856134058538519 -0.046975528376792614
0.5861893845301195 -0.04773208083710331
0.5864505237835721 -0.04855048252003899
0.5868695504972593 -0.04906226825332258
0.5874927380593679 -0.05019948461356058
0.5877777005609318 -0.05115550581992309
0.5880895490645869 -0.05167481698808005
0.5885088676855131 -0.05253264312461056
0.5889912956240902 -0.053122356934517695
0.5893898851418368 -0.05423684615811972
0.5898371636383474 -0.0547078761221714
0.5902515576933717 -0.05551704296416124
0.5906835723925002 -0.05640048352364754
0.5909425168134451 -0.05699270889486205
0.59144341224975 -0.05804478631934237
0.5918232080834726 -0.05886156204980306
0.5922492203306485 -0.0596254463371054
0.5924619932583072 -0.06041905405327294
0.5929548090669888 -0.06103150500683849
0.5933744769961805 -0.06171839647379526
0.5938370192555836 -0.06266911637291869
0.5941361390489815 -0.06347742940812659
0.5945984179180442 -0.06421055176377052
0.5949966866208655 -0.06490579482457567
0.5953647085953161 -0.06580089051054192
0.5956983044989813 -0.0665272398396137
0.5962038767956045 -0.0672469162015957
0.5964445333372465 -0.06818278938006347
0.596926310278525 -0.06893238879516747
0.597343783180294 -0.06961164751375912
0.597793881141302 -0.0704666664205725
0.5980705362876441 -0.07115474606603575
0.5984063800129306 -0.07201065421164218
0.5988892558635329 -0.07272453041990198
0.5993181860275038 -0.07365463865123575
0.5996566486348797 -0.0744999734363789
0.5999844332321921 -0.07509199391472085
0.600329679233964 -0.07581191636460025
0.6008758710913901 -0.07670601119041895
0.6010974356300164 -0.07731215505712516
0.6016033852754307 -0.07815942622988856
0.6018964228754747 -0.07902101247944257
0.6023059040377708 -0.0797758311246439
0.6026137653151878 -0.08049486439704065
0.6029930793708339 -0.08103579047555817
0.6033808397007377 -0.08188640594346383
0.6037043020785872 -0.08270791788737872
0.6042008027754083 -0.08322016404776542
0.6043480701561857 -0.08418923892640237
0.604898660518192 -0.08479515478230301
0.6053194470111533 -0.08580602623823771
0.6055635732158865 -0.08674949192401324
0.6059758058836785 -0.08711189212249434
0.6062546101399143 -0.08790592479658929
0.6066233454427715 -0.08867051183782079
0.6070747884383864 -0.0893682642440323
0.6074150798940013 -0.09010987207468388
0.6078509698294358 -0.09094327998073978
0.6082367643948446 -0.09175763002473367
0.6084628135452138 -0.0924888787510458
0.6089533224631553 -0.09304532798789864
0.6092509428205536 -0.09380543597626842
0.6097102403172295 -0.09464664504347473
0.6099649373432036 -0.09532718423913708
0.6101700580185362 -0.09604600684052153
0.610588684050538 -0.0968750672532129
0.6110922930213473 -0.09755328657883985
0.6113758937318742 -0.09818309280781232
0.6117113337753654 -0.09908953005043183
0.6120375731883857 -0.09979625631022168
0.6123436517638333 -0.10060648970605443
0.6127313817076304 -0.1012126499095268
0.6131213130853904 -0.10203611789412001
0.6133904594977314 -0.10269322086470198
0.6139254135234954 -0.10348395398022778
0.6142631732192466 -0.10422264867466532
0.6145054768145434 -0.1050446443390308
0.6149066728398703 -0.1057134421610669
0.6152466269419569 -0.10626716292278224
0.61551488110153 -0.10690333954576378
0.615831840831285 -0.10780763140917135
0.6161727072596531 -0.1084998536088648
0.6165136203582161 -0.10939226986038383
0.6169606693246609 -0.10983713043028107
0.6172856802903947 -0.11064916802966049
0.6175948685909928 -0.11142984469128689
0.6180236147378791 -0.11196258036577919
0.6183186538772097 -0.1127723256926619
0.6186865779273344 -0.11360740949271628
0.6188571305748419 -0.11420117502237179
0.6191939194776098 -0.1147270401579453
0.6197637073143879 -0.11569662968180669
0.6200341007737061 -0.11630561017834215
0.6202680346755772 -0.11705384033804131
0.62064987347636 -0.11773220568373752
0.6209839381272758 -0.11840355670595445
0.6213176913550168 -0.11920898231317797
0.621617431539664 -0.11978196395673066
0.622017957477523 -0.12059959101717685
0.6222274622516223 -0.12122916582450546
0.6225852343091299 -0.1218417800403939
0.6229991730812182 -0.12274990195799759
0.6232679959684823 -0.12330320460305674
0.623688604013558 -0.12397657001562332
0.6238173443566114 -0.12490247627758896
0.6241313585105522 -0.1253790167218883
0.6244927499098855 -0.1261115928712083
0.6248483635097396 -0.12670502656413038
0.6251565149939647 -0.12757099431920046
0.6254421473624449 -0.12808536629860975
0.6258911846451344 -0.12880381170681662
0.626020426831536 -0.12955460143899564
0.6263460542392384 -0.1302342753170199
0.6266682750369924 -0.13064814907388209
0.6271633608469106 -0.1316037823369632
0.6273090139115095 -0.13216693547758027
0.627842296834293 -0.13276445758386665
0.6279482835582589 -0.13340514714937932
0.6283082610477239 -0.13428052069335303
0.628651124592413 -0.1348744879503457
0.6290064546269952 -0.1356168223218059
0.6292659062808953 -0.13625455640542214
0.6295972927025214 -0.13690161591320013
0.6299243630674524 -0.1375613940174166
0.6301994187454739 -0.13812961870606064
0.6305888318976055 -0.13888830249797143
0.6307823984378268 -0.13959110324270238
0.631217942924628 -0.14019940206154666
0.6314022909515299 -0.14089076219087368
0.6316998039399716 -0.14127168440473567
0.6319410406803646 -0.14198354843378266
0.6323726393180459 -0.1426871080529792
0.6326297708429675 -0.14334766475694413
0.6329538372698408 -0.1442687596841736
0.6332843703584726 -0.1447804850468218
0.6335244238942376 -0.14538349276017046
0.6338322809056555 -0.1460363725442467
0.6342340936587235 -0.14664467574878912
0.634409698974801 -0.14726140023880271
0.6347257204840157 -0.1481108798226268
0.6349933209456348 -0.1486850682332602
0.6352901016268747 -0.14914657876869872
0.6356477844886367 -0.14979316373533288
0.6359488889904173 -0.15040256707475072
0.6362207669793413 -0.15106575525064656
0.6365001695419913 -0.15168224229461022
0.636767454560177 -0.15243595832314813
0.6372115032934079 -0.1530369371250234
0.6373713241670104 -0.1537355685481466
0.637622041260756 -0.15429589943079688
0.6379516813236538 -0.15471198022262908
0.6382490359047269 -0.1552714211977971
0.638521006704667 -0.15594257618700633
0.6388796448420696 -0.15662672014316745
0.6391511988374846 -0.15725961275142838
0.639466307485769 -0.15781697208274856
0.6396883765411064 -0.1585534709717121
0.6400966963901752 -0.15903986334162187
0.6402778110166 -0.15971543884781222
0.6404993247855032 -0.16019276346766306
0.6408344798421234 -0.1606922629748819
0.6411816944880412 -0.1614666634566296
0.6413641261149817 -0.16195969097781224
0.6416710931214381 -0.16268137679735759
0.6419900212021324 -0.1633443638486368
0.6422637252065987 -0.16372351578740127
0.6424923815093501 -0.16445255061216899
0.6428605373065842 -0.16488337908436376
0.6429485530710065 -0.1655177418759642
0.6434068835497829 -0.16604356825384656
0.6436169221135078 -0.1665477035193553
0.6438696087168218 -0.16710686956474072
0.6441363569712543 -0.16771228828577764
0.6444271578499575 -0.1680221286286072
0.644745579292631 -0.16882885230220732
0.6449143450038252 -0.16959863442101117
0.645230946784002 -0.17020269430301835
0.645635659226475 -0.17051989474736226
0.6457654110715058 -0.17121186402006602
0.6460272922701934 -0.17184575066944127
0.6463777157456679 -0.1721481537661622
0.6466649581856082 -0.17277879263270088
0.6468842584681217 -0.1734011016124619
0.647229702200793 -0.1737630251800016
0.6474627837038415 -0.17456516558440546
0.6477279464205447 -0.1749205910748852
0.6478049585315359 -0.1752976080948124
0.6483466603354319 -0.17593253076479895
0.6485104775936076 -0.17653353148370152
0.6487839433965777 -0.17709313744658015
0.6489705567020746 -0.1776194128864775
0.6492187774407744 -0.17819905317820825
0.649468344688317 -0.17887940902635344
0.6496893193766385 -0.17923073542288434
0.6500955212756608 -0.17990968608745525
0.650380035975077 -0.1803056923919086
0.650507147688221 -0.18075733582929496
0.6507947210615589 -0.1811184156084081
0.6510371094009783 -0.18177760615248925
0.6513660337646127 -0.18221329990013976
0.6516230731226506 -0.18288020296217453
0.651850216380352 -0.18322750739162272
0.6520574343478734 -0.18373000989456587
0.6524322702810025 -0.18425146406863788
0.6526618525323148 -0.18467106729538982
0.652849959009871 -0.18510593851329069
0.6531874623136201 -0.18584722495913772
0.6533545369882806 -0.18607247760219445
0.6537167450436042 -0.18651050685305112
0.6539780411853612 -0.18705169712430134
0.6542059232565166 -0.18762492856089716
0.6544727535757112 -0.18804211297728188
0.6545934001237611 -0.1885585998296286
0.6548774183103473 -0.18902068153154758
0.655083406199859 -0.18954679181061126
0.6554319133114365 -0.18994580315651297
0.6556721400367026 -0.19028568884005168
0.6560083765386783 -0.1909463646204916
0.656165673102009 -0.19118726601996625
0.6564663598308943 -0.19173213681922294
0.6566528624671467 -0.19218039237156867
0.6569018523683164 -0.1924752925473032
0.6571990971844665 -0.19300899453846906
0.657405142838977 -0.19350153331319206
0.657599505505211 -0.19391443825449659
0.6578637825017236 -0.19428079470813794
0.6581669191214704 -0.19476099858407844
0.6582959960098752 -0.1952377760774707
0.6585763835785664 -0.1955193079916275
0.6588913244762907 -0.19588070557271461
0.6590354065320442 -0.19640391223446205
0.6593026111249075 -0.19672751686951226
0.6595099317946868 -0.19719839238863476
0.6597922262691168 -0.19746639560454168
0.6600141722708844 -0.1981359705645511
0.6602426926639923 -0.19845027084637876
0.66054142319035 -0.1987157805566324
0.6607093169921 -0.1990467613702885
0.6610116520990753 -0.1994740728295271
0.6612218201570129 -0.19990867638794071
0.6613997146712981 -0.20028679622373377
0.6616649927868298 -0.2005447202166911
0.6618258760765651 -0.20103537918351752
0.6621251440024257 -0.20137277184368205
0.6623322934106138 -0.2016409342424341
0.6626673036021932 -0.2020082567939245
0.6629074284966304 -0.20248947807963677
0.6630644389162682 -0.20277779936880422
0.6632731673992899 -0.20320736133263148
0.6635072525563027 -0.20358187417274473
0.6636070316652501 -0.20381679796726568
0.6638850064164264 -0.20407564003884968
0.6642623340615884 -0.2045104855265246
0.6643892228243334 -0.20472943907295446
0.6646385677425611 -0.2050522746136598
0.6648927120559552 -0.20546659219320415
0.6651824284495923 -0.2057143801885831
0.6654037971017707 -0.20606377410142893
0.6655446026988013 -0.2063383071159692
0.665878504361172 -0.20671900816270392
0.6660369461641006 -0.20697937075004588
0.666233623146009 -0.20726884574417956
0.6664412229404381 -0.2074705123881195
0.6666518054689884 -0.20789940283618566
0.6668952819226245 -0.20810489666187967
0.6671280383443209 -0.20846167445521022
0.6673025052819229 -0.20858759998247187
0.6675892095633279 -0.20899485622906697
0.6678228320621812 -0.20916061137002803
0.6680318387759675 -0.2094824122765657
0.6681776755692191 -0.20966379060760318
0.6684623573050356 -0.20990353012114768
0.6686576799732885 -0.21010587111117837
0.6688950731354598 -0.21038759475150134
0.6690986412025964 -0.21047769942106284
0.6692945760855963 -0.2108145220962788
0.6694971664279089 -0.21095530950756888
0.6696577009561421 -0.21126863754551958
0.6698779992525957 -0.21139145802153145
0.670113058062762 -0.2116451787932275
0.670423466353148 -0.21176136394100317
0.6705355426366205 -0.21197544051829284
0.6707649943312154 -0.21223648086132282
0.6709925431164213 -0.2124129979400244
0.6712186876856799 -0.21256810507059795
0.6714694331676981 -0.21267431347183982
0.6715886045790548 -0.21285943662172366
0.6718573692236788 -0.21306400550971635
0.6720788717957463 -0.21322353831602134
0.6722663867518163 -0.21334162654660113
0.6725141574418859 -0.21341953907401298
0.6727151230024632 -0.21361768890196173
0.6728113344103736 -0.21373937672746743
0.6730638449439844 -0.21381893800749338
0.6732374006357419 -0.21395211363929986
0.6735434651284554 -0.21400425724338643
0.6736766984711745 -0.2141611309461887
0.6739150401596693 -0.2143023108416928
0.6740678558363106 -0.21435798860074914
0.674307007433128 -0.21441769613927195
0.6745249986641962 -0.2145122438432366
0.6747319310972802 -0.21456209312082639
0.6749123356245489 -0.21463590391287676
0.6751330720023806 -0.21466759643209052
0.6752737239156533 -0.21475259354607887
0.6754928278029594 -0.21479180511239446
0.6758344578767298 -0.21482038212943508
0.6759438695851908 -0.2148589416881966
0.6761591589991726 -0.2148605275520594
0.6764003755794111 -0.21488351518152635
