#C1_inf,C2_inf
0.0 0.7214329848589454
0.014250881507005042 0.7207339350965051
0.02827914348203664 0.7200402133329148
0.042021762006756114 0.7194771530198951
0.055441467090952545 0.7187925612383543
0.06871354517648454 0.7181121077901371
0.08169168350939782 0.7175221910064706
0.0945879142168301 0.7167472199255589
0.10708111920573693 0.7160547536940405
0.11937209241035973 0.7154301736432579
0.13145456964636293 0.7148782883331359
0.14324072239670094 0.7140979501520368
0.15498850139972553 0.7134995517357154
0.16643980180397988 0.7127286791987177
0.17772715662477145 0.7122547027761477
0.18892439446223974 0.7113743807678801
0.19965130777162254 0.710686608388617
0.2105204991746199 0.7099979016797049
0.22111503749620376 0.7093923300537524
0.23139503721816035 0.7086398771603513
0.2416880143623713 0.7080153617572837
0.2518009760314289 0.707375071312744
0.2616545988660133 0.7065648545372218
0.27156843381913454 0.7059608776687729
0.28094299279603974 0.7053505691041233
0.29059673409407394 0.7046684415655133
0.2996570263271371 0.7039130122585602
0.3088829591181743 0.7031447664091296
0.3180208071666041 0.7026093452381585
0.3267959023983784 0.7017785706147539
0.3355516338459177 0.7012431033762632
0.34412171142648706 0.7004873341813451
0.35273024241484485 0.6999463324541556
0.36087765273549366 0.6991430572595738
0.3692557289149593 0.6983418516187678
0.3773922017798992 0.6977495012219594
0.3853918511374097 0.6970473415691332
0.3933295545018013 0.6963789556096625
0.40102104884833645 0.6958872614709735
0.4085738380390259 0.6949899630251606
0.4162450393312638 0.6942323034575523
0.42378558455094395 0.6935204948415429
0.43098056322659506 0.6928797887058523
0.4384090889890466 0.6920607628777722
0.4452163878952783 0.6915208814750211
0.45241515694122303 0.690768085368235
0.45929098874004337 0.6902207134979141
0.4660829171251778 0.6894513697525743
0.4729970316918325 0.688841635046614
0.47943211875520697 0.6880282510853095
0.48601745425554876 0.6873759627516988
0.4924968251219739 0.6865785017347497
0.49860287760540944 0.6857198383595846
0.5050814039491147 0.6852986919562787
0.5112388030753781 0.6843527576268729
0.5173872670045128 0.6839237386767136
0.5232824621556987 0.6831247751803842
0.5292787131404231 0.6824249870688124
0.5351623579790115 0.6817633819302688
0.5408911695198995 0.6809716308432914
0.5464261609642761 0.680187310533465
0.5518215415841972 0.6796134550049233
0.5576177547493422 0.678797009894273
0.5631817140534905 0.6782349203534634
0.5683616230385264 0.67742271385936
0.5739280557804265 0.6768839247420745
0.5791266892382769 0.6760511856650534
0.5841827832517708 0.6752451190814943
0.5892850275026236 0.6746569439459214
0.5943274530991046 0.6739988588516937
0.5993281796624568 0.6732305136326935
0.6042967401053458 0.6725425288367144
0.6089239005287956 0.671863341671701
0.6138315984674895 0.6712241673863315
0.6185151128662951 0.6703353733722649
0.6231167993973988 0.6698072128287225
0.6277167472892813 0.6689748225863568
0.6322206673203786 0.6682953515967283
0.6365954135460017 0.6673563883162275
0.6411322172181968 0.6668853646577528
0.6453557384928502 0.6660312852613965
0.649714095890709 0.6654055077918763
0.6539787283963101 0.6646621457377933
0.6581125520879237 0.6639610354132001
0.6621956753980152 0.6633236283314725
0.6664053172943856 0.6624939121738822
0.6703083898082891 0.661864247775352
0.674335554593007 0.6610521277157225
0.6781849660105251 0.6603307977676984
0.6820720510787512 0.6597810935431718
0.6858821237864305 0.6589131260450516
0.6896657840641373 0.6581758449177797
0.6933908595099505 0.6574396423202089
0.6971949430268378 0.6567409599358249
0.7007463458643286 0.65593866621894
0.7041294116734422 0.6554306523649571
0.7078971022940794 0.6545695317647819
0.7113154877462188 0.6539473781015386
0.7146521734019757 0.6532745546930592
0.7180122230864606 0.6523725431640585
0.7214112741196288 0.6516227043853554
0.7246485422465683 0.6508616280671757
0.7280148654366725 0.6500594205493718
0.7313171129889939 0.649513552169794
0.7344400729078322 0.6487071351739029
0.7376720945018964 0.648052609558398
0.7407833068634089 0.6471722223671488
0.7438596501715697 0.6465886659339959
0.7469007659464246 0.6457665207031938
0.7498076685781727 0.6451866398191526
0.752742058940582 0.6442963688191895
0.7556918791101191 0.643822291963458
0.7585511529859023 0.6428950875021537
0.7614108029624957 0.6420919499557949
0.7643142434225492 0.6412964137424662
0.766998081971216 0.6407271629185887
0.7697341478572807 0.6400148987757346
0.7724349391964002 0.6393325516766017
0.7751306237352453 0.6384950842935977
0.7777015768692768 0.6378784597968385
0.7803831072858465 0.6369679554082948
0.7829205934051978 0.6361763432328204
0.7854718943091072 0.6356254505216861
0.7880056346894068 0.6348441761461019
0.7904986832679061 0.6341186189277781
0.792954639154615 0.6333202022271718
0.7952968525349882 0.6327230944508413
0.7977070682243761 0.6317976040706275
0.8001388988674298 0.6310967763983593
0.8024246364372003 0.6302715979871153
0.8047766390751546 0.6295280026559174
0.8068736878892762 0.6289577098143591
0.809362822125441 0.6279714737154036
0.8114553063021335 0.6273561808904828
0.8136424785048875 0.6266266689609844
0.8157171332202909 0.6258892380786172
0.8179852232066687 0.6249874889038782
0.8201200032321246 0.6242874142782102
0.8221219218925363 0.6235483603262892
0.8241156729628315 0.6229755416765557
0.8262288701994722 0.6219104965400042
0.8281855933352016 0.6213311575110994
0.8302703178925226 0.6206755318038486
0.8322959535797535 0.619924082922702
0.834232561391913 0.6191767323996729
0.8360940010944672 0.618371542082422
0.8379511479441983 0.617622470583066
0.8398080695043295 0.6167085368002787
0.8417620540642297 0.6161456560623964
0.8435166968869847 0.6154683877113183
0.8453615989272666 0.6146182198858963
0.8471518515170877 0.6138444125185144
0.8488247364792743 0.6130422531000113
0.8505890971352731 0.6121822591509358
0.8522275163139694 0.6114508490275898
0.8539781676672364 0.611103403038056
0.8558026301385253 0.6100258294080865
0.8573908345121324 0.609425091487839
0.8589126227054384 0.6085319606274344
0.860695456417536 0.6078008045294215
0.8622778623471659 0.6070054132995155
0.8639379255702555 0.6062826311368057
0.8654661335558971 0.6054198278661984
0.8668338628069455 0.6048467172016743
0.8684081726044186 0.6041529159344503
0.869950144682781 0.6032258030641271
0.8713711727958698 0.6025252427119753
0.8729470002500026 0.6016714070768836
0.8743560522043279 0.6007237798426879
0.8757583450168327 0.6001447715405889
0.8771385058281794 0.5994118041830865
0.878594459805878 0.5986520163233365
0.8799847792807877 0.5978712123341099
0.8812898655141912 0.5972199381104245
0.8826588447414818 0.5963275027079478
0.8840641217042305 0.5954795249697762
0.8853518898710161 0.5948601000507562
0.8865800667630215 0.5939763874762767
0.8880164714683745 0.5933349511437975
0.8892671636692722 0.5924884130281382
0.890548581191685 0.5917871046036297
0.8917044980181779 0.5909021320714682
0.8930430446146124 0.590200650558167
0.8942592685629013 0.5893590582534789
0.8954471070583498 0.5886337439888054
0.896555163194884 0.5877003183020685
0.89777002292379 0.5871715103087936
0.8989772367689256 0.5861682246041746
0.8999875697911234 0.5854483070767071
0.9012557822254789 0.5847552948099739
0.902375940049147 0.5840178534328446
0.9034709474235297 0.5831968857932461
0.9044574771515522 0.5824118983125145
0.9055551521275147 0.5817135476031472
0.9065303569075239 0.5807643281736937
0.9078031226248785 0.5801375679260006
0.9088434237619087 0.579200486725947
0.9098552020989203 0.578596338548721
0.9107961147894885 0.5777457804831061
0.9117784012906334 0.5768910457187253
0.9128786942774889 0.5761392345806009
0.9138135949413599 0.5752856751332094
0.9147840204361629 0.5745235044072325
0.9156922346049441 0.573787891521347
0.9166425966210106 0.5732550465382162
0.9176528131221877 0.5722878730959131
0.9186044025312613 0.571536359555628
0.9194517793974689 0.5707548708322671
0.9204190567850014 0.5699601990866527
0.9212826721970614 0.5690036786352759
0.9221957305702598 0.5684584945244882
0.9229686156575374 0.5675650736754114
0.9239065991780127 0.5667289020435418
0.9246906339442145 0.5659062196677996
0.9256595640796899 0.5652017826177524
0.9264872029174931 0.5645356674432273
0.9272602237907368 0.563554348631792
0.9280700711494092 0.5627032850775661
0.9288206764824435 0.5620843072272685
0.9297174871563165 0.5612267139115359
0.9304792826155801 0.5604687443078822
0.9312587802239916 0.559656151349794
0.9320484209839894 0.558848902671967
0.9328084429573855 0.5581190693682143
0.9336169723508745 0.5572315378190732
0.9342483301665981 0.5565114186129986
0.9350102236639722 0.5557596503232531
0.9357818393925448 0.5550779595415225
0.9364952447569084 0.5540606106573437
0.9371788697275154 0.5534147653308795
0.9379206098030013 0.5525778102145686
0.9385703550585691 0.5516551417591739
0.9392837009024558 0.5509368213887528
0.9399091134891296 0.5500892418095982
0.940643421755984 0.5494358821536336
0.9412773990890795 0.5487065808809986
0.9418629640064371 0.5475772447645493
0.9425929530686763 0.5470121053498762
0.9432186791337058 0.5461058886540154
0.9438316499970605 0.5454218782322328
0.9444527026565377 0.5444572296404859
0.9451120931650506 0.5438123064901874
0.9456995575263499 0.5430177200212256
0.9463220104042003 0.5423013542281404
0.9468491619453154 0.541507916514739
0.9475726451069908 0.5405363406542943
0.9480825558186063 0.539745976603216
0.9486392802640289 0.5389156055549191
0.9492336055813742 0.538214946499299
0.9498484174063849 0.5375199082713212
0.9503090809908011 0.5366468755740181
0.9508785846769774 0.5354862587159229
0.9514536773044743 0.5349073294958526
0.9519888907171403 0.5339569468905732
0.9525532831465954 0.5335662460969166
0.9530858046922358 0.5326122244657827
0.9535499992905836 0.5318873305523836
0.9541074671271361 0.5310102911029531
0.9545473831234289 0.5301344448829752
0.955096667442634 0.5294309708001719
0.9556268240516405 0.5284732587064996
0.9560040799572163 0.5277303128975916
0.9566081158938323 0.526929067735747
0.9571301458446902 0.5260853980381975
0.9575590519798647 0.5252325868583679
0.9580083243382749 0.5243029743876746
0.9584847721612736 0.5238258203024662
0.9589297875149557 0.5228862290306056
0.9594183961690678 0.521987954456584
0.9597973850694307 0.5212355823881201
0.9602094848723195 0.5206195873790855
0.9606927553337734 0.5195342647841188
0.9611468890067487 0.5188968413139494
0.961562496315625 0.5179519769542045
0.9620277248770924 0.5172090240152327
0.962375621914543 0.5165714356667468
0.962834775183785 0.5156772279602506
0.9633378891779533 0.5148177244292125
0.9637010761971353 0.5138285457334366
0.9640185901663634 0.513190486578488
0.9644169827681248 0.5124413302867468
0.9648250351426603 0.5115944672023294
0.9652435788407069 0.5106954561737426
0.9656519077054533 0.5098895180487775
0.9659795974325741 0.5091628305741942
0.9663320107421958 0.5080548855421287
0.9667804925926726 0.5075433714677257
0.967115034725727 0.5064749685234868
0.9674776084312289 0.5059550697434096
0.9678359361628794 0.5050836241805569
0.968154097536324 0.5042938703207249
0.9685372691715257 0.5033471248272254
0.9689337321406994 0.5025532753675279
0.9692144693843313 0.5016324663109774
0.9695910719043169 0.5009922351858962
0.9698715593456544 0.5001026283489907
0.9702074224800439 0.49906658209192545
0.9705214049775608 0.4983995537477629
0.9708423008899703 0.49764103223730605
0.9711732875863659 0.4967077923935931
0.9715448075659848 0.49602363140756456
0.9718431876935655 0.4951229857401481
0.9721382822644886 0.4943028845896833
0.9724476659280036 0.4935538788784336
0.9727330397087731 0.49265977331349375
0.9730504550325851 0.4918337473433997
0.9733085798695847 0.49103060529686215
0.9735749557806106 0.49022439288247643
0.9739242438702467 0.4894455920161809
0.9742253823546121 0.4885559005027903
0.9744767289662749 0.48767166772166337
0.974803643433934 0.4869422820118908
0.9750591112035025 0.4860457250347091
0.9752718836261631 0.48531305312877293
0.9756242406044391 0.48428285209253463
0.975808759681941 0.48355003438615207
0.9761514849847696 0.4826382239839081
0.9763484141315786 0.48207491304883254
0.9766483791673392 0.48095747942739664
0.97688416524987 0.4803643113383117
0.9771622059164435 0.4794040853422036
0.9773722501784174 0.47860946578633967
0.9776518420721186 0.4779125215745892
0.9778733709756351 0.47706832230471896
0.9781626799484364 0.476129089911447
0.9783800672633155 0.47539027778858356
0.9785773646616838 0.47444700103040716
0.9788670919009006 0.4737003695952673
0.9790444112769096 0.4728403378814572
0.9792494655260164 0.4719943061830667
0.9794936249993524 0.47126374719167474
0.9797289253604283 0.4701890276788123
0.9799873638910356 0.46932811773522043
0.9801984570497551 0.4685668691359717
0.9804171349573769 0.46798973112812925
0.9806005295948085 0.46696920171102585
0.9808170480130548 0.46596865288331557
0.9810450547638103 0.46532971571218107
0.9811904277015364 0.46456289866319966
0.981461838788225 0.46375707204895233
0.9816127542952877 0.4627927324019463
0.981871942988607 0.46192587809925023
0.9820746678503763 0.46136989635784786
0.9822747136626213 0.46035399036229785
0.9823905846822398 0.4597003245445622
0.9826019983315263 0.45879341301109355
0.9828281181658883 0.45779539917121115
0.9830168797410951 0.457008845737904
0.9831552206647004 0.45613663772490043
0.9834194683198354 0.45517518233877097
0.9835694619026739 0.45432719433185054
0.983737776796517 0.4537792767227714
0.9838937744885597 0.45287396652393497
0.9840882863759844 0.4519181259515639
0.9842384352693542 0.4510919141048957
0.9844243657727875 0.45035851929750326
0.9845551650101501 0.449516543684531
0.9847768334278434 0.44874423529364804
0.9849301976525755 0.44770827731408813
0.9850655385861156 0.44684688655613525
0.9852951304562237 0.4462096046723484
0.9854179360002818 0.4453011381783283
0.9855433584773934 0.44441931304250215
0.9857366519581466 0.44359333491600184
0.9858986976293369 0.44261125373424814
0.9860264042178746 0.4418733199005085
0.9861732131602075 0.4410621624308809
0.9863383323334617 0.44022853311421717
0.9864180615933076 0.4392200415567703
0.9866399485701429 0.43847712954154805
0.9867425089383669 0.43759106636302636
0.9869354681120011 0.43696410594484225
0.9870325526294227 0.43608786259285937
0.9872090093437746 0.43534572028412566
0.9873516433914162 0.4343789192997235
0.9874885945535383 0.43345596858401136
0.9876217089544186 0.4327685841459653
0.9877534880172374 0.4316037162497036
0.9878825106565831 0.43083801429526414
0.9880035502093656 0.4301275633046526
0.9881550314105143 0.4291550573338191
0.9882657607212287 0.4284668640923096
0.9884095692982223 0.4273498832333511
0.9885374279073131 0.4267468521114025
0.9886705557910714 0.4258170806162027
0.9888096909004386 0.42531567109551893
0.9889043841310933 0.42402346821875336
0.9889771517784934 0.42291984531399596
0.9891546095066623 0.4227062368217731
0.9892706370717085 0.42186302435494083
0.9893553280325335 0.4208943556403717
0.98950537959963 0.4199139371333911
0.9895833255500956 0.4191314390334988
0.9897078956168017 0.4182007257789734
0.9898087141109879 0.4173942310372215
0.9899289424698243 0.41650687666629416
0.9900590072562133 0.4158867293079025
0.9901342703199651 0.41476785207091516
0.9902807353899868 0.41395303174145515
0.9903224080071471 0.4131584078135828
0.9904031935980505 0.4122150933346792
0.9905939580563866 0.4115696018222409
0.9906796506820249 0.41060606620650386
0.9907533011304436 0.4096821637237317
0.9908706475476754 0.40902311470580865
0.9909659089330624 0.4078953148250237
0.9910454238222816 0.40730993683594907
0.9911525343987799 0.4062191769855946
0.9912750297998071 0.4054986040485793
0.9913461039358292 0.4045730893833758
0.9914157369352978 0.40370610424024567
0.9915310352645643 0.40286113569092186
0.9915967097501928 0.40204349281843665
0.9917137662000065 0.4011974966991716
0.9918136126825694 0.40045737621159705
0.9918947024609949 0.3999158837377751
0.9919895733152374 0.3986241688467683
0.9920861942057021 0.39805886779297983
0.9921627585521031 0.3970187037468079
0.9922594591241022 0.39628321661974675
0.9923225481111092 0.39520560260219206
0.9924161262756395 0.39456589642881845
0.9924692438806478 0.39357587089431123
0.9925821481094946 0.392658746137845
0.9926595945686179 0.3918673440576851
0.9927290638800056 0.3913278613594816
0.9927894791247025 0.389994839178473
0.9928834583477936 0.3893994100040764
0.9929592023551751 0.3886265793595227
0.9930312402091629 0.38766791658036215
0.9931211297535374 0.3868581461354863
0.9931813224601038 0.3859534754031816
0.9932732458673657 0.38509197070461487
0.9933287593540964 0.3840344091893808
0.9934044809454644 0.3834769900043353
0.9934535163002174 0.3825527339700112
0.9935318462439143 0.38157682969262396
0.9936034392452836 0.3808588347889579
0.9936897216584502 0.3798801620161477
0.9937569633186222 0.3792132253248576
0.9938260200519027 0.3782977796342799
0.993868717903004 0.37740484474282476
0.9939373127480379 0.3764493848015873
0.994007302704811 0.37565808856420924
0.9940912480592616 0.37454786680674335
0.9941198456505294 0.3740472314408567
0.9942047940036534 0.37319909550563557
0.9942685177377795 0.3721668439059219
0.9943301804388373 0.3714682247634915
0.9943773701238867 0.3704793781153445
0.994430665468582 0.36969077204007406
0.9944854285057243 0.3688894835204033
0.994565542204892 0.3680798569563276
0.9946126221676536 0.36702640208636184
0.9946744296990473 0.3661379215123043
0.9947513638560729 0.3654454317844731
0.9947834208502692 0.36454905048734054
0.9948236359011071 0.3637374273746673
0.9948984380141132 0.3630288335408165
0.9949586498532385 0.3619336165444993
0.9950335658192019 0.36094205037514093
0.9950730024325758 0.36027609762154933
0.9951141818258351 0.3595641593104525
0.9951646705248662 0.3583326498103545
0.9952331288922663 0.35763185440235723
0.9952863463125495 0.35713855470703704
0.9953144161080243 0.35624117691591795
0.9953735410391034 0.355092819895364
0.9954388223560667 0.3542036100241719
0.995493050309302 0.35340475260758597
0.9955213653034491 0.35262524168335674
0.995553487361581 0.35161581663319696
0.9956239674475035 0.35087885943203223
0.9956702886212249 0.3502245696304289
0.9956855143651288 0.3491488691211617
0.9957590292101256 0.34832342087342993
0.9958078553883626 0.3474608322101538
0.9958500672504986 0.346734396917198
0.9959058728992988 0.3456645691163528
0.9959382634804629 0.3448023774522251
0.9959888571005077 0.3439489057988816
0.9960218976950757 0.3431049385053515
0.9960740396805278 0.3422170836594397
0.996090294521458 0.341498905768969
0.9961611572947126 0.3405640840737548
0.9962007833233247 0.33969968583455723
0.9962483276442458 0.33891488381182777
0.9962686505623314 0.33793213050519333
0.9962881380300068 0.33714369332434535
0.99634194278565 0.3360795726147605
0.9963765930696965 0.33549856459824445
0.9964425742427963 0.3345852091859559
0.9964826416343675 0.3337697150134721
0.9964946741759615 0.3329366337937517
0.9965386824504062 0.3319220572524382
0.9965692883523821 0.3310489730659558
0.9966164932413845 0.3305309352072613
0.9966598249079452 0.3295620036037281
0.9966727828692649 0.32856492510254476
0.9967336986391648 0.32784244502162885
0.996773296515625 0.3266458525085423
0.9967899147065789 0.32618561194441853
0.9968252516218632 0.3252546593422403
0.9968547075532366 0.32426776022966264
0.9968897829213275 0.32340031491437315
0.9969049960395944 0.32275487259970426
0.9969579501295731 0.32185899597437706
0.9969909287178806 0.3209116933354976
0.9970116675420986 0.32017794616777684
0.9970641084013524 0.3191890239415547
0.997081160044452 0.31814396299499315
0.9971267766542309 0.317405683496376
0.9971465937032725 0.3163856292159134
0.9971841846746778 0.31562086666525213
0.9971971415132406 0.3148780717488733
0.9972541810928663 0.3140536307605052
0.9972541994274553 0.31316736425833847
0.9973002900100552 0.31248175564391045
0.9973243281283991 0.3115760232070315
0.9973743024395437 0.31066855584842146
0.9973693589565302 0.309743798133182
0.9974044194172964 0.3088107389417529
0.9974409426742368 0.30810303360978497
0.9974655509693903 0.3072045473478424
0.9974927483346425 0.30629249628133237
0.997505452490466 0.30541689994084154
0.99754246073008 0.3046944077039021
0.9975825319508086 0.3035972237668899
0.9976041339033622 0.30291197548934234
0.9976304378205243 0.3018930216698027
0.9976457441346257 0.30114374486693096
0.9976902396196002 0.3004593706597084
0.9976888542302009 0.29969826552769097
0.9977245634377518 0.2986257748648181
0.9977479744958113 0.2975609979588837
0.9977717462517933 0.2967762331206696
0.9977713703178611 0.29606199941888456
0.9978161363314012 0.2951086242953914
0.9978488821259993 0.2942910962179879
0.9978582942681228 0.2936194752091613
0.9978801403150556 0.2926222411488584
0.9979167202422776 0.2917187102955803
0.9979320125867864 0.29074098680369986
0.9979542432852818 0.29007989212399155
0.9979729505509828 0.2892754591888921
0.9979881983027508 0.28840834945644345
0.9980134577091124 0.28750100616107876
0.998037289523584 0.2867442428785355
0.9980658670129965 0.2858928394051945
0.9980959948739526 0.2850084235962975
0.9981009758627187 0.2840353200386093
0.9981158632072148 0.28303920444854724
0.9981303955486744 0.28241490926410406
0.9981604373615441 0.2816186314633101
0.9981828456368242 0.2806405299733341
0.9982079272789451 0.27979968582498704
0.9982266002431424 0.2789975382655703
0.9982222908314881 0.27828803304587935
0.9982412087515335 0.27715992869180206
0.9982652503761528 0.2765867024595201
0.9982976885676865 0.27575908892517564
0.9983064334114433 0.2746453915435597
0.9983338471071894 0.27399472882723974
0.9983270288818161 0.2731857463717332
0.9983659977370264 0.2721908937409434
0.9983747323945633 0.2712903022730927
0.9983992385385085 0.27067061547008353
0.9984041921499535 0.26949304069855595
0.9984290484527568 0.26883958296410415
0.9984372817841182 0.26779997444079995
0.9984695341283278 0.26713869320719486
0.9984861439704362 0.2664531973625496
0.9985054916798062 0.2655353394507879
0.9985157574405499 0.264631725449726
0.9985127263823076 0.26365396298367416
0.9985435128131807 0.2629283260985079
0.9985563155109286 0.26216018442300315
0.998583465088519 0.2614498690824216
0.9985991412987373 0.26028155760228266
0.9985929278983251 0.2595221596636422
0.9986289908360854 0.2586997787449836
0.9986467965659673 0.258028862287332
0.9986427791137187 0.2569457578650559
0.9986656825534667 0.25625481874606504
0.9986703019272087 0.2552775470505053
0.9987009205513251 0.25438659122489216
0.9987112754796192 0.25363506084379894
0.9987120620017773 0.2527636466951242
0.9987346730898374 0.25190557895152854
0.9987525248056214 0.2510993606146523
0.9987448995221622 0.25017676278340417
0.9987822992431981 0.2494847268492114
0.9987813672961388 0.24882506286031936
0.9987944032613875 0.24764471851478964
0.9988152159441538 0.24668525771796257
0.9988241959317172 0.2460303209981689
0.9988389344496604 0.24496575199256598
0.9988478051087017 0.244308278414897
0.998856445073315 0.2435266826859671
0.9988758105137105 0.2423645664977585
0.9988805848795292 0.2416980368774122
0.9989073248353662 0.24110835107353779
0.9989026599665142 0.24025016799220145
0.9989263134397688 0.2393960609210709
0.9989358325210251 0.23845716664270644
0.9989562050220757 0.23781976008384642
0.9989387514448432 0.2367419170063111
0.998962829558637 0.23602459538982445
0.9989628988705648 0.23499511541683282
0.998989121910612 0.23441439632993433
0.998987944892133 0.23350489303604927
0.9990050677739013 0.2325143063790358
0.9990099426290339 0.23195161415088683
0.999029223211225 0.23087906535051006
0.9990331010622994 0.2301322727894749
0.999055445785945 0.22927582850939643
0.9990638831015543 0.228298706991386
0.9990607582514617 0.2274636747608375
0.9990769225722708 0.22690728321336295
0.9990886594554 0.22615614914940785
0.9990953851649101 0.2250556446993136
0.9991026933930831 0.22422875704314027
0.9991244018513544 0.22332021059745788
0.9991269626045949 0.22249038739866467
0.9991291609156133 0.2217245091156015
0.9991311982797304 0.22089865546715903
0.9991516622931439 0.22000990244970708
0.9991572530061125 0.21932539390464756
0.9991689728225915 0.21842315815943703
0.9991765605003474 0.21765552117189746
0.9991912523492092 0.21678663355202799
0.9991910315634897 0.21605417271590066
0.999203563682061 0.2149877113552301
0.9992205020279339 0.21405554438350793
0.9992269297169514 0.21325685807817008
0.9992354866958734 0.21271043253275812
0.9992484869109692 0.21180517527577758
0.9992433903416416 0.21092226655366586
0.9992483053633453 0.21026608421991144
0.9992569161490762 0.20953889317379315
0.9992730815464477 0.208276970375179
0.9992826990671699 0.20764276090184097
0.9992824605621821 0.20679254922665358
0.9992998516666017 0.2062555896636563
0.9992949738561973 0.20530630288981955
0.9993009300359413 0.2042485940977251
0.9993125874313885 0.20347033572516438
0.9993217027035636 0.20300137411128671
0.9993286723130401 0.2019416434895951
0.9993378741122402 0.20101918656147955
0.9993414757440767 0.20025332333490165
0.9993535159704362 0.19956870320547815
0.9993593959259691 0.19893108263020698
0.9993692454343291 0.19790545531632153
0.9993759821018767 0.19697456488188136
0.9993801156698883 0.1959116704374555
0.9993820884829262 0.19549855358525248
0.9993912457819752 0.19444466675957595
0.999399423425864 0.19366474879568507
0.999399343876667 0.19316947610743196
0.9994063893083224 0.1921254044572812
0.9994211198484961 0.1914988229945268
0.9994233574259682 0.1902291857829952
0.9994310848687098 0.18972131242122559
0.9994396748308321 0.18892791842795675
0.9994419716821548 0.18792379986026098
0.9994467045667498 0.18737575526717154
0.9994503556296913 0.1863666766710509
0.9994593974967343 0.18556725930709272
0.999466055286751 0.18472297304692242
0.9994620580710807 0.18414143652612747
0.999475892563312 0.18309162982750238
0.9994785166574515 0.18243080008235812
0.9994840626090719 0.18151090477960752
0.9994824702482119 0.18079660811212062
0.9994977916190255 0.17978413648539526
0.9995005344317772 0.17926625789760808
0.9995111053944709 0.1783235236759969
0.999508851560766 0.17751393771042678
0.9995192321985339 0.17679253917724858
0.9995216403986756 0.17592292312545954
0.999531538457365 0.17517420941875372
0.9995336430452114 0.1744570360534201
0.9995341177645026 0.17364024208869022
0.9995498427539357 0.17283062886326017
0.999546423954293 0.1719447238064553
0.9995490974489044 0.1710604658685887
0.9995546788765702 0.17022578056165472
0.9995586967211725 0.16949885066929793
0.9995663849017449 0.16891646043396202
0.9995737394482964 0.16809305213409675
0.9995715652027262 0.16726648427154367
0.9995839921156615 0.1666884895517281
0.9995826155435714 0.1654449271355325
0.9995790044039999 0.16478705561989193
0.9995954028201747 0.16418265904102325
0.9995953515807345 0.16318689724301072
0.9996011902825283 0.1621587353754821
0.9996036285067829 0.16159679878642674
0.9996091013195761 0.1609384587596494
0.9996070347293576 0.1601191541377457
0.9996142871229121 0.1590859113883325
0.9996266671065026 0.1583489806254026
0.9996248775865946 0.1577392580685335
0.9996239753591124 0.15698050905733163
0.9996340981349419 0.1560436404160167
0.9996361706938688 0.15526476737904493
0.9996404340523745 0.1545641192005417
0.9996416582295411 0.153756873731554
0.9996512967942894 0.15303316488801955
0.9996506714146807 0.1522218551132305
0.9996548928361966 0.15129893465460997
0.9996572564765771 0.15070950704168484
0.9996611655825223 0.14981489769171552
0.999668065005513 0.14906098675123414
0.9996706330249269 0.14829416482982127
0.9996752836755344 0.147422472674686
0.9996730310032816 0.14677539050586352
0.9996832947499669 0.1458128247313154
0.999681291087585 0.14508801894101708
0.9996921019862454 0.1445542592107969
0.9996958424838462 0.1438308946714868
0.999695194633872 0.14288139411517797
0.999698022059837 0.1421719919226807
0.9997018895098455 0.14135154912697578
0.9997017517736254 0.14060388809358115
0.9996973233177056 0.1400159386680323
0.9997041976958898 0.13901591932565605
0.9997145428567487 0.13843590555499996
0.9997155083721755 0.1374125490585486
0.9997145429863585 0.13670139682689642
0.9997228370004526 0.13610641321665407
0.9997231168562857 0.1353044883035952
0.9997327268793962 0.13470618995532002
0.999728806938818 0.13381577418694168
0.99973737571447 0.13299507258259569
0.9997340984927768 0.13228762521856274
0.9997374989824741 0.13156902129457193
0.9997428694422565 0.1307769380205409
0.9997436008396052 0.13000801242186233
0.9997458805004136 0.12927384348400506
0.9997540794958452 0.12840900421320023
0.999754666310103 0.1278661886827157
0.9997544728493747 0.12702360677643254
0.9997578525023562 0.12626803371190132
0.999763105796617 0.12536681519238058
0.999765264016577 0.12465869603160917
0.9997613495560379 0.12388209661810046
0.99976315307947 0.12302519577288051
0.999771783131167 0.1226085703466907
0.9997754591010223 0.12164595137455103
0.999770683501302 0.12097601657033441
0.9997778122608696 0.12027002304396872
0.9997800147054314 0.11970653616827431
0.999785572696284 0.11879440506801864
0.9997859764178635 0.11787218891269857
0.9997825283770587 0.11734747841471505
0.9997866768512597 0.11652354211376992
0.999791608731247 0.11585035316232872
0.9997922176458324 0.11501688497551943
0.9997913048108409 0.11437642708689955
0.9998005067839169 0.11373607434946087
0.9998022075159831 0.11287795147608692
0.9997992169493866 0.11207082001354884
0.9998059918373534 0.1114360727103858
0.9998028241904179 0.11050061986554172
0.9998081579669053 0.10994468039067906
0.999807770370646 0.10926321130916683
0.9998135364472737 0.10848598425125877
0.9998135139770769 0.1078182172439689
0.9998199918879893 0.10706319329664216
0.9998167241892104 0.10640684533773359
0.9998165819277539 0.10559530575610543
0.9998199180399528 0.10470018929020986
0.9998230451768231 0.10423996845573591
0.9998259017375061 0.10362447149947018
0.9998243518242437 0.10277336292754036
0.9998264909125558 0.10220195635037643
0.9998275800010404 0.10107460138516278
0.9998301119824471 0.10059235129197475
0.9998292141747986 0.10011015416927815
0.9998335655499712 0.09931559876030371
0.9998358212367099 0.0984458257167603
0.9998386075619136 0.0976464159033924
0.999839559991018 0.09706844540583237
0.999843538624577 0.09630629056132989
0.9998495020875529 0.09577278930856914
0.9998445724194164 0.09512541959320886
0.9998471793251265 0.09420493348408565
0.9998442780246687 0.09362904900846725
0.9998486948878308 0.09303786289942739
0.9998523458166988 0.09223199312405927
0.9998551978708652 0.0915002653408934
0.9998570855496307 0.0908691090846594
0.9998590015591388 0.0901638490029043
0.9998601246020328 0.0893220777425644
0.999858016289475 0.08904082495322918
0.9998581202224065 0.0883342604059505
0.9998593159342154 0.08742324894206699
0.9998628147971301 0.08675584322637264
0.9998669945099479 0.08607588872414784
0.9998671542404938 0.08550183085804763
0.9998694601251186 0.08456014921234711
0.9998653914972694 0.08417631928020564
0.9998710253071089 0.08342281598976431
0.9998743738974436 0.0825659498936464
0.9998731499119735 0.08198423758417173
0.9998756949036721 0.08145467730663603
0.9998773788030578 0.08069677521743623
0.9998789829606616 0.08018148968644112
0.9998763617325186 0.07932630637597526
0.999878430415556 0.07872331553933343
0.999883109380353 0.07810467750120298
0.9998818984335536 0.07757446763302056
0.9998849939889692 0.07665102773596821
0.9998828576447026 0.07603572377047574
0.9998875804818033 0.07560161407976074
0.9998873724247189 0.0745311326842667
0.9998869601713228 0.07409613468355891
0.999890737566461 0.07327892449097007
0.9998909813345953 0.07260942248224167
0.999890742727686 0.07201250888900668
0.999892728223055 0.07142922994041567
0.9998927659496888 0.07071156131948264
0.9998964117474257 0.07009277012458925
0.9998956429697822 0.06932759521213616
0.9999011673095712 0.06874696646650613
0.9998939474533581 0.06828801781792337
0.9998978650684682 0.06752862587975084
0.9998979541234982 0.06699319019621786
0.9999009936285981 0.06633666957214879
0.9999021394526781 0.0656701650380147
0.9999023508605076 0.06509643326134984
0.9999044477219349 0.0644034700359164
0.999903480130054 0.06393730468698922
0.9999066899041253 0.06304451320874871
0.9999065369835208 0.06265275593444797
0.9999058365144238 0.0619921248109061
0.999914065586925 0.0613517526124161
0.9999097076336252 0.060731344812555266
0.9999152172306395 0.06027768144074952
0.9999150742714421 0.05947451397283776
0.9999127956116777 0.058909346472966195
0.9999164739986658 0.058156902818845224
0.9999149785400702 0.05770853938290088
0.9999165959434946 0.05712394993887426
0.9999179554421129 0.05649580650948405
0.9999144842613324 0.055672216131234964
0.9999165619563691 0.05526136838022355
0.9999178561409884 0.054746419742875085
0.9999196958424263 0.054157817725919655
0.9999191973377465 0.05336413204117407
0.9999218794971981 0.05294219624873697
0.9999229666087762 0.05222905836297864
0.9999233591504962 0.051816446882951395
0.9999232432956253 0.051208636715346256
0.9999259202456547 0.05066785165472609
0.999926349011103 0.0499755601232561
0.9999257712371206 0.04933914665151329
0.999928603070212 0.04885063486391339
0.9999294777956078 0.04812944996915014
0.9999289459406151 0.047732554378996594
0.9999282019854323 0.04709232754809434
0.9999283598114805 0.046522335465561504
0.9999334432545158 0.04601671890143644
0.9999303674391331 0.04549345755615142
0.9999332126686779 0.044808929196511804
0.9999313769355127 0.04435734739807351
0.9999326293118108 0.04374891474102194
0.999935165315471 0.043174447260169724
0.9999358523648962 0.04271006685071499
0.999933746141234 0.042268799100204424
0.9999352521497707 0.041518965077158465
0.9999385305071121 0.040970368179828354
0.999935863511576 0.04026958182596718
0.9999382996894742 0.039985174888099384
0.9999418574779884 0.03942530486514251
0.9999381894560027 0.03886302490425886
0.999939837894762 0.03831361265012356
0.9999401887862606 0.03770639056154057
0.999937866782975 0.037121410434390656
0.9999439514611538 0.03677902385753218
0.9999435445148706 0.03621210664507435
0.9999419849632919 0.03575030636298537
0.9999439346532305 0.035105713631281565
0.999945394640262 0.03466098018046737
0.999944631630866 0.033963733325895085
0.9999466192681296 0.03352487278541427
0.9999458628281 0.033106826741490236
0.9999490075539883 0.03263084109071701
0.9999496994859349 0.03211863076069432
0.9999487575123297 0.03174247153843446
0.9999476498497891 0.031092126976304812
0.9999478935544863 0.03079310298158766
0.9999479106484305 0.03010176814164789
0.9999517123024209 0.02973136444897473
0.9999487984389561 0.029134111339206403
0.999952396431818 0.028540548886625938
0.9999514179591387 0.02842252574568982
0.9999540966134901 0.027708531931831204
0.9999528812085062 0.02734762518890599
0.9999525496150078 0.026842186281456626
0.9999531286361304 0.026425001370723677
0.9999554864469992 0.025841103231044382
0.9999548438022164 0.02550284147450199
0.9999536492275634 0.02480532640062061
0.9999534494452252 0.024548635963371646
0.9999563026743463 0.02404859459418829
0.9999574892148215 0.023729427947728032
0.9999577058701549 0.02324105477573557
0.9999564637491724 0.02283915504958456
0.9999558333625033 0.022232499016719753
0.9999576351653884 0.021830835938462134
0.9999580506496754 0.02150261510046747
0.9999592898387345 0.020980834333411802
0.9999604428128893 0.020504723526745705
0.9999600596843 0.020177377297709298
0.9999598637970059 0.019668844349096548
0.999959825724815 0.019304867388097335
0.9999614163926975 0.0188757089650351
0.9999610530831176 0.018454279358464665
0.99996158545432 0.018121357944242633
0.9999619110717697 0.017687155935566135
0.9999614731890055 0.017243589697974904
0.9999620606744054 0.016951085925381193
0.9999628088605803 0.016503063502488535
0.9999630783295882 0.016125337561104125
0.999966205600326 0.015783312879475098
0.9999646434691962 0.015244049089012779
0.9999659283887659 0.01479872088033063
0.9999640082637868 0.014607550421780635
0.9999662678520047 0.014242941506355522
0.9999674323519658 0.01393091098472965
0.9999671287756636 0.01344191843220277
0.9999662446516511 0.013029817388403697
0.9999679089853524 0.012804755575133608
0.9999663208233304 0.01236680371824328
0.999965855637405 0.012017923295094657
0.9999692042091746 0.01167112928457159
0.9999695944698243 0.011426465026379229
0.99996961080681 0.010977530442800365
0.9999720830489529 0.010609608506752854
0.9999704215218118 0.010563891759375665
0.9999674511003562 0.010069024988987763
0.9999706302370578 0.009760664290015986
0.9999704511039784 0.009435633143887623
0.9999706106504996 0.009088797433950635
0.9999711939666842 0.008808671398141232
0.9999719231105859 0.008438055540437861
0.999969618106513 0.00816710196493331
0.9999728672006605 0.007936340124877983
0.9999713044333274 0.007674167689980527
0.9999736829034505 0.007373423077068897
0.9999718571740062 0.007134682406353066
0.9999736926718925 0.006695388807124836
0.9999729078887829 0.006458308144794089
0.9999740938076565 0.006256940228780983
0.9999744783569127 0.00597432188984004
0.9999730548458161 0.005816800227259944
0.9999742450706879 0.00560118414286781
0.9999742414602542 0.005240999034338167
0.9999756937060055 0.004976435792132916
0.9999761482171429 0.004827940577342704
0.9999744380036584 0.004518693163129139
0.9999745336395451 0.004277309855500455
0.9999768590306033 0.004072035561160758
0.9999756817617135 0.0038591124700578794
0.9999764734142024 0.0036196464520144023
0.9999758698472345 0.0034242775658189784
0.9999767717776498 0.003295388629004914
0.9999767896291798 0.003067872393357707
0.999977842820087 0.002937004056354664
0.999979198458565 0.0026534702264240373
0.9999781614248717 0.0025395569656082584
0.9999801138153204 0.0023072671807032874
0.9999783356510025 0.0021414436453646157
0.9999782294884297 0.0019760064806594313
0.9999789217618689 0.0018246038807872011
0.999980070821413 0.0016977065885434017
0.9999789117759607 0.0016032423526367579
0.9999785362595728 0.001387749871950783
0.9999807522860256 0.0012995792744040502
0.9999794954426845 0.0011023742210027887
0.9999815402534943 0.0009899803068006419
0.9999803685167907 0.0009204976402449327
0.999979141795589 0.0007932145490894271
0.9999815235542474 0.0007558665019666844
0.9999801021577102 0.0006147858372372861
0.9999813114944406 0.0005874493314668161
0.9999802790751264 0.0004613379733192646
0.9999811204845658 0.00033486868502285994
0.9999817162422966 0.0002490700308380722
0.9999809052488149 0.00024004099296093262
0.9999827237820657 0.00017497644479269603
0.9999815812250074 0.00016440206513956834
0.9999827590423024 9.535013742600906e-05
0.9999825326466715 4.6309323998294794e-05
0.9999837119267834 4.697874367176613e-05
0.9999846226630684 3.297989896233755e-05
0.9999838359859252 9.511357679681254e-06
