#C1_inf,C2_inf
0.0 0.721568436933804
0.002875639581820022 0.7208787637508429
0.005730852797628638 0.7200838947620964
0.008571142426595402 0.7194107563854211
0.011436207823206646 0.7188135865041934
0.014248206781456219 0.7181988388372593
0.017055527608445087 0.7174462392082386
0.019863312300609337 0.7167816957099786
0.022652063191066052 0.716089890279251
0.02539394052145061 0.7154917090199504
0.028214511073890947 0.7146621387890422
0.030975931851987548 0.7139025680577931
0.03375347296760667 0.7134411893576549
0.036514223205612484 0.7127360407120333
0.03921590143809972 0.7120316405925129
0.042037706519634455 0.7113841365455619
0.04465466545474006 0.7106677048064443
0.04736199582810641 0.7099061887664415
0.050025342665663386 0.709299274921132
0.05270937511189522 0.7085968237797672
0.055369492703701506 0.7079413014987992
0.05804075990792423 0.7074329124936178
0.060645321675045216 0.7066838714570112
0.06329475938525464 0.7061509970749769
0.06599503836752418 0.705223418323222
0.06856266778504638 0.7044323941036017
0.07125952848590911 0.7039100473365631
0.07386250328036637 0.7033362004922744
0.07638220389610562 0.7025263197060041
0.0789934582070696 0.701797875144782
0.08157581545807902 0.7012764588768297
0.08403899551474536 0.7003800653559017
0.08673506831149758 0.6998340144315515
0.08922880619707885 0.6991304759922494
0.09169524897391113 0.6984353138138044
0.09430817547270653 0.6978544834265419
0.0967892957195371 0.6970775416965296
0.0993229740032947 0.6964649867198911
0.10181513047184676 0.6958123150636485
0.10433168494576905 0.6949735337008409
0.10674208900751536 0.6943582095563923
0.10931308783305349 0.6936767904191372
0.11170404772064213 0.692920567604369
0.11412835462241655 0.6922332355097867
0.11655544748935431 0.6913314983587003
0.11890781504320813 0.6907618376754043
0.121450926500143 0.6900410940397375
0.12392567529584642 0.6895133168525767
0.1263112473335214 0.6887382639273714
0.12867268244685037 0.6880773669176102
0.13109167513835285 0.6873576084512203
0.1336442753877819 0.6865895536497809
0.1358368995034116 0.685853132790395
0.13837372749179477 0.6852009900539705
0.14071641666301504 0.6845043069455994
0.14295292015064065 0.6838661783205086
0.14539308194729617 0.6831263122609882
0.1476601312696999 0.6824772333488556
0.1499485262735888 0.6818087298245333
0.15239378830813421 0.6810117083641842
0.15468329998619823 0.6803554246373724
0.15691283593247385 0.6796153306970767
0.15919398590441924 0.6790237937572656
0.16158523881445797 0.6782152795925582
0.16376439024812406 0.6775028694604709
0.1660944316384385 0.6768035083081492
0.16839718391844805 0.6760619375810832
0.17068786675642256 0.6753034438185664
0.17287478538952972 0.6746661020681107
0.175064019439508 0.6739265720912704
0.17735025663925752 0.6732041458228233
0.17964345446158203 0.6723215920257194
0.181767704970468 0.6717290451657607
0.1841168417445126 0.6711101262020953
0.1862888568493134 0.6703993800745685
0.18842186168533748 0.6696692212691083
0.1907544917798909 0.6690566436395249
0.19278385340264437 0.6682166972472465
0.19503317976807266 0.6675535035885443
0.1971011221394513 0.6668951431215779
0.19935882218279344 0.6662361288191934
0.201568732080178 0.6653660979934621
0.20362018647767355 0.6647559678947399
0.20593979030825582 0.6639605554063286
0.20803733442570682 0.6632098872160237
0.21020973985852842 0.6625158660708631
0.21229660952437535 0.6617225198384777
0.21438839124195364 0.6610964197450324
0.2164456354771277 0.6603335200301962
0.21859349385519145 0.6595987028265854
0.2206257970239236 0.6591427496445471
0.22270463279501007 0.6581931177391124
0.22491401383350562 0.6575582928646393
0.22685264555603202 0.6566562036482082
0.22902616483927818 0.6561097572705781
0.23086426645980185 0.6552612381382914
0.23301863953439983 0.6546252809785444
0.2351619309834394 0.6536817190771248
0.23721779910297336 0.6531596954679979
0.23914933932385862 0.6521827105863034
0.24134160020665796 0.6518463798049826
0.2432558771670249 0.6508814203130352
0.24526824079779586 0.6501855567560472
0.24730388525938618 0.6495059285627278
0.24915445600353825 0.6487378778139744
0.25125538989501806 0.6479342333406718
0.253202744621041 0.6473020183186226
0.2552087833267267 0.646671904755131
0.25716802780832315 0.6458146255825297
0.2590741497516561 0.6451146971883699
0.2611838366293293 0.644388277955559
0.2631213416277415 0.6436144260295038
0.26510643349535523 0.6429670257652619
0.26706796770361274 0.6422341711314901
0.2690058642890498 0.6414978460440359
0.2708989960382393 0.6405827600030656
0.2728850093769728 0.6398751188518881
0.27469977207377316 0.6391008499509099
0.276668225832873 0.6384828455522583
0.278637063219893 0.6377601105948969
0.28053105177655546 0.6370560794822526
0.28258717009101497 0.63633163572487
0.2842637985080573 0.6354880450332218
0.2861679385159335 0.6347300924408337
0.2880572565771444 0.6340116131176741
0.2898547784696348 0.6331835495529854
0.2916790660056219 0.6324645359528553
0.2935646761804257 0.6319359274349193
0.2954335526943551 0.6310761648771959
0.29732561900768684 0.6303808051429278
0.29925753630191443 0.6296022281438733
0.3009295221750158 0.6287106916629868
0.30292793975458143 0.6280194990704074
0.30475784308538556 0.6273289818303666
0.3064687279956213 0.6267538378387102
0.3083412623561722 0.6258175513098666
0.31008418424418926 0.6252168084123284
0.3119980689751415 0.6243168381671077
0.3136751268562865 0.6234544594739828
0.3156359571229759 0.6228933734778186
0.31739375989282514 0.622110848579338
0.319286689828406 0.6213560568629993
0.32104011625538176 0.620737118382076
0.3226863168602304 0.6198778537533965
0.3244675334149294 0.6190191996115217
0.3263229523901431 0.6183915867444705
0.32813137694532 0.6175988752293584
0.3296489465893523 0.6168407256532598
0.33148191417486106 0.6161842865982742
0.3331978846979262 0.6153525091018432
0.33507434435210737 0.6146677717141624
0.3367161502105407 0.6138983084476451
0.33850076097330917 0.6131183864287555
0.3400243189076154 0.6124441462362415
0.3418313705810221 0.6114694183063745
0.3436519055146571 0.6108116020382655
0.3453019211391808 0.6100898011763489
0.34696317834941703 0.6090890234324731
0.34877836204361456 0.608428380398893
0.35029919070747817 0.607667419113196
0.35195201850404756 0.6069068166495564
0.3537415222108081 0.6061418547418237
0.35533099090282383 0.6054906561621952
0.35716333141352374 0.6046872261860821
0.35871455245836903 0.6039618328507326
0.3604677214847135 0.6031131645319101
0.36201802265773597 0.6024943876550937
0.3637476232410499 0.6014848660117127
0.36537350505977706 0.6009322857657311
0.3669995158997198 0.6001923383987434
0.36867937494097647 0.5995078329131154
0.37040601096512293 0.598639442286861
0.3718125313563895 0.5978595575061754
0.3734407949149311 0.5971298646339926
0.3751267475056663 0.5962659629380183
0.3767755958497023 0.5956342900078282
0.37829921622920215 0.5947935092761351
0.3799861334373067 0.5938233899331895
0.38148667834050876 0.5931299009645286
0.38312381971556786 0.5923686359507205
0.38466783181855335 0.5915507448559054
0.38620049145592683 0.590864169264697
0.3879779632896303 0.5901471505060624
0.38954385269578595 0.5893024571509865
0.3910797252047673 0.5886146577712901
0.3925896445216005 0.5878066669353781
0.3941540188627387 0.587010125498291
0.39573590745475007 0.5862289826973284
0.39715446393491893 0.5856204014970459
0.398706386832022 0.5849435993456986
0.40036269050196627 0.5839384012360105
0.4018686539352896 0.5832498683476196
0.4033613815780518 0.5825098569522931
0.405107306460446 0.5815515453866653
0.4062183651959175 0.5807310461591607
0.40799661263328235 0.5800269726431428
0.40949487694432374 0.5793327627669601
0.4109847986940156 0.5785341476261958
0.4126059586999816 0.5776793183865077
0.4140147228798192 0.5770657867427755
0.4155895997365787 0.5761858492961752
0.4170175571196193 0.5755235782975427
0.4184367035219 0.5746835637038439
0.4198932845134884 0.5737671561760884
0.42163728441482273 0.5729761535166153
0.4229445929975165 0.5723026965913397
0.42443850679528905 0.5713880783280946
0.42586809989802654 0.5709610502619542
0.42726969600396414 0.5699028647423086
0.42878587084878284 0.5690029358148323
0.4303158967895603 0.5681936623897198
0.4317035668916911 0.5675032487067351
0.4330858857856471 0.5667834483691592
0.43466366513544374 0.5660634481610173
0.4361050768972733 0.5651765831510804
0.43737873666447347 0.5643793264778326
0.4389798134054206 0.5635193518127367
0.4403881726681038 0.5628293875572868
0.44163580895081167 0.5621002348275863
0.44321145587913546 0.5611279155393435
0.4446488746740408 0.5603868037585651
0.44608036642484317 0.5597826488109516
0.4473920672873596 0.558942248305055
0.44874334843299446 0.5580195116365227
0.45008581369347167 0.5573706687093922
0.4516160692972001 0.5564083753379707
0.45290076374519705 0.5557824553680043
0.45425496417820643 0.5551240662426103
0.4558710921381057 0.5540936788498858
0.45724624281546133 0.553213997777684
0.4584501331945642 0.5524695636373346
0.4599310410279521 0.551767298635921
0.4612937227800912 0.5508816444688494
0.46258959264654953 0.5500593491532955
0.4640060605286894 0.5493769236001049
0.4652805427535509 0.5484727211415824
0.4666123070088759 0.5477801221829774
0.4680219228695516 0.5469185547507083
0.4694317609170291 0.5460208706396414
0.47062681372292037 0.5452656733969534
0.4720509383991647 0.5446415048880937
0.4733239636814739 0.5437433938821368
0.47468201932226506 0.5432062574155985
0.47603637970412327 0.5423158407817148
0.4774141288425715 0.5414153643419086
0.4787190397066341 0.5405722631014567
0.47991943630924405 0.5397237316132945
0.4812372922390802 0.539061290014634
0.48248826480111917 0.5384409004736979
0.48382681982540365 0.5374502683996389
0.48524316937475176 0.5365045100265251
0.4863850963961509 0.5359717954124572
0.4877745327696523 0.5350647553363569
0.48898671501014856 0.5342954646310507
0.4901543205331004 0.5336751337104491
0.49168410810720964 0.5325369919869991
0.49280609798724695 0.5317439451149055
0.4941676298681965 0.5309889843389053
0.49536828682712786 0.5300603058406579
0.4967215667675078 0.5293104533030005
0.4979362919001985 0.528407585111057
0.4992561931629472 0.5276647486626602
0.5003969286171697 0.5269548133640451
0.5017704697452896 0.5261604407091138
0.5029954353772133 0.525276632374825
0.5041206461854149 0.5244871312680267
0.5054949387624559 0.5236805283744701
0.5066527770893321 0.5228361604649088
0.5080403590654029 0.5220471743047357
0.5091620997314628 0.5212070338173116
0.5102954248549687 0.5206751875839724
0.5115839485598591 0.5194948730507104
0.5129714734203588 0.5190052145054452
0.5140947329946993 0.5180096994811243
0.5152182302570032 0.5171587322439911
0.5165139764662399 0.5165025526705227
0.5176257234637851 0.5156155429778811
0.518880063760004 0.5147728288150922
0.5201513451543571 0.5141214358085007
0.521274610457743 0.5130652231891838
0.5226249144546784 0.5123725520241775
0.5236660308509733 0.5114884982366303
0.5249213907004333 0.510808137321906
0.5260801714326171 0.5099575859109432
0.5270414068728201 0.5091707421601908
0.5284315903132892 0.5083787425225601
0.5294905229218014 0.5076848377809332
0.5306393663634156 0.5066203333910535
0.5318398938198843 0.5058579373799912
0.5329948059903542 0.5051234233324804
0.5342324315806632 0.5041747888532895
0.5352906613209767 0.5033413101573673
0.5365901924350104 0.5025749796489707
0.5377567894183453 0.5018979720176104
0.5389729328302726 0.5008260067191063
0.5400194711387514 0.5002215475749294
0.5410590553043599 0.49929171767753777
0.5422468196908745 0.498554611258069
0.5434266024445276 0.49745895740243407
0.5444281335124231 0.4968088833158182
0.545672517724894 0.49597185514836406
0.5467153900052841 0.49519494312856305
0.5478506934610432 0.4942871987752825
0.5489649849792249 0.49368420093020526
0.550213561652781 0.4927615840339079
0.5513638495486921 0.4918026068883329
0.5523587934318556 0.4908503840661327
0.5535682017181439 0.4901997732792671
0.5546993100551088 0.4893254946409128
0.5556264960544797 0.4885688914204911
0.5568636273920703 0.4877973726707022
0.5578858694681209 0.4869379891804345
0.5590782675459716 0.486130988522419
0.5601348837628499 0.48522010201805754
0.5610454139268232 0.48449181374801653
0.5623353028167815 0.4837330342451578
0.5632822217215003 0.4829245834175703
0.5644567204452123 0.48188102191255566
0.5654750550744571 0.48128750634244855
0.5664712262212407 0.48028061970676816
0.5676874243435219 0.4795321807360432
0.5687234504239562 0.4787150326349012
0.5698698816543273 0.47800154183500354
0.5709291947239352 0.4769257017164418
0.5719390817293724 0.47610482438402535
0.5730250219437683 0.47536162382256186
0.5739547463954822 0.4745521493714159
0.5751398532023371 0.47369210648915483
0.5762538114920905 0.47277884570340845
0.577130601977113 0.4721230122592075
0.5782383876625619 0.4710160664165719
0.579157405407488 0.4703885641539325
0.5803032523744918 0.46951245262255403
0.5811488761440913 0.46863200941011374
0.5823534943474713 0.46785009932791755
0.5834086500813076 0.46683984854543215
0.5843736548167514 0.466263556470234
0.5852678035581411 0.4652770610153727
0.5864190948944006 0.4644809506283879
0.5874477869884671 0.4636915343613053
0.5886043966362695 0.4629429703688347
0.5895315780796189 0.4619033911633389
0.5904165694139588 0.46122940796941425
0.5913555880017878 0.4601557352384049
0.5925359294267623 0.4595757383633361
0.5935303223858373 0.458716927467825
0.5943325760128844 0.45764875528093396
0.5955234258134632 0.457035325273048
0.5964489289190336 0.45620763508242057
0.5973550814705826 0.45527747585992107
0.5986257088819278 0.4547687366021915
0.5995040962102929 0.45361574605334254
0.6003034487978496 0.4529429896392152
0.6013093236238578 0.4520041209131914
0.6024017732084992 0.45116261838189753
0.6033556077561434 0.45031226700649496
0.6043434693116946 0.4494465870423281
0.6053933172170671 0.44848292129436895
0.6061742190248665 0.4476462198241864
0.6070539711339125 0.44691090368016917
0.6082871641737295 0.4459224518496093
0.609348312131101 0.44526531260608115
0.6101131710403171 0.4444316312187503
0.6109720392323612 0.443781498439789
0.6121494466061738 0.4427163929909661
0.6129551951959661 0.4417856377375633
0.613981607326851 0.44099548731627924
0.6147877796809955 0.4402910134750212
0.6158465718635362 0.43948015049499545
0.6165825544205095 0.43853336255767983
0.6175643856133896 0.4375567148084585
0.6186304621567873 0.4368004030263185
0.6194273876220764 0.43621408437964115
0.6204779800831748 0.4351381800015556
0.6212180130167315 0.43428647865999803
0.6221607186035404 0.43343085713758955
0.6232342816236014 0.4325810293093012
0.6240305160644175 0.4317649540622196
0.6251007257222122 0.43077625857171464
0.6260237002133076 0.43005996033822314
0.6268901458442753 0.4294226032339953
0.6278025296541123 0.4283084864990373
0.6287106928940719 0.42758696247396255
0.6296476020728143 0.42685824918549764
0.6305986712672105 0.42583409432568764
0.6314440029342825 0.42513097515875187
0.6323861036400746 0.424246624362172
0.6331956573965244 0.42341646650654174
0.6340857176990573 0.4225184869402284
0.6349577259065948 0.4215697398800802
0.635798102372584 0.4204908768023887
0.6366628386364657 0.4197970902846988
0.637739930954111 0.4191464100734549
0.6386689263635947 0.4183216958378181
0.6394052208406371 0.41735077459027337
0.640387684503861 0.41662485976601127
0.6412488904360947 0.415607758794187
0.6420599433021362 0.4148310047906907
0.6429418766797941 0.41407824415377226
0.6438457337179633 0.4131847628593772
0.6446807751731769 0.41242986684371685
0.6455229246062812 0.41159217700605844
0.6462354752437268 0.4106947649174002
0.6472360027424762 0.40972796755175744
0.6480342626151334 0.40893282107731865
0.6488214381404838 0.4081191788181253
0.6496409233567242 0.40704764025083007
0.6507387563193064 0.4062596265173045
0.6515095667206328 0.40573299319592226
0.65247424078131 0.4047484909970096
0.6531514697029753 0.40387789812018926
0.6538128356028731 0.40303364659288365
0.6549362338392359 0.4020886030798111
0.655578355563916 0.40130312085633213
0.656573291802157 0.40041992872689613
0.657388397494477 0.399715085167048
0.6580215967671796 0.39883050682321686
0.6589541788067388 0.39776529198279265
0.6598164896497297 0.3969139480562599
0.660580104508701 0.39596786005715534
0.6613251178597827 0.39534928015742477
0.662132018887986 0.3944563739484821
0.6631876912126544 0.39365420889911595
0.663846588776601 0.39279291069737876
0.6647309859310224 0.3918887099076379
0.6654804670676664 0.39090087070297797
0.6663491448810328 0.39020531520141766
0.6669530301069068 0.3894428900416991
0.6677858805390876 0.3884707006766702
0.6688590619417827 0.38759111345533803
0.6693445814160834 0.38689804985375964
0.6702728097310748 0.3856463072055535
0.6710378102936829 0.38511170955091567
0.671952993060315 0.3841924389397666
0.6726985061416824 0.38325276255770335
0.6736101383673443 0.3824507076811866
0.6743110343784247 0.3815604359072369
0.6750561422335855 0.380714632694941
0.675855278330685 0.3801546254893102
0.6765705919613952 0.3792244319546966
0.6774070073637003 0.3781807192882859
0.6782779909683818 0.37730447446792015
0.6788595323325937 0.37654694902399133
0.6796444473697848 0.3757293890777845
0.6805819729259224 0.37494724510262556
0.6812371045207224 0.37388187021421526
0.6821271662406418 0.3732323460465118
0.6829009315687866 0.3723449384779245
0.6835263771072698 0.37142906857730074
0.6842704005520366 0.37048795266621193
0.684986911933587 0.36974627396467874
0.6859283726332279 0.3687997736926515
0.6866852137262331 0.3681567619413856
0.6872848032530801 0.3670624499556926
0.6880936442630123 0.3660666141697857
0.688947103262255 0.365243775413291
0.6897070470078497 0.3645462978230438
0.690598223372936 0.36385901204504434
0.6910301828329084 0.362838031129051
0.6919265274050574 0.3620338528339079
0.6926941505057957 0.36092568633066024
0.6932970686950723 0.3603539424460167
0.6940144097963505 0.35938776364470226
0.694694171193905 0.35855609726274074
0.6955608794921649 0.3577302831278072
0.6962660756418928 0.3570332081164639
0.6969244133254285 0.35618258262237035
0.6978137531817596 0.3552426889234135
0.6983630225119792 0.3544828487115408
0.6991034870229631 0.3534854168827909
0.6998598753879981 0.35245609105391673
0.7005769786696658 0.3516635016398557
0.7012617273836281 0.35077576548655953
0.7020441230266237 0.34998295974893545
0.7026757982538185 0.34915671895357725
0.7033201797600342 0.34828227780364385
0.7041254282214925 0.34732423258675704
0.7048680322121188 0.34644689707219267
0.7055013201258888 0.3459000468881289
0.706219929929794 0.3449360505180089
0.7070361099452063 0.34403157525379335
0.7076161458214066 0.34349179945182595
0.7083098698618502 0.34233465491777226
0.7090963599662194 0.3416144637469898
0.7098484705178846 0.34052860899104354
0.7105509638785631 0.33972488312157556
0.7111730607216942 0.33888419546041804
0.7119718557598992 0.33803739683063827
0.712538690030003 0.33701167885179306
0.7132371633653909 0.33628998739083826
0.7139412652924493 0.3353287856913587
0.7145206596406897 0.33463315936703353
0.7152472816695472 0.3338307096595281
0.7160297126839392 0.3328345602574523
0.7165845083248781 0.33203319436264545
0.7172958651554218 0.33105684223000653
0.7179069504876276 0.3302582072048377
0.7187713147234236 0.32943021254696925
0.7193958321689531 0.328557445141758
0.7200011389465074 0.32784047694816265
0.720644281344501 0.32680782065321545
0.7214419087698702 0.3260084179018311
0.7219961963030079 0.32493273836304193
0.7226695529089562 0.3241971147112358
0.7233561962055863 0.32340800586470764
0.724169122481704 0.32270189544088035
0.7245919268948907 0.3217345142556125
0.7254041479017593 0.3209233158450001
0.7259463153456012 0.32021727768358266
0.7266369121557155 0.3192288446998224
0.7272133936177945 0.31848963953455744
0.727831457606247 0.31742682909233255
0.7286264281372599 0.31661015001535386
0.7293171076689728 0.3158278544723818
0.729771049738648 0.31485678048018473
0.730529422391018 0.31404833005698984
0.731072964132907 0.3128797232906906
0.7317458355429347 0.31221750435637896
0.732431942646524 0.3113798154792399
0.7330366081607604 0.31054509729053725
0.7337858925144948 0.3097757746370302
0.7342574264811719 0.3088716288287521
0.7349430160511563 0.308144406497052
0.7356657663199119 0.30729777321306007
0.7361973654079198 0.3063366700243815
0.7367651620256921 0.3054334513305107
0.7374572941006168 0.3045369311406332
0.7379804756086792 0.30379508224952667
0.7387518007003111 0.3030938561833516
0.7392795217890099 0.3020903286739832
0.7400271034466355 0.3011396827919236
0.7406691041587299 0.30056238645018263
0.7411482170731777 0.2995002615541381
0.7418531374620695 0.2986688549555373
0.7424500044247658 0.29778311640774535
0.743153964759089 0.29711244497922396
0.7438283865210613 0.29608419118798823
0.7441564998020083 0.29542281311313723
0.7447156446072398 0.2943466580755869
0.745303856232494 0.2934474581006348
0.7460514643868112 0.2928575573476335
0.746659314629276 0.29168372182294755
0.7472476692634716 0.2909248508667156
0.7478584835329196 0.2900196332032612
0.7484023028173775 0.2891689331361875
0.7489729122889239 0.28829062518067394
0.7497424879335297 0.287592017675264
0.7501846360046709 0.28677402936868024
0.7508811817439749 0.2858719732797367
0.7514769834874728 0.28486690178391694
0.7519850833720652 0.28411692552869683
0.7526774177727513 0.28325406948906795
0.7531087747450032 0.2824718006961985
0.7537925502241571 0.2815841392644213
0.7543040497453299 0.2805570138540324
0.7548639688484634 0.27962963401754204
0.7554827424267585 0.2790696880506247
0.7559891005291401 0.2780950668615412
0.7565664236611463 0.27725765333933894
0.7571701440841239 0.27647933875776176
0.7579495564697486 0.27575493471142476
0.7582868363272188 0.274665363530757
0.758988365870312 0.27382369006366136
0.7594121109713157 0.2731192447503301
0.7601465190915452 0.2723311873429206
0.7607178747406664 0.2714955954573365
0.7612192844457356 0.2705351351941596
0.7616607098768662 0.26950532291576235
0.7623671145423345 0.2687862833856929
0.7628178711948205 0.2679433262039008
0.7633983542266951 0.2670636703675391
0.7639611432482313 0.26624883269681077
0.7646140482237782 0.26537302690626086
0.7651264134115127 0.26452947631508594
0.7656509421188524 0.2637569183717089
0.7661991467992039 0.2630054081206803
0.7667966977216032 0.26193249224319015
0.7673252713621164 0.2611400332834144
0.7679238050685138 0.26024229630128803
0.7682862373339191 0.2595025419650945
0.7690400925016704 0.258564567402616
0.7695522092973248 0.25787997799426643
0.7699844225730025 0.25714333701351566
0.7704855259755747 0.2560801069318296
0.7711529863874302 0.2551875443890279
0.771702387061128 0.25435046915272685
0.7722803843591082 0.25367481099072997
0.7727567934355173 0.2526626433817174
0.7734473190901622 0.25210956523228556
0.7738316603682771 0.25115031331461357
0.7743437295570468 0.2502685633026853
0.7750284093725845 0.24929316092118425
0.7754947041969854 0.24843065788648722
0.7759909795476556 0.2478065250039201
0.7765698461820136 0.24690922547241478
0.777013543117239 0.24591984189535854
0.7774526657350141 0.2453880751526386
0.778031994302778 0.2441409499106163
0.7785474136467154 0.24337286070955189
0.779046505439786 0.2426699263623252
0.779701515652863 0.24188102163103786
0.7802196476374703 0.24089709261600467
0.7806917314322395 0.24008936892304478
0.7811804097367195 0.23934326165741981
0.7817354572211153 0.23848062177791474
0.7822464768717975 0.2374459911283
0.7826872618974305 0.23672907289670586
0.7832507738132348 0.23570971056648893
0.7837289206630265 0.2351799870088208
0.7841590190633544 0.2340922792154697
0.7848947380286454 0.2334038313665795
0.7851738099610002 0.23260940037039157
0.7857133134985123 0.2317827597131238
0.7863918760812716 0.23073460781157296
0.7866835498446517 0.23009955595540554
0.7872500122577267 0.229502995735949
0.7877253568941534 0.22842308622015206
0.788236257350572 0.2275433951707354
0.7886100826511406 0.2265995494792672
0.789303618913384 0.2258140887077481
0.7896843411275636 0.22497599512520372
0.7901180517178173 0.22423357709304093
0.7906685038941672 0.2234322960664511
0.7911092271364565 0.22282782473754037
0.791656080909414 0.22166874831243544
0.7922031378969987 0.2209015159524813
0.7927610953571704 0.22017460541583123
0.7932820244354885 0.21945506407511473
0.7937423878343591 0.2184820772838202
0.7940388197702364 0.21760485790165363
0.7946422380054309 0.21678795444117294
0.7951621446094252 0.2158259688434936
0.7955710266232113 0.21508771431469376
0.7961383746150925 0.21419944182146278
0.796451188784978 0.2134310604224029
0.7969948251652564 0.21277061157245536
0.7973177246681357 0.21166080385488117
0.7979760627247868 0.21101764245063304
0.79844719142514 0.21028851550058458
0.7989225837480338 0.2093936475727588
0.7994230247975465 0.2084344310575359
0.7998402021397317 0.20766954697918083
0.8003129627371616 0.20656080240583252
0.8008320834863784 0.20594698304696946
0.8013139885617666 0.20514068254600692
0.8016492376983091 0.20441934619107427
0.8021387540159283 0.2037218288274506
0.8026309082075632 0.20270482059289818
0.8030358753479376 0.20194823020977493
0.8035609038385065 0.2009187369572839
0.8040481885717918 0.20034475994244294
0.8044343541205211 0.19941610130491694
0.8048933403162185 0.19852435829377268
0.8054051452627351 0.19777723993459162
0.8059523566807051 0.1969762432020774
0.8062777691947363 0.19620640459113148
0.806615311001996 0.19517924557687105
0.8070436149627267 0.19449461626685483
0.8076735370827799 0.19362702793986541
0.8082413944748801 0.19291928254192348
0.8084725867532175 0.19233504164051485
0.8090602968323966 0.19118589898908322
0.8094684042866813 0.19053183738110813
0.8099736987435968 0.18970134246170045
0.8103305375770316 0.1889092958882761
0.8107735892997938 0.1879818978761184
0.8111379746043811 0.18730140029220987
0.8115574384020772 0.18649234188814368
0.8119926784491986 0.1856546907229043
0.8125560440554421 0.18481462199669318
0.8129586749834296 0.18394823343363764
0.8133516753802834 0.1833042585706116
0.813874688933939 0.1824959667973639
0.8142905125216797 0.18154593443873557
0.814715600848353 0.18090266782171738
0.8151020771154304 0.18001224052656561
0.8155398446652267 0.17933539268716392
0.8160110498915623 0.17851810462046702
0.816376146025482 0.17762573047033792
0.8168292107360108 0.1767419093696685
0.8172692257202644 0.1758109552809778
0.817686583344594 0.17513335704426825
0.8181382934496847 0.17441892773002432
0.818534895955067 0.17355724879498358
0.8189959637041928 0.17273855573730346
0.8194308649218314 0.17179161578681845
0.8198272317511868 0.17127094348591942
0.8201719908352336 0.17033292878571415
0.8205966157666073 0.1697917777572131
0.8211882787521471 0.16869119342935834
0.8214028048846317 0.16813921188607583
0.8219568752097569 0.16702105095696507
0.822224857123343 0.16623171151301475
0.8227138002151367 0.16552139062550264
0.8232027050752698 0.16477980849149898
0.8234841140149772 0.1642259024948698
0.8240504454618615 0.1632195293223202
0.8243105390490119 0.16237837165376545
0.8247622737782395 0.16152618487349069
0.8251801867929587 0.16109423284199564
0.8255574801197063 0.16008728370190162
0.8260243483636407 0.15939270048148046
0.8264350253882627 0.15857703428446923
0.826769719631991 0.15762837976450472
0.827162317367912 0.15708273346508683
0.8277077874488465 0.15628758855131175
0.8279236713245187 0.15534271504707753
0.8284594293508563 0.1546133038206675
0.8288164638587108 0.15363339958742916
0.8291969720884618 0.15287421614746655
0.8295476636463607 0.15219844278214756
0.8299789924977148 0.15159895505853627
0.8304688467817709 0.15078043311283196
0.8307747822522401 0.15003419240462545
0.8312273062535951 0.14901819432313013
0.8314958849406162 0.1483845929006663
0.832006109280757 0.1474807440760708
0.8323122313322056 0.1469171990851048
0.8326431682973501 0.1460454743510179
0.8330596509330961 0.1454312930594045
0.8333224306694234 0.14436696968925478
0.8338907156724202 0.14386283088331608
0.8344516214478959 0.14287140465664971
0.8345822251892719 0.14217298912649545
0.8350253450019688 0.1414707336136809
0.8355108518553622 0.14059963694282862
0.83579161424526 0.13975198832856028
0.8361057116387265 0.13888732692528216
0.8365234273655819 0.13802747567438112
0.8369257574295039 0.13757968587741431
0.8373071501615444 0.13687984880770687
0.8377842570606554 0.13597847582548317
0.8381468420041214 0.13542284195152166
0.8384532593452999 0.13455562554084333
0.8387457947750462 0.13369366418958217
0.839160843366334 0.13290445743764456
0.8395826644272936 0.1322492192837642
0.8399731056123418 0.13154333890577574
0.84038282779076 0.1307174748438339
0.8407566813273102 0.12999061095567288
0.8411078618656103 0.12901134569253314
0.8414122121264772 0.1285760056022449
0.8417884965980655 0.12766978181081956
0.8420928040208989 0.12678255576316055
0.84259303084511 0.12622754667741565
0.8428996470405542 0.12509405090588122
0.8433815258410559 0.12447773215759128
0.843537310997595 0.12398917121267405
0.8439530115326481 0.12325807675791134
0.8442685675698522 0.12257591695248571
0.8447493556345198 0.12181157595961223
0.8450709798978469 0.12084543034619333
0.8453621209816249 0.120251558340145
0.845788412316863 0.11977180593009318
0.8460163166525493 0.1185729389268354
0.8464813582759959 0.11780855559757619
0.8467862160629251 0.1171282243745404
0.8472305215890314 0.11666185141565089
0.8474470405969766 0.115941113731724
0.8477913356977451 0.11510915050970916
0.8483327996152464 0.11436500952186401
0.8487079252886431 0.11353974760314878
0.8488917511481632 0.11261180168346141
0.8493560532559539 0.1121986394292066
0.8495817773560147 0.11145350401535603
0.8499819351505957 0.1105309703781977
0.8504243976168471 0.11001254727577181
0.8506822500320725 0.10921775576395887
0.8510367949670167 0.10839721281842829
0.8515093333412377 0.107736595137507
0.8517361527000078 0.10707763154452021
0.8519741066668103 0.10634233861960685
0.8523052132199824 0.10567799538562161
0.8526648538632409 0.10513392013821599
0.8530841484451378 0.10427857664736961
0.8533984719868145 0.10349432516814294
0.8538431470006365 0.10283312023707558
0.8541342315159445 0.1021418422106466
0.8544088616841783 0.10121262129869069
0.8547490835923709 0.10067400650544611
0.855137800354062 0.1000112077126104
0.8554451120472218 0.09930104715512755
0.8558611543969431 0.09860567205208848
0.8561036299542332 0.09784179216819167
0.8564048028700346 0.09709246772152769
0.856800393871264 0.09631677872784572
0.8570632540286865 0.0959841197210225
0.8573393770434174 0.09492996065345882
0.8578068180049754 0.09459840574484135
0.8580148684786024 0.09362920429464461
0.8583992568161014 0.09282656061340888
0.8587144975872367 0.09217676577159195
0.8589752813292078 0.0915299206561242
0.8592192302231768 0.09088573134486289
0.8598002019427511 0.09015145303014305
0.8600623706587185 0.08928408020608813
0.860415876473492 0.08889275133715535
0.8606610663335013 0.0880538607922211
0.8609582494106619 0.08725469690697629
0.8612581367512153 0.08678228499141094
0.8616092049834769 0.08607433422155653
0.8618481083398096 0.08529644490929489
0.8622320543003269 0.08470015536070252
0.8625395996858416 0.08407180750260446
0.8629576219079644 0.08323931510080795
0.8632008153468841 0.08288476417848434
0.8635142316178042 0.08199922095952228
0.8638372992633576 0.0813632050492945
0.8641980453723221 0.08049321123079745
0.8646218168233697 0.07997513806201684
0.8648432473601793 0.0793768754013886
0.8651368944102386 0.07864517459169751
0.8653492928612292 0.07809216347018721
0.8656546453969766 0.07731026228191706
0.8660322471767024 0.07652028253435905
0.8663716211103711 0.07595893205652193
0.8666428905736682 0.0753942268941108
0.8669445635916637 0.07451272491926386
0.8671896941619417 0.07395937678898845
0.8675343053354289 0.07339456049546023
0.8678132823006306 0.07266959554701957
0.8681177467921868 0.07197365289291124
0.8684667506116196 0.0714630027231905
0.8687352406209753 0.07070653656967307
0.8690052024010431 0.07023863139235453
0.8692986653916749 0.06950675484964375
0.8696886470294747 0.06887319281456705
0.8700225800781621 0.06822387756886927
0.8702666843826757 0.06756830635631261
0.870517070032844 0.06689895664773693
0.870889993536134 0.0664969064904043
0.8711509824808928 0.06568685778027594
0.8713872621301844 0.06505682987392825
0.8717048391239538 0.06452101326253401
0.871971567126949 0.06391573083380087
0.8722564535336715 0.0632075660314676
0.8725731029173385 0.06253440251567777
0.8729342240499646 0.06191833699590399
0.8731896041928335 0.061362942026535694
0.8735275028997923 0.060509060236872636
0.8737352106518391 0.06027260572764259
0.873993469450296 0.05943806708021315
0.8743265467416278 0.05887041041176688
0.8746309151958367 0.058390820879845595
0.8749249253865697 0.057507096443252914
0.8753209920647941 0.05694605675024966
0.8755404058085193 0.05643619044218595
0.8757969283347974 0.05601699751818989
0.8760503878389481 0.055252706242930105
0.8763366777456852 0.05479225983812819
0.8767734635001428 0.05421371792777252
0.8769061296863722 0.05357420578260208
0.8771917632865402 0.05299223775338857
0.8774280833501097 0.05219494912537603
0.8777324856960613 0.051694051219685844
0.8780017937750941 0.051108202117505996
0.8783516636980462 0.05063605076405342
0.8786293131516094 0.049965491034268394
0.8788115532526607 0.04949167335036342
0.8792406114230545 0.048918703351974235
0.8794450915716909 0.04826144583379721
0.8797599067850104 0.04781463140275244
0.8799643529904049 0.04730962314586851
0.8802545889871631 0.04657387338947638
0.8805550141589136 0.04596520362904799
0.8808912998528613 0.0454840711784974
0.8810951017433262 0.04494762185330925
0.8813726461173818 0.04431473638502359
0.8816370107616921 0.04370128884466995
0.8818867942519643 0.043305423569878654
0.8821367841230077 0.04274541105120733
0.882409271788867 0.0421373780103832
0.8827223616048949 0.041846157953385865
0.8830301288757124 0.040997330229675666
0.883155852156503 0.040455687123993944
0.8834965151033685 0.0398978489989501
0.8838010836905823 0.03949013214750918
0.8840677102382337 0.038855242948034885
0.8843741041149515 0.03830527531233607
0.8845299625348927 0.03771352364142089
0.8847425651330091 0.03739912351146335
0.8850221957172169 0.03673521166424498
0.8853596355463228 0.036350514077466145
0.8855912822518306 0.03568482813880591
0.8858436616683207 0.035214243933549216
0.8861825656158941 0.034739509341516484
0.886442463755517 0.034078118506131516
0.8867057130470265 0.033549003510102926
0.8868597355839611 0.033131960320456066
0.8871766650788714 0.03255556604485621
0.8873868011684738 0.03221541436062725
0.8876739280534689 0.03189419310773345
0.8879999806203247 0.031054081053005556
0.8882398452200221 0.03071525963995647
0.8884297549631761 0.03007990086876544
0.8886595332969667 0.029845593250352742
0.8889447228226305 0.029290573707043688
0.8891940041233464 0.028819724964918803
0.8895049884945783 0.02817060664347859
0.8896579327125301 0.02765499246384795
0.8898866948737767 0.027465904268067165
0.8903017432832766 0.026824044109192147
0.8905141796501509 0.026431238832544723
0.8907938151865071 0.025948905949239265
0.8909838020123476 0.025360521499469768
0.891221829745575 0.02498362251815034
0.8915240496032499 0.024563836651026016
0.89164086608684 0.024175250431210715
0.8920057165615212 0.023644893201060557
0.8921382918891814 0.02313064932153497
0.8924584276309131 0.022761585358070158
0.8926310212132462 0.022248258341446503
0.8929311950615414 0.021900417719628362
0.8931942039874774 0.021285975028349613
0.8933333389239813 0.021023919598171403
0.89376847511491 0.020615967484240105
0.8939211797525058 0.02018654079001725
0.8942212908711094 0.019642996999653328
0.894438693550355 0.01919054122977304
0.8946271699904723 0.018943490550223707
0.894941466097115 0.01843500763929906
0.895229884948402 0.01801277481788044
0.895399895914652 0.017565866133022467
0.8956575506284822 0.01729801234568773
0.8958463035713317 0.016837189131400865
0.8961394829272471 0.01656061648002516
0.8963008631602016 0.016166267006567425
0.8965463168041183 0.015646074616312955
0.8968821638683132 0.01531795189111429
0.897035076272678 0.014963234589316698
0.897270411564919 0.014509101662861124
0.8974726619343136 0.014228314856268742
0.8976849147916415 0.013940391860665535
0.897974522186234 0.013515634763033635
0.8981759115334021 0.013013854122945423
0.898387529283506 0.01276196802158358
0.8987135128119317 0.012364353170667308
0.8989622434598832 0.012053513263807325
0.8989822820304347 0.011662747995230593
0.8993137138219479 0.011383189120519499
0.899550751637744 0.010959877120591655
0.8997230839034662 0.010692229218742244
0.8999920642409334 0.010419713403063247
0.9002969081462585 0.01006483043291495
0.9004763461617818 0.009656194000803198
0.9006067918206765 0.009422338466981373
0.9009782867389615 0.00921772271263277
0.9011840901816636 0.008766366881423404
0.9012626947742939 0.008545317930526708
0.9016222777629672 0.008304710032274842
0.9017847752655013 0.007904642432148168
0.9021636498476283 0.007771933961130961
0.902218095989366 0.007367170063321771
0.9025237937999534 0.0070655036882597555
0.9026799475744056 0.0068056938262233135
0.9029024544402106 0.006603316390015435
0.9031604779778466 0.006331591562302119
0.9033484164309237 0.006003313582861436
0.9034669936055882 0.005682574424933362
0.9038564901538753 0.005577246285168869
0.9039664293787383 0.005306421765599589
0.9043381059010891 0.004963989579523598
0.9044367556471756 0.004784814511385127
0.9047206858657095 0.0044686024032267735
0.9048503941941938 0.004353410794618373
0.9051750145592381 0.003966421132580944
0.9053611150918582 0.0038641595470356727
0.9055027035963411 0.0036921573343220437
0.9057736668375503 0.0034179375350631425
0.9060337902586311 0.0033128223942089363
0.9062067117183423 0.0030354889201048563
0.9063585410431556 0.0028259216875585746
0.9066487880260818 0.002698707322660421
0.9068224114298044 0.0025465976380941724
0.9070374074335413 0.0023508965751450894
0.907307122623073 0.0020937016633612027
0.9074071640096223 0.0019868720720386257
0.9076741842925665 0.001843371492160406
0.9078900010904172 0.001672187778935852
0.9080285489515761 0.0015659111744791288
0.9082261257627209 0.001347085339463705
0.9084793241712213 0.0013069236113584237
0.908698395788303 0.0011152456638165997
0.9088483648322443 0.0010310476643049515
0.9090507582181586 0.0008903857794755332
0.9092477331934967 0.0008018556271530697
0.9095378700324175 0.0006965754925614132
0.9097299836741575 0.0006187111004635204
0.9098942431262338 0.0005147681695107931
0.9101748823729102 0.0004295928777858782
0.9104925787634113 0.00040864946774554767
0.9105397487144736 0.0002829509632179539
0.9108143037587356 0.00021841032996994247
0.9108901797850987 0.0001440634754102943
0.9111567087671264 0.00015123183587451017
0.9112457699326448 9.574127257017118e-05
0.9115445802839864 4.906958736750067e-05
0.9116839276964269 2.0483243118207817e-05
0.9118977968776822 1.0120446500505587e-05
0.9121173047602742 2.449861638220696e-06
