#C1_inf,C2_inf
0.0 0.7214963175940847
0.0009123788827463481 0.7206609230118339
0.0018248693073156185 0.7199759961820141
0.00273670563341881 0.7193949080471581
0.003649244919066919 0.7184366575305037
0.00456173880423852 0.7177825631368565
0.005474304697063498 0.71714114541426
0.006386048416623155 0.7164578111632125
0.007298128703618983 0.7157754711320944
0.008211467082429048 0.7150010080115141
0.009123547474416462 0.7142844092173214
0.01003524376017037 0.7135964012005075
0.010947293166504042 0.7128136486555678
0.011860927963052173 0.7120987860723262
0.012773163960060068 0.7113519255436598
0.013685754379929563 0.7106087441149179
0.014598652844634272 0.7098901987042348
0.015509233606046611 0.7092510324267051
0.016422986429763337 0.7084667302851673
0.017333944811135996 0.7076715637547132
0.01824686084130477 0.7068629381389201
0.019160224725364553 0.7062625347338413
0.020070482836996303 0.7055940187121704
0.020983976350872853 0.7048533308980416
0.021895462999501306 0.7041803024778605
0.022811300899274016 0.7033701019138355
0.02372053927267255 0.7027309490656511
0.024632972893434 0.7018790651325425
0.02554400855482134 0.7012848445563472
0.026458650476324154 0.70045525203967
0.02737017983361598 0.6997755533783655
0.02828293262738477 0.6991470780138374
0.029197045161238562 0.6983332790447195
0.030107976881100493 0.6975139770592876
0.031020752635325905 0.6969521708941128
0.031931291940526796 0.6962412295145326
0.03284401026132209 0.6955046491284377
0.03375952471006793 0.6947674275597133
0.03466828355953473 0.6940011696978396
0.03558039807929738 0.6932826696885364
0.036491625913488035 0.6926062034279302
0.037406832463577795 0.6918928007175983
0.038318031437103564 0.6912132115863374
0.03922986501043865 0.6904305757509643
0.04014228314113824 0.6897523947976705
0.04105922174153853 0.6888898337846239
0.04196398128161891 0.6883554926789625
0.04287735491634593 0.6876293287277856
0.043789044421004224 0.6868052048191097
0.04470596284916804 0.6861207222202803
0.04561938358187339 0.6853747623739084
0.04652458873633385 0.6846659742506276
0.047446521588643195 0.6839623377220025
0.04835521448108955 0.6832330197611161
0.049266508998927594 0.6823240091311177
0.05017966288658068 0.681691587607052
0.05109288860995408 0.6809524169844468
0.05200262299528475 0.6802188409051543
0.05291625475784965 0.6796435653797902
0.053828157652172824 0.6788342910088594
0.05474151950598929 0.678114146024744
0.05564962608965191 0.677430999629744
0.056563817996243326 0.6766593629227368
0.05747838189556085 0.676067540873034
0.05839027135528186 0.6752135017208885
0.05930247381850387 0.6744924048009714
0.060214768328638646 0.6738508504012265
0.06112905994375214 0.6731240375324727
0.062039961217331005 0.6724160882967963
0.06295134292446652 0.6717525183932218
0.06386544743861461 0.6708927062691609
0.06477347252744843 0.6702584906422362
0.06568506280265254 0.6695644275455979
0.06660038503551699 0.668800582419724
0.0675133940372839 0.6681790897598976
0.06842457922508899 0.6673007263249431
0.06933567436474883 0.666780685960663
0.07025207673764992 0.6657963433204098
0.07116082592722187 0.6652487318514111
0.0720752804679511 0.6643623507575871
0.07298737681449127 0.6638127439122857
0.07389737795284518 0.6629742211464421
0.07481619248567174 0.6623509804372842
0.07572352413615278 0.6616308202985275
0.07663053365037217 0.6608793228319233
0.07754699035873948 0.6601755214564997
0.07846095063316737 0.6594667264440076
0.07936989891882991 0.6585882680770788
0.08029748724190526 0.6580041018852573
0.081203389197055 0.6571919531591548
0.08211325354995641 0.6566046390548541
0.08302480154703912 0.6557945726928109
0.08393247732705168 0.6550145954580959
0.08485066417003496 0.6542739234675444
0.08576388333716375 0.6536323475586511
0.08667368552126321 0.6529675066576837
0.08758566018268098 0.6522249873116095
0.08849697304163698 0.6513571610389919
0.08941379644196205 0.6507061451104852
0.09031923161386889 0.6499816940626743
0.09124310843164868 0.6494017340984046
0.09215615820811832 0.6485519741903485
0.09306212827713978 0.6478339265490242
0.09396783063514008 0.6470153048172947
0.09489000158791475 0.646336836766696
0.0957958888673601 0.6457616273745878
0.09670771080628972 0.6450407554905605
0.09762750369177768 0.644299322538936
0.0985341824747977 0.6434804960860763
0.09943825696842777 0.642765005252128
0.10036285208158469 0.6420688299115691
0.10126901414735631 0.6413332809301882
0.1021813197880916 0.6406363631411502
0.10309269683984403 0.6398837418415012
0.10400715002635248 0.6391013420284604
0.10492006134430397 0.6383661984930475
0.10583768701666572 0.6377772664043299
0.10673715720260504 0.6370502402527696
0.10764671628704556 0.6362915931662384
0.10856610456649202 0.6356429264762847
0.1094834633282278 0.6347920378055888
0.11040088282953316 0.6341826501223278
0.11131018355253369 0.6335267422725017
0.11220583094271351 0.6326336810200036
0.11313580398701302 0.6319971931556376
0.11405568475466259 0.6312250628576083
0.1149646052234395 0.6305376055862363
0.11587504988210567 0.6298483585449323
0.11677738928943965 0.6291288329014516
0.11770149056816429 0.6285295181611615
0.11860257938576786 0.6277075027986635
0.11951909586304346 0.6270852395662307
0.12042943715254727 0.6262159118816344
0.12134489623358188 0.625600612839278
0.12225487790705339 0.6247099438767072
0.12315827637922497 0.6240749231228272
0.1240858513725732 0.6233234966765578
0.12499647521929422 0.6224868831652192
0.1259002100860781 0.6218293806265701
0.12681952802162152 0.6211110246281821
0.1277251553388081 0.6204934837543392
0.12864067182402453 0.6197852656306664
0.12954032684759864 0.6189225273856368
0.13045844992838693 0.6181394691168575
0.13136877337459457 0.6175195477374464
0.13228516941084717 0.6167672067942593
0.1332067419185366 0.6160967232531198
0.1341294976622382 0.6153944890355967
0.13502847827051867 0.6147014665221772
0.13594286943540812 0.6139358092823806
0.13686002915284382 0.613265084570261
0.13776916656618396 0.6124721722866117
0.13867336859924553 0.6118097456109872
0.13960108537911578 0.6112630386665688
0.14050670079311645 0.6104717488803071
0.1414187503624624 0.6096149174470628
0.14233025892389256 0.6089130073256269
0.1432225743952557 0.6081470303841158
0.14415721284143163 0.6073541254338148
0.14507017725704405 0.6067118308964567
0.14597552518277773 0.606029095661904
0.14689923093798302 0.605239010425058
0.14779658096043996 0.6046621936108746
0.1487121016003464 0.6037273109694814
0.14964116479495093 0.6031588947282874
0.15054398964482998 0.6024131860715526
0.1514556590862693 0.6016785789580826
0.15237375984049012 0.6010665127888402
0.15327726631845368 0.6002358365825523
0.15418789525531237 0.5994840829294019
0.15508891589028007 0.5987584321521207
0.1559970450462434 0.5981276818753196
0.15691748613814507 0.5973950726668236
0.15782640129852282 0.5965714665342978
0.15875656727468934 0.5960507672531915
0.1596635126719116 0.5950753504285173
0.16057287733100983 0.5945209572952269
0.16147321387796945 0.593851224020833
0.16239647926868694 0.5930092283362696
0.16332045412314783 0.5924152873052162
0.1642240897772682 0.5915472515348261
0.1651348805609593 0.5909411579841141
0.1660397557537393 0.5901491620349528
0.1669470598613721 0.5893913661088672
0.167862734232389 0.5887153237999311
0.16879608409690294 0.5880852145594805
0.16969726232752524 0.5873596256672501
0.17061286128047967 0.5865664075394683
0.17150937396997096 0.585920157581329
0.1724217227303372 0.5850636065787813
0.17334015182995063 0.5843666993708118
0.174272870845157 0.5836025151705732
0.17517469697383414 0.58291025188062
0.1760895577646652 0.5822219783960786
0.1770035455068308 0.5814492796049646
0.17790586507196904 0.5807591637844922
0.17881315933803477 0.5799983413442337
0.17974047062942422 0.5794050917970679
0.18063590075319427 0.5786274164607731
0.18157057399748028 0.5778677333282439
0.18248036694062292 0.57709146488056
0.18338673668462252 0.5764845546471611
0.1842989170324145 0.575724093426582
0.18519631016314128 0.575003851067652
0.18610670556348582 0.5743014663465614
0.1870357040103781 0.5735739371822001
0.18792513497675453 0.5728558636696355
0.18886162931190248 0.5720070280336045
0.18977371717096614 0.5714198642833124
0.1906703259949263 0.5707396434430647
0.1916061797746072 0.5699212773872582
0.1925116172106951 0.5691296580132482
0.19341175745217498 0.5685097041542563
0.19433707415998852 0.5677787373385536
0.19524208454197975 0.5670584101663122
0.19615103430832662 0.5662354206292527
0.1970659016782278 0.5656146882441605
0.19794461807796063 0.564855212389949
0.1988811624818348 0.5641180428793944
0.19980045372882826 0.5635391834773877
0.2006939978628293 0.5626688999581264
0.20162157238817485 0.5620102129147322
0.2025405040442681 0.5612601324783765
0.20345227707163943 0.5605259590575149
0.20438187649326225 0.5598273000779523
0.2052634429196855 0.5590854548286784
0.2061885159096788 0.5583814509561944
0.2070783164657196 0.5577538853432822
0.2080020885754151 0.556818465116018
0.20893376685518886 0.5561670234439143
0.20983387523739644 0.5554883565408292
0.21077090706089116 0.5547586686971069
0.21166924525227757 0.5540514323389275
0.2125754485984015 0.5533431238348134
0.21348940747823414 0.5526094514861669
0.2143827120564156 0.5519618757686277
0.21531960584681414 0.5511695626981484
0.21624210886934844 0.5505278716856931
0.21713898624427572 0.5497586582885968
0.21804109635683214 0.5490129530354952
0.21895213846887437 0.5482742453113488
0.21988046189019342 0.5475773461121376
0.22079725919160634 0.5469049135962682
0.22170931525735718 0.5461647327864303
0.22260433038595176 0.5454248689996386
0.22353428825241628 0.5446518038538067
0.22445541439742098 0.543945580197271
0.22533612647692972 0.5431956583508448
0.22625134476076766 0.5424786459410177
0.2271981845909058 0.5418039487439203
0.22809994603318567 0.541113306702173
0.2290053544159034 0.540429163280592
0.2299049427626161 0.5395810578351649
0.2308010181121151 0.5387996270968279
0.23175551282369625 0.5383191694421658
0.23265865165551358 0.5375602481384214
0.23354396218087375 0.5366437872083928
0.2344594608571605 0.536152636563984
0.2354040177269505 0.5353191700129408
0.2363002762669017 0.5346225924274444
0.2372012601293901 0.5338698235299594
0.2381396537262914 0.5331665352891563
0.23903979898909553 0.5324791902288026
0.23995247110841667 0.5316834140370169
0.24088423179834728 0.5310708311508328
0.24176136682167598 0.5303442040741431
0.2426838270487046 0.529537674627493
0.24360430232527405 0.5287562881408615
0.24450846821504252 0.5280141455251548
0.24541822756924173 0.5272846343993348
0.2463327851311888 0.5265475186893105
0.24724104106581532 0.526020098885891
0.24815772450026627 0.5251857510382925
0.2490775282141134 0.5244340641472153
0.2500031671312026 0.5238239773586393
0.2509079668007616 0.5230418301316301
0.25180956852370734 0.5224351047317759
0.2526983447254826 0.521607302258516
0.25362789746258396 0.5209232918809024
0.25456434619117135 0.520164957038263
0.2554709488945494 0.5194659151112148
0.25639305124765144 0.5187572723654481
0.2572844854768922 0.5180192946319879
0.2581867683168472 0.5172193860079866
0.25911555381696677 0.5165289941112878
0.26001252539868347 0.5157595407491312
0.26092952314848006 0.5151466651420427
0.26185717085113147 0.5144384039627853
0.26274575813999523 0.5136404933445101
0.2636604044382032 0.512860268424594
0.2645675905510836 0.512223695414332
0.26550405413319733 0.5114533444759153
0.2664124218724133 0.510832444161567
0.2673275129844481 0.5100046333977407
0.2682447593174698 0.5093812923602478
0.2691430319145272 0.5086559236080802
0.2700512702351915 0.5079667587596604
0.27095163200508826 0.5071524152570642
0.2718993877119117 0.5064191505305613
0.2727939484257737 0.5057534815912087
0.27369475187649633 0.5050014655462594
0.2745784079305652 0.5041398767023175
0.2755171947496501 0.5036736886553382
0.2764422767684902 0.5028069308249873
0.2773366955686204 0.5020944767288061
0.2782767182499182 0.501434551403594
0.27919141149714394 0.5006439143425636
0.28011350586576345 0.49990476818598195
0.280990056007305 0.4992513961738673
0.28190950962707 0.49847089807864575
0.2828214609145842 0.49780665616434927
0.28377402950640723 0.49711225836621015
0.28468000129933396 0.4963277753812511
0.28558065994736304 0.4956507473796883
0.2864976033510731 0.49497597157886275
0.28739479456004935 0.4942096838452916
0.28828713729046057 0.49351320236896257
0.28921939184230566 0.49270412090885896
0.2901341414460984 0.4920308873605453
0.29103799844081074 0.49129645380625153
0.2919509608129871 0.4905493456813512
0.29288137446583706 0.489885748488172
0.29379449149844356 0.48909345315651
0.2947035779797364 0.4883546163439354
0.2955938194956153 0.48772135791703697
0.2965099784397459 0.48693272296943946
0.29743423466864655 0.48618983984041897
0.2983221314883247 0.485566117670449
0.2992415106647399 0.4848211452443754
0.30016072618516626 0.4841023473106583
0.30108448738837107 0.48340764735105773
0.30199052688577444 0.4827201659260958
0.3029154498063072 0.481903524201191
0.30379714685316067 0.4811911082546079
0.3047040112905092 0.48059999774388784
0.3056435636758473 0.47982506870985436
0.3065654357983644 0.4789408832760781
0.3075008407863735 0.4783676311379349
0.3083918597734259 0.4775933920476836
0.3093039363603563 0.4768702263404027
0.31019257088980307 0.4760457712379558
0.31111769635361936 0.4754698079206737
0.31201760200546436 0.47462348102142704
0.3129446112626938 0.47407178639188474
0.31386552473267204 0.4732185319583072
0.31476733089903547 0.4726005000467698
0.3156881184242671 0.4717253631849213
0.3165928696304262 0.4711899360671846
0.31751182643591946 0.470337443744707
0.3184263416594853 0.4696421255920994
0.3193274222137129 0.4690126619983504
0.32027057303204237 0.4682504766561454
0.3211007134063872 0.46743491302365137
0.3220677112591066 0.46677383769799485
0.32295532719781367 0.4660127254822726
0.32385394193355727 0.46529850804751105
0.32480985626309455 0.4645996668853118
0.32571482010216757 0.4639112601346493
0.3266308505576344 0.46315771684915524
0.3275274931001658 0.46243888101877495
0.3284419931088 0.46173973130050827
0.32936147492848233 0.461046787579685
0.3302604022582393 0.46028997751703854
0.33115310135160886 0.45948176938570107
0.332072878121992 0.45885163055178824
0.3330177417990162 0.45818351523123474
0.33391294689737383 0.45743068890917904
0.33484368866587183 0.45664169389621995
0.3357239362993015 0.45600915856189234
0.3366422963075485 0.4552363504691206
0.337569438775967 0.45443880531671693
0.3384915338367328 0.4538130872315692
0.33939622966150446 0.45313063513865054
0.3403046448241269 0.4523391977347974
0.3412085345832133 0.45161588230651584
0.3421278546562914 0.45091256202621993
0.3430187631567131 0.4501862901969696
0.34395170570195843 0.44948356822772695
0.34485218641982035 0.44876912228286203
0.3458070057642093 0.4478973237387486
0.34668154727923695 0.4473584579107743
0.34762617902096066 0.446607354698484
0.3484967513207562 0.445810444156948
0.3494088539127122 0.44515127924977205
0.35034687878246484 0.4443498853317371
0.3512291518750874 0.44362832996898066
0.35218313954276476 0.4429549912675738
0.3530802275841568 0.44228575131664255
0.3539977297732921 0.4415220811621068
0.3549092571420134 0.4408645767791524
0.35581164711316576 0.44012541179604425
0.3567413979875242 0.43940300690399003
0.35763839711758877 0.43859681271479134
0.3585595290066457 0.43796316183010886
0.35947851474655007 0.437241872303548
0.3603586070667479 0.43652521466911426
0.36128861676977797 0.43579274232444776
0.3621804735423385 0.4350046257762486
0.363124995617114 0.4342904627513472
0.36404586392555366 0.43368343780906027
0.36490989538584573 0.43291675374419425
0.3658272161869098 0.4321462171610923
0.36675287467311146 0.43143962338065395
0.3676753361580806 0.43069969692314813
0.368592404942107 0.43000594027172745
0.369494921939807 0.42918001648747
0.3704383410442171 0.4284910160754948
0.3713183548652019 0.42783055169823075
0.3722445867480215 0.4270870269868985
0.3731500709426249 0.42630250718596124
0.37407072879468395 0.4256176024844135
0.37498510459331896 0.4248686205242321
0.37590926558147675 0.42423353079036535
0.3768094386827712 0.4235025540833614
0.3777031233163999 0.4227336869274668
0.3786330600988265 0.42204737779397294
0.37956254529354505 0.42133862268455946
0.3804553010025273 0.42061420955036266
0.38140368684097004 0.4198756411896213
0.38226857791836266 0.4192311052106254
0.3831943052226397 0.41842380790390915
0.38410177547613034 0.41775623053011407
0.3850123896867261 0.4170178862684684
0.3859098871128635 0.41630164797287167
0.3868061202365299 0.4155683220587639
0.38774304759528005 0.4148234266249659
0.3886338049258759 0.41419440200196184
0.38958532631357856 0.41338667809915525
0.3904697894101985 0.4125904745269703
0.3913974410932957 0.4119073769901481
0.3923027938726989 0.41120183463178633
0.39322746005231984 0.41053148546416623
0.39415209882620583 0.4098496905174648
0.39507545493553126 0.4091057542717842
0.39596263571030454 0.40832556939935166
0.3968873579492307 0.4075851461682376
0.3977760378173291 0.40695136631214923
0.39868207066051686 0.4061539359430264
0.39963726136756583 0.40544191163596655
0.4005165007901861 0.40474490462521656
0.40149685684618786 0.40399540501548453
0.40233541006014073 0.4033230453143108
0.4032707917522522 0.4025439672973181
0.4041742091923857 0.40190022834486083
0.4050907336324453 0.40110070172596385
0.4059543568862133 0.40033770011548137
0.4069263524072981 0.39970857775836505
0.4078164515237169 0.3989634697462674
0.4087227603623394 0.3982515352967771
0.40963164398690627 0.39744399125026625
0.4105365778581094 0.3967780483568803
0.41142439620235455 0.3960466142640369
0.4123955513145819 0.3953815279166099
0.4133326553298907 0.3945921471760309
0.41418921844303513 0.39391084090676776
0.4151225211741882 0.39318915481545713
0.4160221387568002 0.39241949198248083
0.4169647042583799 0.3916543025572633
0.41787142142053313 0.3910654339393569
0.41878645406028864 0.39025967796892586
0.419667750021696 0.3896437511771699
0.4205677612444134 0.38899498997796306
0.4215069036919973 0.38814502754318836
0.42241456219500756 0.38740170985223643
0.42332304186444847 0.38665024583265395
0.42424182184511716 0.3859829392374146
0.4251508064788536 0.38520384603971414
0.4260531084235546 0.38459927738909067
0.4269735631755514 0.38383739817406665
0.4279269638233629 0.3830956965424682
0.42884143108988737 0.3824515688179262
0.4297167251325282 0.38158002228698684
0.4306359620509818 0.3809602398229941
0.43152831726220514 0.3801278350605366
0.43246156607561265 0.3794922230278951
0.4333442565400889 0.37878429734849456
0.43429697418196067 0.37807133350125804
0.43519193004987017 0.37737962521770946
0.43613665063193696 0.37652235440165915
0.4370225179833719 0.3758702567783069
0.43794139046658326 0.3751896240473535
0.43887023920513535 0.37447575428307045
0.4397449182686818 0.3736813462401041
0.44066824306845676 0.3730323341576511
0.44157643679119507 0.37223806945739857
0.44248775334202356 0.37155726965758223
0.4433372623548667 0.3708432504145359
0.44433724782125683 0.37009032868672764
0.44520826620771925 0.36939114715430377
0.4461321652001164 0.36863869245858194
0.44705028819094805 0.3679137510927766
0.4479755348251125 0.36727412269240695
0.4488399762033386 0.36649222626576117
0.4497645738014087 0.36575245509830306
0.450700641270114 0.36500569565232266
0.45161768485397313 0.3643037482125428
0.45251898827543663 0.3635046383775074
0.45344477706943415 0.36287195303158964
0.45433956769575756 0.3621029473643102
0.45526292042400823 0.36144088167682126
0.4561363072723806 0.3607891225149957
0.4571195290625661 0.3600226314602312
0.45798853390568584 0.3592222907289464
0.45892818316533907 0.3585411204503019
0.45984543364221697 0.35781818020708117
0.4607442191085034 0.35711667954484216
0.4616588885128847 0.35643648281863693
0.4625841089648015 0.35568921289621325
0.4634569767850839 0.3550146490639401
0.4643786223806744 0.35422894517609566
0.465306649565336 0.353533336939893
0.46620778285747944 0.35275191803398537
0.4671075087253367 0.35204493433793976
0.46805389137480663 0.3513901138048094
0.46892960962734803 0.3506092930207017
0.46986512583306994 0.34991209723879757
0.4707792074873224 0.349171893949225
0.47169830314336963 0.34840826082877024
0.4726187300552217 0.34775226432758516
0.4735177139374793 0.34694985187813204
0.4743918167183726 0.3463822557353052
0.4753346732459822 0.3455445508433085
0.47621152223670965 0.34493195851569375
0.4771189720239895 0.344039118997969
0.478108925799469 0.3434834158124006
0.4789674717137043 0.3426844157026593
0.47986918280082924 0.3419697643984882
0.48081053709299154 0.3412525631418481
0.48173861146377095 0.3405555698152588
0.48261155331473626 0.3397757760245936
0.48357676012242107 0.339002839331791
0.48446968731641327 0.33833917656434076
0.48538912686680136 0.337602624286771
0.48626613728150964 0.33694577774244727
0.48720287219777164 0.33616706396095325
0.48809646440139015 0.3354712614506639
0.48899312201383577 0.33473017783418735
0.489924333176571 0.33407127734678677
0.49084897189551896 0.3333134796193744
0.4916910243449734 0.332555410227844
0.4926933453429159 0.33188496459236216
0.49354761638391437 0.3311583978244495
0.49449073713238256 0.33048813058997095
0.4954315203992663 0.3297077100119126
0.49633465626774825 0.32901446132417805
0.497225059949487 0.32824145284839995
0.4981253091318982 0.32753660717164
0.4990743280201535 0.32687097243102614
0.49986871925886667 0.3261036601760538
0.5009033459231117 0.3253391219284339
0.5017819098043977 0.32470727990170917
0.5027121194518812 0.323969059133921
0.5036363694195769 0.32319904608302524
0.504535580549951 0.3224654891929104
0.5054653413083136 0.3217791460088036
0.5063993495893981 0.3210350558341476
0.5072957621308777 0.32034889425010793
0.508196347625793 0.3195908471571218
0.5091567474836927 0.31885671810756344
0.509983814137054 0.31816495908182296
0.5109254807187424 0.31746860880749306
0.5118899847915032 0.3167567093372224
0.512724154375816 0.3159770030515697
0.5136431862601302 0.31525618931486116
0.514579979791937 0.3145532829421732
0.5154833162647846 0.3138750316161289
0.5163966229671538 0.3130998828769226
0.5173211517500476 0.31244758564480984
0.5182500002083372 0.3116641307179146
0.5191207704782003 0.3109049835925894
0.5200239003836592 0.3102486210417243
0.5209504065059213 0.30953197081747896
0.5218501986087253 0.3087669312299626
0.5227453916878286 0.30807926293062693
0.5236422087641691 0.30730118664570955
0.524617251502167 0.30663831423821114
0.525523674598345 0.30594655187576025
0.5264197860362828 0.30514804630451403
0.5273282369550997 0.30450861660099154
0.5282438405361685 0.3037346103938365
0.5291240362741014 0.30299890301862875
0.5300903561022726 0.3022704088095412
0.5310106047700155 0.3016288114084842
0.5319405544441316 0.30085508650163534
0.5328027495482067 0.30011950631532697
0.5337168589423898 0.29942633503772814
0.5346311875949538 0.2986737375118662
0.5355766018837451 0.29800801842111013
0.5364959608517119 0.2972969260984765
0.5373786480771985 0.2965223594639325
0.5383750337089124 0.2957719235941799
0.539179426449783 0.29515053721330425
0.5400982218133612 0.2943801139415576
0.5410353304606661 0.2936085581172939
0.5419294104683322 0.29291498015423406
0.5428101283573669 0.2922343154665358
0.543740864776425 0.2915010235083561
0.5446969890407367 0.29077004212980745
0.5456082685253935 0.2900633895734748
0.5464689909338599 0.2892934592239466
0.5473823088523239 0.2886134299412106
0.54828955408569 0.28785925779991595
0.5491834679351955 0.2870661871809092
0.5501328962543435 0.28637157179878053
0.5510667745008727 0.28570843463959295
0.5519836548217758 0.28500928082257276
0.55285977305463 0.28427036761615554
0.5537688840246725 0.2835699112635122
0.5546957332492127 0.28283447076524815
0.5555920606257664 0.28207111245924954
0.5565481975884904 0.28133719783676514
0.5574132016905973 0.2806539706133488
0.5583468231377311 0.279972415820866
0.5592957480553196 0.2792175472858808
0.5601419479527315 0.27851024541497704
0.5610836065070169 0.27773800303120194
0.5619644394731194 0.27706511991237764
0.5629557620645971 0.27631945267085106
0.5638539607828452 0.2756692705298033
0.5647337977551518 0.2748413898220357
0.5656695271746581 0.2742014934698344
0.566569562486582 0.27344431417963383
0.5674771671744329 0.27269838298095794
0.568403916981918 0.2719352630146215
0.5693258146429331 0.27124519244302414
0.5702003415374693 0.2705582589232328
0.5710560457819365 0.26981286062834303
0.5720035780892172 0.26909509640765805
0.5729159410711236 0.26833634410999135
0.5738927915409513 0.26766737694603393
0.5748058286280943 0.26693020028665115
0.5756597395034547 0.26626616046710777
0.5765809339488045 0.26551525038318
0.5775176528853828 0.2647694245957931
0.5784651467623667 0.2640179199613682
0.579362534707628 0.26332741633938295
0.5803389319399979 0.26262656476272334
0.5811283118337826 0.26187721801467556
0.582054434632814 0.26120630049054866
0.582995280877394 0.26044291900137045
0.5839004029866812 0.2597076358514428
0.5848766410504564 0.25895949361349974
0.5857196410862534 0.2582614813525377
0.5866736348996618 0.2575291898893996
0.5875480888881878 0.25685861912991464
0.588469418634634 0.2561545174464171
0.5894200612809196 0.25544345034974447
0.590287298597316 0.254660581820953
0.5911947508238727 0.2539258985182311
0.5921127169796313 0.2532154665538851
0.5930164117784839 0.252492986392939
0.5938622759815594 0.2518295891714313
0.5948113789905297 0.2510884310358839
0.5957523156413784 0.25033649748402537
0.5967143647366218 0.24960789874393158
0.5975616333019643 0.2488753109346572
0.5985025960438681 0.24816729211127925
0.5994761756913425 0.24745424118125225
0.600355990140907 0.2467525101543782
0.6012028776610461 0.24605009629604666
0.6021315682022746 0.245323679866548
0.6030762236730789 0.24457005189675604
0.6039443236282485 0.24382965107012217
0.6049252080816688 0.24309839053311538
0.6058089494465965 0.24238296346145835
0.6066752417594685 0.24169857967060074
0.6076371944700496 0.2409435787250932
0.6085476687528704 0.2402781710489947
0.6094839843233718 0.23956236191374403
0.6103887960018577 0.23883993841477313
0.6112770098886212 0.2380722861130534
0.6121710890419068 0.2373662517485009
0.6130986775222574 0.2366404598339205
0.6139890101368769 0.23595986619835363
0.61498305613166 0.23517860632675153
0.6158222656369903 0.23449171526717535
0.6167723416891354 0.2337605517577013
0.6176986898261962 0.23297808170412382
0.6186210778425627 0.23230409902220014
0.6194371798775957 0.23156074405939195
0.6204026661952328 0.2308508219484459
0.6212885920997285 0.2301586190456153
0.6222734277853509 0.22945261908203998
0.6231735192182798 0.22872700296469842
0.6241012931636224 0.22798632250113054
0.6250017585193215 0.2272670043387035
0.6258147399684678 0.22655098698220655
0.626761016889179 0.22581497136517537
0.6277325592095646 0.22505247682028942
0.6286515100179035 0.22435912424761278
0.6295416006010418 0.22363979363112263
0.6304617916775361 0.2229112699517776
0.6313368346641137 0.22219253150581955
0.6322999878343324 0.22149133911689595
0.6331414589578591 0.22074241593295374
0.6340969064525123 0.2200672519817384
0.634981197274353 0.21928496937919062
0.6359342231655792 0.21860599511212214
0.6368062530003089 0.21785733823905873
0.637703093057478 0.21715611822634243
0.6386131394377131 0.2163937647670512
0.6395673375914557 0.21573541898522444
0.6404300438413464 0.21495317139041104
0.6413252425796566 0.2142723991557193
0.6422970304600523 0.21353006837443483
0.6431759784012537 0.2128027070717527
0.6440886735792138 0.21210269999950465
0.6450139910736241 0.21133463481745654
0.6459506762059861 0.21067233491778922
0.6469186666996545 0.20996292267736677
0.647709588659307 0.20921837010832156
0.648723679944394 0.2085291796486199
0.6495951186143019 0.20777190953633085
0.6505078678564679 0.20706426226259006
0.6513902174859436 0.20637997256498314
0.6523436394333822 0.205630435139415
0.6532544247834042 0.20487698342704377
0.6540851116461359 0.20415018146819702
0.6550463699401698 0.2034962399184666
0.6560430198014041 0.20273988782320074
0.6569037248007048 0.20202684376825536
0.657763099431979 0.20128763919514836
0.6586960839992282 0.2005654993071179
0.659650399004229 0.19980420750797412
0.6605595452408926 0.19910686664053537
0.6614713423304396 0.1984112336035961
0.6623725420033486 0.19771105203539044
0.6632378030604344 0.19694602419946153
0.6641640035281271 0.19618864884523055
0.6651173275927517 0.1955819402411353
0.6659729465474427 0.19480272111193714
0.6669480030750882 0.19405233566700172
0.6678731858990695 0.19336883158605617
0.6687761998591549 0.19260839632692314
0.6696416725406703 0.19190684148462334
0.6705598726061522 0.19118508484034086
0.6714734938454504 0.190472213496901
0.6723917915287937 0.1897593068322166
0.6733394766231344 0.18899946638294035
0.6741983443379288 0.18828486474855677
0.6751553077752489 0.1875361878939347
0.6760918007398383 0.18680761414173935
0.6769669748594251 0.1861276877812102
0.677848251864583 0.18541961341071003
0.6787205960034339 0.18469880376597486
0.6797358229289077 0.18396661047906554
0.6806017538741599 0.18323343891733818
0.6815286514697321 0.1825376205359076
0.6824480719192714 0.1818195816451486
0.6833874155463258 0.1810654480215808
0.6842304168895705 0.1803592171347278
0.6851391230212348 0.17963309761015914
0.6860779425547862 0.1789403081805055
0.6869722916747215 0.17817718996508025
0.6879097064493254 0.1774686184481924
0.6888501977309254 0.17675506029740784
0.6898621059218456 0.17604372399461732
0.6906425784191172 0.175313239604558
0.6915485251806055 0.17456381230707257
0.6924493153919584 0.17386609739995354
0.6933454773495195 0.17311651959751279
0.6942944079645066 0.17243755722409093
0.6952150564440119 0.17169950797800557
0.6961172270735183 0.17096248238330133
0.6970177083123598 0.170254999058959
0.6978869286188544 0.16953213900767133
0.6988581805342687 0.16884397318043917
0.6997851464841907 0.1680826497834804
0.7007199984218475 0.1673615810227624
0.7016130990523392 0.16666780481243607
0.702497794301493 0.16590930485928732
0.7033826613540967 0.16518976563842055
0.7043210533248544 0.16449789055799846
0.7052520044335355 0.1637524039939236
0.7061504428122846 0.16306580816920702
0.7070584938518124 0.16231687699454522
0.7079183349115803 0.1616140855388586
0.7088782087873 0.16090420328745916
0.7098660718594337 0.1601676156908856
0.7107249135743829 0.15942628070265533
0.7116385768230158 0.15872507811948627
0.7125653426398203 0.1580050872085009
0.7134258972058537 0.15725573188410616
0.7143510461801804 0.15656701032012196
0.7152821504238973 0.15583718839345012
0.7161990871329855 0.15510766844364293
0.7171208754908318 0.15438232858031153
0.7180608269929073 0.1536841770212509
0.7189354478770725 0.1529324087925629
0.7198736230089987 0.15223262714244545
0.7207314768752635 0.1514899230109794
0.7217214623094641 0.1507837115485479
0.722569444781225 0.1500411965905038
0.7235054730387048 0.1493428090781578
0.7244117420366195 0.148603310144686
0.7253765431610132 0.1478996125684168
0.7262140777713306 0.14719903645741975
0.7271212483791123 0.14642385358577406
0.7280907351691971 0.14571560467908815
0.7289686697913629 0.1449812230576529
0.729957105910632 0.14430273050087844
0.7307924540334386 0.14356248233262636
0.7317546730869167 0.14287498839179838
0.7326342658888877 0.14213561912991307
0.7335352666335839 0.141414831039453
0.7344262555111869 0.14066227223814834
0.7354481465559909 0.13996807296774683
0.7362522518055209 0.13923329795457084
0.7370739445084548 0.13851130505339862
0.7380789367894798 0.13778107443011806
0.7390177303042663 0.13707659342855633
0.7399403019805446 0.13634982808834398
0.7408154157850546 0.13563577500001744
0.7417996978327424 0.13488289832513764
0.7426709543070891 0.13418490297391447
0.7435683162607977 0.13346326465205477
0.7444794931500208 0.13273737141328784
0.7453921351435274 0.13201945108628277
0.7463002713124782 0.1312928760463327
0.7472003963751613 0.13057688902159612
0.7480960069139037 0.12984284229525833
0.7489880239672397 0.12914209360329718
0.7499588711669752 0.12841452339074277
0.7509363555963348 0.1277094520108309
0.7517868818108967 0.12696948984947531
0.7526336151265053 0.12624447734951347
0.7535778973348606 0.1255412302883019
0.7544726650824044 0.124788732006501
0.7554456527226472 0.12407347629511022
0.7564115670736705 0.12335711433787197
0.7572229750413819 0.12263849593829697
0.7582120611536625 0.12193643289716957
0.7590340403102002 0.12120849924461762
0.7600492309850546 0.12050585944006358
0.7609378904137518 0.11976861529159241
0.7618391163639202 0.11904873665722611
0.7627330978297399 0.11832036784417625
0.7636677925594827 0.11760271833456128
0.7645661692315723 0.11688735981609971
0.7654934809960635 0.11615688952868466
0.7663135476583288 0.1154282308055363
0.7673250114454518 0.11472025994120333
0.7682762016506134 0.11398118312257279
0.7691763438857454 0.11329230216830478
0.7699982724781747 0.11254300119968666
0.7709565253768608 0.11182621808414653
0.7718613482837626 0.11110429463403992
0.7727881929895598 0.1104026250892347
0.7736805039096658 0.10965803822459746
0.7745597114154863 0.10894406354688822
0.7754636899754124 0.10821112325777188
0.7764688413301456 0.10749566096628184
0.7772435259551935 0.10676524180975615
0.778269454010429 0.10605196315428103
0.7791499349494977 0.10532298753247014
0.7800392746172882 0.10461814155861585
0.7810340247865004 0.10389565003200593
0.7818606551611458 0.10316226468498554
0.7828230440904373 0.10243439210818474
0.7837789458846235 0.10172476955094786
0.7846492502328065 0.10100237211045894
0.7855113725523406 0.10026223551072956
0.7864739093412056 0.0995569395642967
0.7873713999849443 0.09884113488422334
0.788341414655107 0.098130592122162
0.7891796541670039 0.09739219981319877
0.7900307263511073 0.09668894345300656
0.7910217479861746 0.09594694987633338
0.7918863249364522 0.09521663101363907
0.7928165346616125 0.09451930424475215
0.7936591664410587 0.0937683220511492
0.7946179046975324 0.0930728077114926
0.7955205220999596 0.0923566423952033
0.796456858533778 0.09162209102270684
0.7974370859376344 0.09091349767843362
0.7982624230377053 0.09016657142588147
0.7991890580153985 0.08946166879122558
0.8000617398942438 0.0887348709294526
0.8010576499898259 0.08801352487821677
0.8019569877030015 0.08728880012962656
0.8028767257151789 0.08656802565503807
0.8037870053499165 0.08585452956819145
0.804727183820992 0.08512008239068966
0.8055453973886102 0.08439553486816531
0.8065398576570023 0.0836940604819475
0.8074079263750019 0.08296673592761271
0.8082734457167347 0.08225174627731441
0.8092616135774899 0.08152502566839989
0.81018356650717 0.08080246920443022
0.8111088537620016 0.08008107010076294
0.811970907455331 0.07935518686155002
0.8129852425979116 0.07862727715551597
0.8138639478504903 0.07793603924908758
0.8147368278287237 0.0772095480215116
0.8156323661745472 0.07647994393553557
0.816542003015539 0.07574595313986579
0.8174656964680441 0.0750279614827117
0.8184255281894116 0.07429868858411783
0.8192126884643429 0.07359301709259598
0.8202160251145472 0.07285953904543382
0.8210883160839478 0.07215535070844668
0.8220815233698884 0.07142920853219949
0.8229515524219071 0.07069072697743736
0.8237622195777521 0.0699778247358031
0.82478615809317 0.06927617620906602
0.8257411173959422 0.06852955895152071
0.8266929821538272 0.06783399001200743
0.8274870187550952 0.06708583948369023
0.8283588497466058 0.0663578079893986
0.8293180358795433 0.06565836744518429
0.8302505580149826 0.06492437824143693
0.8312247609941126 0.06421369385159192
0.8320234170725467 0.06349661669284984
0.8329943694443119 0.06276053535956941
0.8339475864170821 0.06204033559675269
0.8348465778637236 0.0613203945691456
0.8357071114128692 0.06060042722752719
0.8365175393145118 0.059884881799279976
0.8374484276729052 0.059157739310538165
0.8384995571581495 0.05842646851980918
0.8393456210903911 0.05771740439087531
0.8403655885119249 0.05699354837122696
0.841255075104788 0.05627539163656014
0.842093072347364 0.05555354559799498
0.8430297712437013 0.054835122027492016
0.8438369125870376 0.05409980641598025
0.8447588026525609 0.05338923666357348
0.8457666126941459 0.052659602662554386
0.8465720300210804 0.051936707944722785
0.8475703267065828 0.051220927547248364
0.8485224957689596 0.050492287290483856
0.8494092448682854 0.049780732791868176
0.8503558768461139 0.04905154566926383
0.8512278242971949 0.04833872221093504
0.852101515499116 0.047612716586704226
0.8530250622862531 0.046894807718626225
0.8539667519891225 0.04617155697826185
0.8548249653164955 0.0454466061118131
0.8557578027253817 0.04472968728191955
0.8566310984188141 0.04401348615402438
0.8575780574462881 0.043279093097032054
0.8584070026488241 0.04255946937586903
0.8594712293447883 0.041853048297581304
0.8603637314752425 0.041120166896930675
0.8612428355864489 0.04039718448628886
0.8621742649869676 0.03968026431204818
0.863117299646851 0.03895329584640776
0.8640117083773198 0.03824167922707046
0.8649173682515715 0.03751590530859066
0.8658440727102888 0.03678814517292327
0.8667070385497546 0.036081729703498426
0.8676756043479139 0.03535798054712807
0.8685045271377922 0.034632352338571704
0.869501921173277 0.03390806518310207
0.8704624303367647 0.033185514804292285
0.8713429936171441 0.032466922905882045
0.8721860113203963 0.03174652773569304
0.8731512299088067 0.03102300254495689
0.87399193985487 0.03030075419627789
0.8749463036537097 0.02957665277157114
0.8758708339807287 0.02886207407828382
0.8767797615129849 0.02813467821189906
0.8776534780893016 0.02741515888174871
0.878552094698005 0.02669387074892603
0.8794905905984393 0.02596895874804664
0.880433503320917 0.025250153378626797
0.8813257515016301 0.024529202719612554
0.882268722153364 0.023805559969010313
0.883171200415548 0.023083709245833972
0.884114904943777 0.02236417641161493
0.8849388173253272 0.02163993144085628
0.8857760184848734 0.020924762710832198
0.8868447366130819 0.020202456958203368
0.8876682296759074 0.019476075290879073
0.8885408602517576 0.018755679361587167
0.8895352858065202 0.018036020592345565
0.8905052390955098 0.017315177945426537
0.8914238368980173 0.016594767230563485
0.8922871374074283 0.01587203014941906
0.8931593985191933 0.015151950927806294
0.8940032037010324 0.01442854354912488
0.8950044313260612 0.013708842698046838
0.8959648408125991 0.012987956388382401
0.8968646940357884 0.012265835898125764
0.8978044629598675 0.011542815169626124
0.8987162018576684 0.010820078643876158
0.8995447147806638 0.01010195117497317
0.9004835568508365 0.009379665439062285
0.9015132575471383 0.008658067958796796
0.9023505002358945 0.00793682603909266
0.9032530998738951 0.007214603467231301
0.9041569659601966 0.006492173031208038
0.905068200002659 0.0057722511515429925
0.9059525609063467 0.005050695560427942
0.9068832353664157 0.004328348467533779
0.9077388511971534 0.0036079400644537843
0.9086371087090124 0.002886628765891638
0.9096726630594828 0.0021641771617214286
0.9104821379141169 0.0014428946231396383
0.9115366877957459 0.0007214026409800782
