#C1_inf,C2_inf
0.0 0.721532504594188
0.0009123507875754324 0.7206268074193037
0.0018247259907277517 0.7199162785210719
0.002737042543061354 0.7192627337967638
0.003649761852272533 0.7186197581130421
0.004562004944986462 0.717820508131252
0.0054743323879044604 0.7170521743446301
0.0063858370928540145 0.7164295626941676
0.007298326173422508 0.7156616535343113
0.008210961612386276 0.7150303297160013
0.009123222196157122 0.714316597046316
0.01003645744332481 0.713346531144697
0.010947434822377148 0.7128097878495127
0.011861236899009501 0.7119417678777352
0.01277170467006177 0.7113387915126399
0.0136859885433686 0.7107866769146011
0.014596698115981665 0.7098806335920612
0.015509955623870636 0.7091748778941952
0.01642262175825082 0.7084346975654621
0.017333895243061836 0.7076308592881063
0.018248648308862393 0.7070521342057936
0.019159674096270125 0.7063229330209104
0.020070271249253382 0.7056717086211689
0.020983390450692436 0.7048793563874465
0.021898789643634606 0.7040906145592587
0.02280749929112837 0.703478928320224
0.023721064747122374 0.7027541183952047
0.024633284242627132 0.7020087539049646
0.025547586999117158 0.7012555228571515
0.02645936718823928 0.7006548492368133
0.02736956041688137 0.6998186569173789
0.02828543753831494 0.6989568296020484
0.029196025581389954 0.6983434871592044
0.030107336206221965 0.6976395689084383
0.031022262990901044 0.696800860886156
0.031932694332392646 0.6963153916886513
0.032843340068204996 0.6954211258204122
0.03376013175161167 0.6948200216927113
0.034669968765414616 0.6940738957638498
0.03558115880588037 0.693320031619091
0.03649693132642981 0.6927740343494653
0.03740512052298506 0.6919021783915339
0.03831638731486402 0.6912081355517279
0.039230775245437804 0.690484377861304
0.04014146199980271 0.6897363778354331
0.04105574379825993 0.6889739613641395
0.0419695666424787 0.6882827833214826
0.04287823595875916 0.687504328549006
0.043791080668922205 0.6867136841118854
0.04470739127944832 0.6861604456653558
0.04562326426747724 0.6853924333880689
0.04653047157483977 0.6847430567663101
0.04744347196362143 0.6839726052167637
0.04835713145726552 0.6831852235903114
0.049268659763398975 0.682425116796983
0.05017793926851912 0.6816868069771599
0.05108619534880786 0.6810248267265748
0.052004329871342084 0.680192546270205
0.052916011272169855 0.6795309658515343
0.053831762967207014 0.678739609396399
0.054737494163710265 0.6781883210911805
0.055653511193415904 0.6773482424615059
0.05655810828499362 0.6765550240343371
0.05747788543920726 0.6759517614831747
0.058393654254796035 0.675276857606637
0.059300457109876366 0.6745601254107007
0.06021419586623333 0.6737945497150623
0.061130239303661585 0.6730969968124166
0.06203908196579478 0.6723384742575255
0.06295091770413279 0.6716645039955049
0.06386281405510043 0.6709062370200745
0.06477757893369852 0.6702277060216236
0.0656869928497455 0.6695296559005168
0.06660116684452692 0.6688011812720601
0.06752201274386793 0.6680825665347825
0.06841836322823003 0.6673653393074361
0.06933919130444728 0.6665424504553136
0.07024144258041705 0.6659748470515594
0.0711639501830952 0.6651986715279904
0.07207740375225144 0.6644413427651922
0.07298848183140559 0.6638101971459281
0.07389527645659234 0.6630166248632416
0.07481598045386641 0.6623735827496441
0.07572112364563975 0.6615352470648728
0.07664400126630201 0.6607936708921804
0.07754210663504287 0.660159323337124
0.07846414834618021 0.6594139629784914
0.07937561652521313 0.6587602201233245
0.08029523330173817 0.6580134291450382
0.0812005702411925 0.6572842458140205
0.08212357623871323 0.6564970511793703
0.08303125455677594 0.6558678691067551
0.08393565608189547 0.6550297951983075
0.08485424198262714 0.6543502447707288
0.08576436071482953 0.6536478569707067
0.08667485209036578 0.6528672493960974
0.08758272676931472 0.6520160804148898
0.08850363338302936 0.6514412103972879
0.08940544021148626 0.6506091479561301
0.09032313734234138 0.6500540614260888
0.09123899273760668 0.6492513151503341
0.09215654728774807 0.6485471751569863
0.09305956897309073 0.6479299228071927
0.09397408522965352 0.6471670396635658
0.09487931308841296 0.646432535972529
0.0958026193531788 0.6457588829161353
0.0967108705441934 0.6449827306318784
0.09762487347155793 0.644286923425396
0.09853076312471146 0.6435864766880305
0.09945054745074182 0.6428472726832833
0.10036123315784237 0.6420547448478191
0.10127086312291719 0.6412795547662734
0.1021750812310581 0.6406681293259993
0.10308822497583142 0.639938923771047
0.10400286424421203 0.6392240914106925
0.10491520691119537 0.6384417889386043
0.10583323213266287 0.6377649619885115
0.10673505583944556 0.6370639231805049
0.10765093807557469 0.6363133253932161
0.10857226000081477 0.635474787253148
0.10948248835335918 0.6348584538036133
0.1103932022752003 0.6340939087524337
0.11130979260579407 0.633469070723941
0.11221407581016217 0.6328577317702195
0.11312776532021697 0.6319884515790707
0.11404167441526288 0.6313073454649711
0.11493677821622691 0.6305372863230277
0.11587191639281527 0.6298535018838439
0.11677695717144985 0.6290745022002948
0.11769674888957507 0.6285303006260531
0.11860027316909692 0.6275897629966407
0.11951694444380029 0.6269214910898614
0.12043348384106702 0.6262739051533489
0.12133472746506167 0.625402608182995
0.1222575585015996 0.6248507040659013
0.1231679782928102 0.624032271801519
0.1240823898734538 0.6233175149351916
0.12497623219867152 0.6225754056393796
0.12589900849797078 0.6219789469389796
0.1268283433779812 0.6210361552968428
0.1277363448579638 0.6204284702251944
0.12864532528514866 0.619738498482008
0.12955536693762987 0.6190630551698593
0.13046934329777304 0.6182136159816408
0.13138206107617006 0.6175125147365745
0.13229942076912007 0.6169064449125073
0.133206614323155 0.6161267941430842
0.13410876993364054 0.615438091652638
0.13503090591273847 0.6146423782749975
0.1359388456333942 0.6139221496829437
0.13685185305285694 0.6132645011812993
0.13776496154161771 0.6123989386000263
0.13867729959625533 0.611813403730205
0.13957345194586404 0.6110993937833318
0.1405009721890788 0.6104203383787269
0.14141280850332644 0.6096677003976465
0.14233187612631434 0.6090107987351244
0.14323769732379882 0.6081355777438403
0.14417022963672654 0.6076091537202104
0.1450764649662671 0.6066180048882509
0.14598536541774046 0.6060599965739245
0.1468936166471329 0.6052946691624591
0.14780068172667427 0.6046077182899877
0.1487122399183194 0.6039732734789084
0.14962879928854428 0.6030554804275838
0.1505346283757724 0.6023743010925464
0.15145101100834035 0.6016209112619516
0.15236247792273416 0.600935689078458
0.1532660622768599 0.600289997908033
0.15418738270111915 0.59961126580297
0.15510968644048695 0.5987652904267992
0.15601376934768255 0.5980371250706088
0.15693388966329272 0.5974166876609261
0.15784070664074365 0.5967144833701217
0.15874815024596214 0.5958974767723888
0.15965619091672376 0.5950832949957485
0.1605845523163872 0.5945287892076865
0.1614909590855926 0.5935818468087863
0.16239890757114878 0.5930648931051895
0.16330340758582204 0.5922989291328394
0.16423537672253266 0.5916540186805499
0.1651350638817385 0.5908719404933441
0.166049149993938 0.5901675986171442
0.16696789420014893 0.5894267319769838
0.1678700377626716 0.5887342407693118
0.16878012317378296 0.5880427189565443
0.16968397843445257 0.5872735279935026
0.17061495690039627 0.5865501044831807
0.1715231644718411 0.5858100997692857
0.17244237261787507 0.5850107181231999
0.1733655830423256 0.5843705358953749
0.17424353401270154 0.5836495581445839
0.17518170168594022 0.5829366332637441
0.17607700361356915 0.5822339680537494
0.17700077120233454 0.5814700966041711
0.1779068447313972 0.5807580007990645
0.17881573805564138 0.5799750680428052
0.1797391649799084 0.5792837297616035
0.18065509552663325 0.5785335114282432
0.18156453124771327 0.5778062296898848
0.18247535780647717 0.5771196039239996
0.18339139637667978 0.5765190052397259
0.18429279093856354 0.5757218872490619
0.18521792221851308 0.574993834587979
0.186107834281106 0.5742322407592667
0.18702378986395893 0.5735719658789348
0.18795235552569128 0.5728567415942798
0.18885442269565136 0.5721219824266774
0.18977488312488125 0.5713000102828464
0.1906807913926832 0.5706828863523759
0.1915853273196157 0.5700150963324478
0.1925055005892049 0.569232294187389
0.19342727910728627 0.5684356944424614
0.19433568790252465 0.5678496590022459
0.19524680717164508 0.5671004664746401
0.19614720987510706 0.566308710880706
0.19707832682926885 0.5656971805585242
0.1979992211026307 0.5649384416490277
0.19889006216008764 0.5642508224507057
0.19980308212740816 0.5635273528465927
0.20072707932312567 0.5629125800507384
0.20160224440692134 0.562025741738737
0.20254301396689808 0.5612747878663397
0.20345507584111874 0.5605797111646397
0.20437245589754874 0.5598809339393647
0.20527390373067356 0.5591274185712035
0.2061906520710869 0.5584150274780157
0.20709344516204373 0.5577400357438219
0.20801367961176498 0.5569654475461581
0.20893865405038756 0.5561905370850985
0.20982900728452886 0.5553566378611494
0.21074474007187435 0.5548262191186678
0.21166623190169911 0.5541005667547457
0.21259190706157885 0.5534225582823368
0.2134824091390361 0.5526845709067334
0.21439007423045772 0.5518855278081136
0.2153201370697664 0.5511534483783818
0.21622151727755157 0.5504276722005812
0.21714072406429988 0.5498577751859025
0.21805092921522207 0.5490509030537003
0.21895959838562662 0.548269152906952
0.21986371348170003 0.5475979880948445
0.22079055191653396 0.5468025768728589
0.2217111386991225 0.5461130657906168
0.22261653044592244 0.5454557775176047
0.22352464799239546 0.5446219422043076
0.22442150536242428 0.5439718587406338
0.22534672101534275 0.5431907014755583
0.22625379303403373 0.5425558394619222
0.22717739330977263 0.5418149314448386
0.22811536463399149 0.5411616294982109
0.22901447606501346 0.540357632988012
0.22990463039415124 0.539638115798683
0.2308372080144389 0.5388094243236354
0.23174825007802574 0.5380964363895435
0.23265743854588636 0.5374206945403156
0.23356152517897183 0.5367628425809444
0.23447549965515418 0.5360316957625636
0.2354016844765486 0.5352995979025623
0.23629769595180647 0.5346170770575649
0.23722083832707538 0.5338604153218394
0.23810987083713245 0.5332220628031342
0.2390414925838871 0.53246317984513
0.23995083678723836 0.531732619615439
0.24085351561906923 0.5310137765193297
0.2417856605548308 0.5302042078217689
0.24269115822673612 0.5295198391825703
0.2435990559670714 0.5287757815390283
0.2445145948297162 0.5280837297483592
0.2454204507989767 0.5273846419873078
0.24632541379995276 0.5266319415208025
0.24726287732172864 0.5260067272113412
0.24817185738947914 0.525289893360159
0.2490792153373724 0.5245537852409146
0.2500009262770294 0.5236959229401458
0.2508984793486851 0.5230893286942947
0.2517999387078412 0.5222919167515632
0.25273421523525774 0.521665054368983
0.25362760421425673 0.5208864300228789
0.2545606274488492 0.5201333728216698
0.2554658993276887 0.5194600160968469
0.25635090430041346 0.5187498459712223
0.2572592168837839 0.5180246697470571
0.2581972878826745 0.5172974403073943
0.25911579579028515 0.5165665486730462
0.260027346507174 0.515771391126537
0.2609502610582129 0.5151085397893244
0.26184485816190395 0.5144577103051408
0.2627624406300714 0.5135726343706503
0.2636540757350679 0.5129601948655993
0.26458466619886745 0.5122717132699394
0.2654847439690875 0.5115656003593998
0.2664200056104274 0.5106955868405603
0.26731129699583894 0.5100279359903204
0.26823178162950384 0.5092773354704312
0.2691514118470049 0.5087458436547553
0.270058088319611 0.5079860532669618
0.2709727250534454 0.5071462952101605
0.2719030461134308 0.5064735162011728
0.27278219604751125 0.505722582044636
0.2736951593186554 0.5049298658281807
0.2746123412094654 0.5042278523808946
0.2755037087054698 0.5035616365113111
0.27644176121491787 0.502799847989989
0.27735443772302 0.502073500387051
0.27825518534787924 0.5013330070120063
0.27917105998505937 0.50065782130552
0.28005863719141816 0.49988616973276445
0.28102483346573015 0.49927585087744397
0.28193419643597895 0.4985002599899032
0.2828180845537125 0.4977803347292066
0.2837437175464212 0.49710924824673397
0.2846413448231035 0.49633921486932636
0.2855827840920056 0.49564597592645937
0.28648541507030467 0.49482841577200093
0.2873899553434969 0.4941702909470328
0.28830590875140755 0.4934864731803471
0.2891981573244812 0.49282804272834335
0.29011652812631017 0.49203915202525705
0.2910311305868294 0.4913596652817116
0.2919494654960532 0.4906842122722557
0.292880725193247 0.4898644514774597
0.29375237815733807 0.4890775087736347
0.2946930719295436 0.48838578283344664
0.29563543025182343 0.4876522313923679
0.29651745675208696 0.48694110485295083
0.2974403256549801 0.48632334958886403
0.2983288036402206 0.4856080703452321
0.2992337226848009 0.48470693942279053
0.3001754984503394 0.4841653990313156
0.30107495908407134 0.4833650587615315
0.3019954580510141 0.48258170683892476
0.30289789580896126 0.4819810087078616
0.30382357728049847 0.4811854208790242
0.3047400312525442 0.4804953689370052
0.30563198068067277 0.4797096583650485
0.3065589270745595 0.47906134348880675
0.3074738774470119 0.4783583598463869
0.3083664475610981 0.47751924298677373
0.30925642742008436 0.476946723949764
0.3102113874264126 0.4761439658889999
0.3110954348233186 0.4754193423252845
0.3120327266168905 0.4747482801054019
0.312925419910608 0.47407067105120465
0.3138512805166828 0.47325600874567864
0.3147504412936513 0.4724918090725652
0.31568901650121045 0.4718336069911727
0.3165744715665444 0.4711310026653917
0.3174874891413786 0.47053216172155216
0.3184341025561939 0.46965754344383764
0.31935573442917214 0.4689226270482361
0.32025373890067305 0.468195062266553
0.3211419827637238 0.46749835170889653
0.3220193184726264 0.46678911458517
0.3229904639729696 0.46603086201946087
0.32385703453193615 0.4653268449857378
0.3248100666541628 0.4646660859421775
0.3256884983275378 0.4638755112336203
0.3266090627153321 0.46318948700844087
0.3275265870744658 0.462413791500114
0.32845410242109147 0.4617356666954687
0.32939138145637076 0.4610316372943554
0.3302959752183687 0.4603660647799191
0.33118367081608635 0.45950421037811107
0.3320821361094155 0.4588339811169636
0.33299220014880637 0.45808489502115013
0.3339349357531512 0.45728940656224243
0.33480823033315954 0.45670814608992605
0.3357220565577509 0.4560177626458591
0.33665147271152346 0.45525659458969975
0.33758622823532297 0.45455977676050996
0.3384505295380307 0.45379771781231504
0.3394389185294795 0.45304916996900735
0.34030418311324534 0.4523607710544147
0.3412189992689611 0.4516368690395894
0.3421249895417374 0.4509488250297705
0.3430310075014268 0.4501797163444917
0.3439924748845911 0.44945500863554866
0.3448577630844507 0.4487658340635758
0.3457938883161882 0.4480246816579372
0.3467153057054394 0.44736644991427227
0.3476185093019443 0.4465010596554733
0.3485168884279405 0.4458286632748764
0.3494086339653939 0.4451470699629362
0.3503338942487167 0.44435926884903826
0.3512588484956714 0.4436255491391468
0.35215337012627623 0.4430067384780818
0.3531001599232972 0.44222365330605573
0.35396826522466107 0.44142093002722016
0.35492708453385313 0.44072061204340096
0.35582293291323325 0.4400991628441773
0.3567058136166749 0.4393510136620758
0.3576230601642622 0.4386600425384975
0.3585553244945135 0.4378611331024669
0.35945802759223106 0.4372249898172134
0.3604038382338001 0.43648132633958103
0.36130880555435896 0.43578709143046884
0.36218328315812515 0.43503206637269964
0.36310603072592407 0.43438423774052476
0.3640388833744444 0.43368793794880295
0.3649318682972859 0.4329372915875407
0.3658352208309639 0.4322372062304302
0.36674385172526286 0.431364298185855
0.3676574624812336 0.43069255389977223
0.36858201237927574 0.43000922828254906
0.36946874817053166 0.429339214628417
0.37040884593061385 0.4286065110213609
0.3713358635428718 0.42782381905583644
0.3722363071138759 0.42711547011425344
0.373172682304739 0.42628957526394506
0.3741235806254925 0.42564678569986614
0.37499264186474923 0.4249480573193371
0.3758630826434176 0.42420715037343076
0.3767997452008885 0.4234580603628081
0.3777257183264931 0.4227837889623345
0.3786076063376018 0.4220822593490933
0.3795245810677227 0.42135889188465886
0.3804253440467933 0.4205475531324015
0.38132431291104973 0.41981738710350186
0.3822250716948342 0.4191356186995051
0.3831744316065099 0.41842058603894633
0.3841187808545201 0.41772993540108694
0.3849976272711971 0.41698081856462527
0.38592678068139974 0.4162326232943088
0.3868274422003574 0.41566700186916217
0.3877499770075069 0.4148096341429619
0.38866647859554193 0.41410568572769346
0.38953328012666877 0.41336443020999464
0.39047829389930494 0.4126474719707683
0.39141400958197725 0.41192396141897164
0.3923022767499978 0.41122308697780746
0.39322525661444163 0.4104628628088563
0.3941581116936673 0.40974413682576144
0.3950560646499397 0.4089650150771501
0.3959561752299391 0.40829283183272624
0.3968554492212715 0.4076956722141217
0.3977811739860193 0.4068914629091901
0.3987178345597861 0.40619081440449695
0.3996362863592555 0.40545791478417337
0.40052559069358007 0.4047544451855088
0.4014263798559279 0.4040483176050893
0.40236909475178595 0.4032518319350341
0.4032446071570056 0.4025925420986866
0.40417515882668403 0.40185986635625787
0.4051049423479076 0.4011345908021798
0.40600029154720574 0.40040081208380884
0.4068899790549674 0.3996504010355206
0.40782715789290885 0.3989711740569135
0.40874471241300475 0.398269992328169
0.4096316751053695 0.39750601216892945
0.4105196375995977 0.3967808697502497
0.41148860222767764 0.39608668181913564
0.41240451280248996 0.39531313519913236
0.4132986520138233 0.394581688006939
0.41422045675992114 0.3939340559414579
0.4151250713150216 0.3931925693699027
0.41604778394494923 0.39249922623630357
0.41695608722620636 0.3917685239804992
0.4178666038082829 0.39105718228426295
0.41875447505110186 0.3902571763192343
0.41964612490762887 0.3895576667198027
0.42059774389573984 0.3888570456535897
0.421513216496281 0.38810477392755205
0.4223929992013747 0.38741012570225436
0.4233589821531901 0.3867000431956664
0.424226634580429 0.385991823436122
0.42516455520370755 0.3852511607457999
0.4260598098475139 0.3845414682114695
0.426956179250965 0.3838649595435183
0.42788255560010835 0.38311095846306037
0.42884251253551703 0.3823195024892109
0.42972774814363385 0.38172192730479804
0.43062439011890974 0.38087415947104036
0.4315540880707187 0.3801299352723991
0.4324671965864096 0.37949475665211446
0.43332065070502396 0.3788035979976548
0.4342954948279843 0.3780416051119986
0.43518942030539953 0.3772862284754165
0.4361031115851836 0.3765798061993269
0.4369994062476347 0.37583031605118083
0.43790441765455945 0.3752093140436708
0.43883625762742456 0.37436694436123436
0.4397283633898706 0.3737227101757059
0.4406714181386047 0.37302680401433425
0.4415529141485367 0.372280195223377
0.4425157063546162 0.3714988072734564
0.4434043252531856 0.37085831658620216
0.44434323648133367 0.3701302343373504
0.4451792287895465 0.36940928785923643
0.44607336406505865 0.3686587320724621
0.4470227468311803 0.3679606423120115
0.4479674239638425 0.36719181622412966
0.4488683188671069 0.3665015191108568
0.4497990596143583 0.36580357220620063
0.4507102546888352 0.3650901673575464
0.451622301370301 0.36433412021814837
0.45257087618809316 0.3635882525063362
0.4534083434142533 0.362907664049526
0.4543424935300215 0.3621542628936379
0.45524206855635946 0.3614377076568135
0.4561757452820577 0.36064790084106013
0.45707145697822815 0.3600074394669593
0.45799086278531426 0.35927319256397283
0.4589092373620001 0.358567937234445
0.45984044125695134 0.3578144149318503
0.4607489289708401 0.35708188244650013
0.46159690360948513 0.35639581714074764
0.46254470994518104 0.3557102595073749
0.4634799310061889 0.3550028702223505
0.4643652423472041 0.35424598742926944
0.46531076226748747 0.3535410355059379
0.4662136278497748 0.3527930506334452
0.4671300416750075 0.3520526562927529
0.46807805234847494 0.3513367536346282
0.46896138251701225 0.3507071492350369
0.46985435694420313 0.3499907432780163
0.4707861812655854 0.3491924197946873
0.47169758752270813 0.34844528517326817
0.4726082557434671 0.3477637678249413
0.47351232938492993 0.34703566524966695
0.47444486984757567 0.3463298341355378
0.4752803961432206 0.3455248752113617
0.47620817462280673 0.3448798838340712
0.4771592236851662 0.3441469008921705
0.4780694621381263 0.34340519980279594
0.4789913590207829 0.3427476922573824
0.4799329268073321 0.342002775622125
0.4808321397188618 0.3411997453210609
0.48172512828309305 0.340500434333005
0.48264157612924885 0.33985272712174525
0.4835476529782799 0.3390214500790794
0.484523972139065 0.33832373952110734
0.48537971606521907 0.33766428361276707
0.4862601153687149 0.33693973481013223
0.48722996443238126 0.33621047527815756
0.4881301337402581 0.33546725318544607
0.48900530894502187 0.3347802676267389
0.4899353419897161 0.33402543141338864
0.49086212076396646 0.33330628343884333
0.4917164072767991 0.3326205191596621
0.4926702617187746 0.33185910649536016
0.49362841710363004 0.33113639608597767
0.4944884333344954 0.330437871266582
0.4953490802720198 0.32969208048766896
0.4962782039084457 0.3289978885005693
0.4972691638989962 0.3282716499282836
0.498112615958583 0.32755366842103517
0.4990491816738877 0.32681714081326163
0.4999616858985781 0.3261725617250471
0.5008744517821518 0.32537259381781625
0.5018337235508492 0.3246614704847065
0.5027160816986007 0.32390970039309347
0.5035921661621594 0.32321277781696905
0.5045336115922627 0.3225206653626602
0.5054290959889747 0.3217547337483235
0.5063449530651275 0.3210401832110366
0.5072601331949611 0.32027608412081154
0.5081749078149156 0.3196710959596435
0.5090809630670048 0.31890658335637223
0.5099683620779701 0.3181921318271794
0.5109124471151493 0.31746544940559257
0.5118410803043663 0.31668753503309743
0.5127608218366694 0.3159500488752107
0.5136672622615448 0.3153313538589912
0.5145193552131229 0.3145396285728179
0.5154687965731175 0.3138030508488287
0.5163842883690158 0.313080045217911
0.5173275954134704 0.31234032871190015
0.5181853979173753 0.31169784505623066
0.5191708002005009 0.3108992885018024
0.5200699242612397 0.3102430174872153
0.5209578240589304 0.3095279082213166
0.5218718303743234 0.3087486286179239
0.5227479287891053 0.30802583273358924
0.5237086966989534 0.3073589478542393
0.5246661203569097 0.30664919642146654
0.5254934468425295 0.3059029702897335
0.5263822089559409 0.3051523731494764
0.5273532116084896 0.30439234312202884
0.5282566873725187 0.3037032553175013
0.5291512190466691 0.3030309159659208
0.5300843772893294 0.30229343243439893
0.5309802502494639 0.3015139667691612
0.5318434515106872 0.3008748451864479
0.5328267452120194 0.3001154722744292
0.5337173440169117 0.2993905245922667
0.5346762112454254 0.2986757425344543
0.5356416766772047 0.2979766537858179
0.5364715178967453 0.2971812290246278
0.5373792414826113 0.29654015718953763
0.5382787590836484 0.29576030675681886
0.539228881346194 0.2950975249752278
0.5401832287359624 0.29439647975364663
0.541016730505756 0.29359014245191417
0.5419516994869091 0.2929167680655087
0.5428369577714489 0.2921977179653652
0.543715557802117 0.29151105964033913
0.5446862790679635 0.29077852921001746
0.5455992264887947 0.29001489870436875
0.5465103899440974 0.28925031605665513
0.5474030750598853 0.28855172477733637
0.5483220076766029 0.287840382435022
0.549206239867115 0.28719012564474805
0.5501482467514034 0.2864301013172629
0.5510750144006962 0.28566150905731535
0.552023801881133 0.28497430019004416
0.5528988924258755 0.2842470034816478
0.5538173221829632 0.28353877912608766
0.5546924864643221 0.28282154226329037
0.5556431244965323 0.2821122735848309
0.5565493473037185 0.28133972167121807
0.5574838203389114 0.28059786652243274
0.5583775935792405 0.2799323811888861
0.5592574555485949 0.2792149164718335
0.5601983067087657 0.278457104089817
0.5610884712996198 0.2777460972067513
0.5620156091471437 0.27699635073702294
0.5629166434131909 0.27632010162728554
0.5638449110581739 0.275582274355768
0.5647717704747601 0.2749000794325481
0.5656701620664831 0.27415592525486004
0.566588841249433 0.2734457513388973
0.5674681196546122 0.2726849815635643
0.5683952129844302 0.27200049160072015
0.5693139077341571 0.2712937984113014
0.5701755647712557 0.27055989708145733
0.5711338936252203 0.26982274837051223
0.5720468219681563 0.2691378968520117
0.5729698203452069 0.268399946679795
0.573848599141185 0.26763116944101506
0.5747724147432975 0.26693591830766816
0.5756840699136533 0.2662249354681705
0.5765629470859289 0.2655109636755439
0.5774955333792106 0.2647389980939042
0.5784601724611542 0.2640339916296148
0.5793810655672559 0.26334881176219677
0.5802943119115475 0.26263812453489394
0.5811647449873314 0.26190320885556706
0.5820749172513856 0.26115011165585067
0.5829492590544803 0.2604888380733786
0.5839302186645493 0.25968395934514393
0.5848658335579178 0.2590667524692495
0.585696811214826 0.25826946272614393
0.5866755896194901 0.2575174945600468
0.5876005106382406 0.2568486669959123
0.5884913033516307 0.2561388235156991
0.5893717624146261 0.2554069174531655
0.590353938685062 0.25463286456707873
0.5912106689308693 0.25396062595329477
0.5921169086322841 0.2532149383766625
0.5929938446681646 0.2524817055747363
0.5939247720131688 0.25179052821564385
0.5948691418607532 0.2510629860542362
0.5958380680384362 0.2503158368825203
0.59671155907397 0.24961677857426723
0.5975847683670783 0.24892142308386822
0.5984849866997414 0.2481139094252523
0.5994425776267326 0.24747430439807716
0.6003185710806171 0.24671525099278485
0.6012391847381628 0.24602232571059768
0.6021724341476506 0.24530922027225224
0.6030523158166982 0.24459021353527555
0.6040281274020094 0.24384555208937053
0.6049294631667417 0.24314638433146987
0.6058364102464237 0.24241912464929863
0.6067384941074994 0.24167005404381905
0.6076645428716008 0.24098762271212246
0.6084920896974622 0.2402572007338757
0.6094746484119288 0.23950202544027657
0.6103581084544192 0.2388292088452482
0.6113325297633011 0.23809546167094606
0.6122170106358633 0.2372958605561175
0.6130884956901439 0.23664540072019943
0.6139988838792126 0.23589328626762252
0.6149448667935158 0.2352138842943346
0.6158311044059491 0.23444947271531844
0.616750215295233 0.23374125423475517
0.6176708055356641 0.2330365965638177
0.6185861895543442 0.2322747387070883
0.6195588769821213 0.23161227352977026
0.6204754802914939 0.23084426556032558
0.6212889501062824 0.23014662463669794
0.6222479566783873 0.22944140677214617
0.6231585357144351 0.22869575810183132
0.6240682977518162 0.2280229409090186
0.6249519577154873 0.22726132031414392
0.6258352262070864 0.22649077295771977
0.6267622291473259 0.22581254513651605
0.627722061416901 0.22509401493475648
0.6285978038921509 0.2243772877119887
0.6295274365745208 0.22362143960176753
0.6304142216044033 0.22295359422323852
0.6313674017498643 0.22221616403220865
0.632242862167076 0.2214573683974106
0.6331063783923262 0.22077624241628765
0.6341100699905898 0.22006072276120123
0.6349770584358345 0.21931893788312803
0.6359629818324556 0.2186030742795703
0.6367808946132949 0.21788537753291348
0.6377204376376983 0.2171642310389999
0.6386038854871585 0.2164398462246949
0.6395765587124441 0.21566440719246993
0.6404989146139667 0.215028915481685
0.641377698589454 0.21424027129730766
0.6423050810027596 0.21356368415190863
0.6432554431204612 0.21279906340080648
0.6440848822975678 0.21211627763486365
0.6450443054568297 0.21138573634995228
0.645957871518359 0.21065379035379353
0.6468509167204671 0.2099164921711579
0.6477569074514115 0.2092057196294116
0.6486693252550999 0.2085254924022644
0.6496191644167987 0.20780400627755358
0.6505302331982723 0.20707212687155924
0.6513905162285729 0.20632993026664959
0.652334912300943 0.2056067537755571
0.6532485168845316 0.20487447218211652
0.6541142413795261 0.2041745308150355
0.6551238442011635 0.20346338566260158
0.6559327023868955 0.2027525379963337
0.6569125380617971 0.20202375003831743
0.6578108627760543 0.20129108568253934
0.6587396873009627 0.20052531123056042
0.6596246924333655 0.19984256611556436
0.6605049082476258 0.19913926401779766
0.661439916872729 0.19840579621900004
0.6623485350473272 0.19771499817735697
0.6632795282464491 0.19696023664189397
0.6642655451774172 0.19626062084553
0.665109156961842 0.19551841475789622
0.6659881924573355 0.19479421806633568
0.6669186253866599 0.19406255532645306
0.6679166974124916 0.1933168997197208
0.6687726287391206 0.19265249525488976
0.6696712223106023 0.19186932009407434
0.670565364245385 0.19120413717164572
0.6714725382519466 0.19045921664101337
0.6723911764674145 0.18975549315785128
0.6733359330312183 0.18901236451210604
0.6743105526183016 0.18830112604667332
0.6751422615033027 0.1875761262107829
0.6760177960476325 0.18685881222622755
0.6769488708653679 0.18615512610741572
0.6778728859518246 0.18538665448671302
0.6788036067190918 0.18467409031936238
0.6797828090779444 0.1839658785514145
0.6806236204808196 0.1832696142632299
0.6814922600011666 0.1825000185684231
0.682480717668322 0.18179945035754316
0.6833109338080864 0.1811064956203311
0.684192431195563 0.180349874649454
0.6851602279823604 0.17964070164746967
0.6860941099109701 0.17890206108362186
0.6869907967287737 0.17820680924425142
0.6878543945584423 0.17746099551747524
0.6888774645088753 0.17676121969341393
0.6897279392379876 0.17605681704882017
0.6906892009065096 0.17529161582471148
0.6915238981417998 0.17458829767441753
0.6924558117828616 0.1738824189794222
0.6934178103429119 0.17313885913826882
0.6943079321929405 0.1724223983018078
0.6952550417054554 0.1716892959667795
0.6961775810565846 0.1710035508479268
0.6970597081194044 0.17026933031192903
0.6979523596651438 0.16955013906811336
0.6989050583683548 0.16877915401273394
0.6997609265514126 0.16810329570816895
0.7007398067484584 0.1673494486124309
0.7015125019388312 0.1666537824044899
0.702552601813533 0.16596299167990827
0.7034620500010054 0.16521218420316103
0.7043041119634565 0.16451140025738187
0.7053035058369087 0.1637496666872311
0.7061729366590812 0.16305525404576035
0.7070470819000428 0.16233765889919594
0.7079515013146552 0.16156897100937134
0.7088843282567577 0.1609051901098843
0.7097887795346755 0.16016112469276517
0.7107350143614599 0.15942174365388107
0.7115908307287444 0.15874770453498854
0.7124751371801684 0.15805156672736387
0.7134418341899915 0.15727299754764856
0.714365026048958 0.15656181289921314
0.7152788706464632 0.15582785740530167
0.7161901429065016 0.1551096656109118
0.7171410427264878 0.15439748526753586
0.7180443125059351 0.15365080822612867
0.7189740669937218 0.15297867971220053
0.7198596323822897 0.15224140812997133
0.7207581214185044 0.1514918653736818
0.7216065642074048 0.15078428708489688
0.7225757860214858 0.15007978490901863
0.723493205685485 0.1493547450685677
0.7244281214475465 0.1486294563152105
0.7253245831416841 0.147902375711193
0.7261878780070142 0.14715963995005116
0.7271023674026847 0.14645290396793434
0.7281432260943526 0.14574713232527264
0.7289277566906869 0.1450257434592317
0.7299171311074796 0.14427940659607605
0.7308432438013766 0.1435386118946535
0.7317646259976706 0.14285793301281707
0.732573904754411 0.14211260147931648
0.7335157231842078 0.14141089141461938
0.734433719829769 0.14067287887712585
0.7353181933482456 0.13997147753236774
0.7361888213718505 0.1392308825099632
0.7371516976566272 0.13850978878222875
0.7381259177104661 0.13780150571005925
0.7390531523128527 0.1370693479374153
0.7398973796075784 0.13632463674194464
0.7407736392418424 0.13562586305094657
0.7417146976770445 0.13491240091034504
0.7426688893906002 0.13418420280348317
0.7435780590243128 0.1334759305388691
0.7444611696936106 0.13275135826218226
0.7454152341652025 0.1320262529208644
0.7463139566042715 0.13130222415056322
0.7471758581821125 0.1305937721656804
0.748119314231207 0.12984996787637096
0.7490471674305493 0.12911468369757537
0.7499307918862547 0.12839701926833794
0.7508102977343969 0.12769094078072882
0.7517518564915074 0.1269941272469296
0.7526488992127612 0.12625314913192445
0.7536700007858643 0.12553640409604463
0.7544755138209716 0.12481059388544055
0.7554287836699575 0.12410317255135109
0.7563266259460693 0.12338137354760749
0.7572151224135237 0.12265564180592578
0.7581485100034935 0.12192225222359453
0.7590963308948583 0.12122457057425226
0.7599905184419229 0.12046736925639404
0.7608827595892089 0.11976606863357672
0.7617987624431632 0.11903066272894633
0.762722835213706 0.11830413258428503
0.7636459205228127 0.11760707191536877
0.7646049368750356 0.11686242006111708
0.7654880711544569 0.11614658618298186
0.7664688081081664 0.11544657472583622
0.7673300631174518 0.114699606999054
0.768252685927358 0.11402566696498456
0.7690911387745338 0.1132768983890342
0.7699944158919343 0.11253813685392638
0.7708978774999785 0.11183009666029631
0.7718510864869321 0.11111142480172718
0.7726845967051155 0.11037432156078272
0.7736582940658022 0.10967113083545921
0.7746692871969695 0.10894511305050307
0.7754791172638272 0.10821653215443432
0.7763957903894947 0.10749845558409289
0.777318954964174 0.10677900913874958
0.7782872808740382 0.10603940211099205
0.7791979408827908 0.10533058418810942
0.7799988279974012 0.10461961745328158
0.7809703059481095 0.10388744759906021
0.7819669154750067 0.10315736629618211
0.7828041252791182 0.10243543635188987
0.7837441035047273 0.10173012368344843
0.7846056604224839 0.10101041998454592
0.7855286199397746 0.10028436573722053
0.7864561344428783 0.09954071613172591
0.787249151312315 0.09883629241968088
0.7883011832194343 0.09812675146689066
0.7891638903968601 0.09739845194044082
0.7900732414524083 0.09668687852238617
0.7910322305862522 0.09594587067197423
0.7918885684054721 0.09522943337296025
0.7928941598800642 0.09450488140064303
0.7937640690658799 0.09378694165430207
0.7947452040071327 0.09305921350552065
0.7955271042048749 0.09236858162022929
0.7965125035309601 0.09161675782764193
0.7973438216422317 0.09090305546953027
0.7983105546478398 0.09019082486952076
0.799201030989846 0.08944059416691458
0.8000697708868559 0.08873708548302692
0.8010756024389063 0.08800988925365738
0.801934998939173 0.08729372360339871
0.8029629521287005 0.08657996617937079
0.8038046909002428 0.0858546438713735
0.8046841647392052 0.08512970403482581
0.8056444664141835 0.0844059128587862
0.8064478978781833 0.08367741248227852
0.8074179296294621 0.08297429852249064
0.8083619596580908 0.08224868421926092
0.8093083390671387 0.08152136422106991
0.8101175965689557 0.08080299282905194
0.8110974932735135 0.08008978851380555
0.8119547504609514 0.07936375155643519
0.8129032259922299 0.07863004505914395
0.8138423775524022 0.07791216005658097
0.8147277166853404 0.07719273753754201
0.815624696915467 0.07646434468378036
0.8165947143558301 0.07575529950232361
0.8175292535359766 0.07502963544616736
0.8184283195375394 0.07430059861034641
0.8192266411926991 0.07359073869922982
0.8201496439672185 0.07287022772774683
0.821158231158836 0.07214456844960669
0.8220421518239848 0.07141921301480192
0.8229316662760902 0.07068790429213834
0.8238829406991508 0.06998837842409777
0.8247254495492857 0.06925616473490881
0.8256148836026215 0.06852878072831037
0.8266492526569543 0.06782389357795757
0.8275056188910845 0.06709276622480993
0.8284101616827061 0.06637368043714457
0.8293291223964939 0.06564809600520893
0.8302059963196269 0.06493276813982883
0.8311867281482825 0.06421760336213367
0.8320459523974411 0.06347580629827887
0.8329625635649719 0.06275752464368806
0.8339273170390381 0.06203746717980491
0.8347197071514633 0.06131918977385253
0.8357332420736372 0.06060133741681447
0.8365762887088425 0.05987269285022308
0.8375292420162469 0.05915877007371662
0.8384796889830696 0.058431814049294456
0.8393542801800131 0.05772164929736948
0.8402907491650248 0.05699634891551752
0.8411736509126208 0.056278386426615964
0.8420703994459666 0.0555556297378542
0.843025081727296 0.054833795352875636
0.8440151928800987 0.05411475398228127
0.844915429924823 0.05338466654656634
0.8457135470198378 0.05265981292245574
0.8466746307981232 0.05194296949249808
0.847447651112718 0.051225851039151074
0.8485219977323372 0.050503680092384595
0.8494543761497386 0.049787347579394486
0.8503283936658625 0.04905613460209351
0.8512267226255469 0.04833443007531317
0.8521804157166718 0.04761149459127054
0.8530274407027982 0.046896454460970696
0.854024785577191 0.046165332012488736
0.8548466825264615 0.045452931679628196
0.8557429537526224 0.044734036713462676
0.856717287648231 0.0439986625629758
0.8576332715012973 0.043286976715627486
0.8586049433124947 0.042562060246586146
0.8594811220663295 0.04184197956639537
0.8603946018535844 0.041128114405748144
0.8612502753357107 0.04040500640119609
0.8621092338748947 0.03968637971299791
0.8630636784651469 0.03895634319396683
0.8640263518872494 0.038229986270998544
0.8648726745874309 0.03751204466682867
0.865772741140617 0.03679585981152209
0.8667138679625277 0.036074209612501316
0.8675626630327102 0.03535070442420668
0.8684963022620737 0.03463117734805023
0.8695343241572074 0.03391250978948825
0.8703567228735829 0.033189062524577956
0.8712747163597 0.03246476583001831
0.8722244624201283 0.03174076757703758
0.8732010607187852 0.03102396576068678
0.874010023488922 0.030300171398049962
0.8749614325249837 0.029579884518784096
0.8758379498243826 0.028858831836979917
0.8767720683182976 0.028134655358032477
0.8776992555975153 0.027412655358974126
0.8786182725754826 0.026690927640494102
0.8794660345927252 0.025969488003455242
0.8803888918101914 0.025249204523055145
0.8813351859993376 0.024531654400522677
0.8822246322055689 0.02380594874329434
0.8831406684023989 0.023086063610912012
0.8840409642405513 0.02236484940946481
0.8849250176009797 0.021646633473844934
0.885936237466609 0.02091912915235659
0.8869196633609656 0.020201694292074555
0.8877451650289225 0.019479160958941734
0.8886461774031604 0.018758187377387384
0.8895560284606379 0.018035510932370484
0.8904910766581969 0.01731564532052372
0.8913698871557586 0.01659155604613752
0.8921975272741227 0.015872389004873394
0.8931675786283755 0.015148572379957889
0.8940444833796147 0.014427214582833678
0.8950168088609188 0.013707774479045769
0.8959974777483204 0.012987191963704937
0.896828664597176 0.012265520795012943
0.8977976387521555 0.011544211982142163
0.898628772683199 0.01082166700649113
0.8995975787880472 0.010100354767190043
0.9005256915162659 0.009378723920650854
0.901424158450558 0.008656851194912189
0.9023886561072754 0.007936031682952113
0.9031822567977241 0.007215503619706895
0.9041277813384495 0.006492179415947661
0.9050363616332288 0.005771293179934903
0.9060207592878178 0.005049540554562755
0.9068321136912076 0.004328773495924238
0.9077993961655219 0.003607471734543236
0.9087177374638757 0.0028856653062371705
0.9095611171053817 0.002164310664251221
0.9104736941061791 0.0014428456111243294
0.9114628954512412 0.0007213721421872019
