#C1,C2
-0.1752982902137794 0.5662836610185059
-0.17432214636356688 0.5656282314589968
-0.17334595965129102 0.5649560587624628
-0.1723699078773447 0.5640851785649676
-0.17139375889582054 0.5634676568155623
-0.17041734053041332 0.562754139207125
-0.16944115566811915 0.5620130873605425
-0.1684649161719302 0.5613328667070306
-0.16748893954147076 0.5605988759388115
-0.16651292057222028 0.5598588058413172
-0.1655364921836559 0.5591378977375688
-0.1645600478517966 0.5583508050378528
-0.16358450679155073 0.5577916755330569
-0.16260793982791363 0.5569873399602965
-0.16163162310552925 0.5562453278755047
-0.1606551005673568 0.5555782510021221
-0.15967874194791642 0.5547670958506161
-0.1587033126133609 0.5541432694615652
-0.1577277413623002 0.5534325262784197
-0.15675149403571895 0.5527353545910285
-0.15577545938782758 0.5518211970870652
-0.15479839138793303 0.5512426666677515
-0.15382270888352473 0.5505671244373492
-0.15284634439403236 0.5497842913800136
-0.15187022280620846 0.5490920012638256
-0.15089419670295498 0.5483596654884498
-0.14991683578470424 0.5475984270578768
-0.14894188118186977 0.5469334158191718
-0.14796523973119483 0.5461844040223512
-0.1469890097134316 0.5454003920805255
-0.14601326051560942 0.5447901074875415
-0.1450357491028029 0.5439568527215114
-0.14405979542194516 0.5432257707711523
-0.14308418755544847 0.5424978334271372
-0.14210915490194068 0.5419056240229742
-0.1411313624449714 0.5412184445073316
-0.14015517218871615 0.54044438626781
-0.13917849447156055 0.5396883091672813
-0.13820334232952575 0.5389488563457444
-0.13722731467930657 0.5382294631360651
-0.13625226556193612 0.5374122309516868
-0.13527447239859244 0.5368919493713669
-0.13429918384376968 0.5361276210653994
-0.13332359834564894 0.5352351059836792
-0.13234733341802515 0.5346128622474766
-0.13137070139480253 0.5339207739530741
-0.1303960168647492 0.5331805108417509
-0.12941700757711444 0.5324773715046216
-0.1284439528668123 0.5317548223350623
-0.12746430125875935 0.5309706248048374
-0.12649044702514967 0.5302980739518309
-0.125512367412397 0.5296547668386612
-0.12453668351529962 0.5288568450696223
-0.12356167657771153 0.5281208944378212
-0.12258484362711333 0.5274479065522839
-0.12160778850316944 0.5266830112453444
-0.12063404268028269 0.5259673988323844
-0.11965760353033189 0.525259940179306
-0.11868155063819194 0.5246116790369718
-0.11770354926562629 0.5237509691145518
-0.11672486523649434 0.5230387743938307
-0.115752574721422 0.5223713068965642
-0.11477340710476372 0.5216540945908288
-0.11379779083048733 0.5210016648947255
-0.11282259751438836 0.5200745016641891
-0.11184794325790665 0.5195141880869582
-0.11087009828777446 0.518798920388207
-0.10989286324118518 0.5180396234083735
-0.10891759420046371 0.5172790175959666
-0.10794095379779259 0.5164481184393743
-0.10696680911328585 0.5158557901280095
-0.10598688743236405 0.5151790047059868
-0.10501469383756705 0.5143749771370683
-0.10403766405481203 0.5137537936706319
-0.10306061562914261 0.513040401536211
-0.10208587628944875 0.5121738792463411
-0.10110935125681249 0.5115855278415404
-0.10013416533443921 0.5108600992563139
-0.09915382791637835 0.5100890606473792
-0.09818224091196696 0.5092932026769004
-0.09720232359255465 0.5085090340364625
-0.0962286830530504 0.5078334427485687
-0.09524964308886204 0.5072210021039704
-0.09427205220803368 0.5064557691542021
-0.09330120541715285 0.5058115846228607
-0.09232223345302183 0.5050220003412822
-0.09134599550918503 0.5041346659635573
-0.09037255175719203 0.5036935858311881
-0.08939334528226557 0.5028022414859462
-0.08841689623969322 0.502279159427589
-0.08744177447109237 0.5015240387029466
-0.08646530955336283 0.50073090852823
-0.08549202880008253 0.5000072977265697
-0.08451571478577824 0.4991925744939178
-0.08353695593855444 0.4988010509360295
-0.08256104021926453 0.49773309252759473
-0.08157852050178713 0.4971043239977438
-0.08060858326918831 0.49625644176238254
-0.079632876061563 0.49559865344029047
-0.07866068502723689 0.4948894503102446
-0.07767950007998392 0.49420728564251587
-0.07670371542627132 0.4936163567264084
-0.07572881528018416 0.49275383681190726
-0.07474804163376253 0.49217046272678217
-0.07377580834399591 0.49125116115201867
-0.0727978918166549 0.4906963548039113
-0.07182122998866348 0.48980432361474063
-0.07084616746001861 0.4891699031217615
-0.06987202279494056 0.48860794508202493
-0.06889733964889753 0.487751788771106
-0.06792077557075309 0.4869806530783923
-0.06694130500396005 0.4863272666472343
-0.0659665101560555 0.4856156432088265
-0.06499165396430136 0.4848829683000286
-0.06401405186574256 0.48410177944591887
-0.06303530244896187 0.48340794083300004
-0.06205755017718923 0.48269634951450496
-0.06108439291225485 0.4818998455392263
-0.060116976051305 0.48130093520698153
-0.05913128741828707 0.48048910761536084
-0.058157249880715835 0.4798005899599151
-0.057178189110102105 0.479137494755887
-0.05620814058865146 0.47819798602155267
-0.05522910684016206 0.4777140890262666
-0.054258721654010224 0.47696871596789786
-0.05328076159284283 0.47623877174130663
-0.05230285676617615 0.47547776152537763
-0.05132264624536131 0.4746942949191196
-0.05035230891346779 0.47396674130128474
-0.04937152007436572 0.4732707784834625
-0.04839460839821883 0.47259451233856203
-0.04741870135128271 0.4717939362327976
-0.04644463332121893 0.4711807267898968
-0.045464196448244155 0.4703984963361287
-0.04448731343865626 0.4696246031547154
-0.04351769086757163 0.4690721351095633
-0.042537421471603755 0.4683941058248802
-0.04156004377087059 0.46754904276408166
-0.040583295989860164 0.46687646763349794
-0.03960536062543763 0.46606901303323595
-0.03862897535785401 0.4652829590305862
-0.0376490751091361 0.4646558931542751
-0.036678774097883234 0.46395658661049205
-0.03571168920009691 0.46325538721906384
-0.034731320588109606 0.4625229449779468
-0.03375610276966746 0.46179963507845706
-0.03277927327174305 0.461074805817871
-0.031803041997836186 0.4603986848443952
-0.030824252483706828 0.45965617245640406
-0.02984621670991173 0.45889699263389233
-0.0288722187603788 0.45809796236221195
-0.027897498100027292 0.4574124584838484
-0.026921682658003744 0.45661284968399535
-0.025937417449324353 0.4560352155415042
-0.02496600081358797 0.45526696768951874
-0.023981173829183723 0.45452635644855216
-0.023013226054343673 0.45379704176588936
-0.022030821917909095 0.4531252794874608
-0.021058288157557732 0.452329921691147
-0.02008386997909207 0.4516888972246024
-0.01911171857947614 0.45091022943976616
-0.018125591280114463 0.4502555580138898
-0.017152981987789036 0.44939211660950223
-0.01618093747020661 0.4487663159152567
-0.015209490070334708 0.4479836709202312
-0.01423279669433034 0.44734465037199883
-0.013259570387030717 0.4465677998408289
-0.01227400269150034 0.4458128733746533
-0.011294173582859229 0.4452323464572118
-0.010331336338598873 0.44441493985160546
-0.009348459856681484 0.44372858666893983
-0.008376852952614566 0.4430785001857441
-0.007398801491384504 0.4423279682701628
-0.006419381751213654 0.441476442542256
-0.0054410332689806325 0.4409300445839545
-0.00447387772995817 0.440042255308778
-0.0034803829688626105 0.4393876687345177
-0.0025159429923796214 0.43863595848766984
-0.001542753053246115 0.4379339233439255
-0.0005595881661832388 0.43728600520989863
0.0004103533615888392 0.4364602419573434
0.0013852035871323668 0.43590727263852086
0.0023681314488945785 0.43513584515369624
0.0033476383775275734 0.4342575125777926
0.004308410783217026 0.4336802356357184
0.005295678647973251 0.4328039165607796
0.00626883091672511 0.43217869082296584
0.007246693839578456 0.4315253737598022
0.008215002912020814 0.43078012917251823
0.009198366908383626 0.4300409210639324
0.010174262976725574 0.4293104040297671
0.011148884804262316 0.4285848896646141
0.012129871669786735 0.42777603613781073
0.01310080066856636 0.42713736326500545
0.014083743138226879 0.4264115663835299
0.015053983033282365 0.42563708072677203
0.016038288021864792 0.4250031378502918
0.017004887298466352 0.42424552247915354
0.01798602080542038 0.42352557789923445
0.018959589032340955 0.4228088879756971
0.019940799470431057 0.4220702222276242
0.020916733164621552 0.4211938040306537
0.021902223231495203 0.42073181003376076
0.022868372947518416 0.419936702907542
0.02384510930274541 0.4192331217713324
0.024818773622201272 0.41838411113108703
0.025787721082837577 0.41772593197843394
0.026767238086296767 0.4170701201674821
0.02774826628582485 0.41628683180174625
0.028732046958993833 0.4156097750731487
0.029704558138339714 0.4148903265403547
0.030672013080150738 0.4141426905351904
0.03164930272935162 0.4135433951686515
0.0326294760223246 0.41262744590227834
0.033611328995646526 0.41194492559054424
0.03458654315496006 0.4111490737984497
0.035557825536244085 0.4104910246490216
0.03652607231059606 0.40978944917391774
0.037497847522452186 0.4090746342333245
0.03848459668913578 0.4083149642723182
0.039460482890892955 0.4077045056142076
0.04043700992468895 0.4069106916877074
0.04141808412727282 0.4061325212173383
0.042390553005193475 0.40550543701257563
0.043362236934520536 0.4047588651115536
0.04434603914100065 0.4040785473757715
0.04531747698964613 0.40336200943026607
0.046303595009797575 0.4025058142352313
0.04726230856602084 0.4019288104710442
0.0482458508532188 0.40112160127541147
0.04922750933979899 0.40038275849420485
0.050196167844962634 0.3997849757760851
0.05116298843832908 0.3989678455568993
0.05215509202511733 0.39822279726130244
0.05312945104029287 0.39757361277448117
0.0540967564075975 0.39681503111656796
0.05507727244365817 0.39620537639295367
0.05605774780461833 0.3954538029104407
0.05703326365573926 0.39474171263659735
0.058007563083869194 0.3938901578267185
0.05897905523095547 0.39325914472872053
0.05996034820896028 0.39246947164382434
0.06094102013193197 0.3917393357008028
0.0619008765054185 0.39111349364132225
0.06289354973437919 0.3903160807583674
0.06386659790570498 0.38958854779681035
0.06483685235218678 0.388865834579359
0.06581753558281003 0.3881652852525241
0.06680854861704288 0.3874623029719227
0.06776475237534157 0.38664198450230874
0.0687505114437432 0.38593475618244727
0.06972486766865757 0.3852926533215076
0.07069291519670287 0.3846831710314674
0.07167468918161915 0.3838059925372777
0.07263714619978673 0.3831068753265114
0.07361503138340991 0.38244912132394876
0.07460308069601676 0.38166642248875965
0.07557523528224458 0.3809463794742702
0.07655296754844731 0.380267533175529
0.0775233531507849 0.3795006433270303
0.07850537899016674 0.3788025286985253
0.07949001417679918 0.3780712149599144
0.08045043617095665 0.37727870087711374
0.08143505648862914 0.37666445800500886
0.08241936773550185 0.37586870042100345
0.08338240298973831 0.3751917289489675
0.0843564233199291 0.37453053664982533
0.08533857738358475 0.37368324612631615
0.08631180069218547 0.37305006639797106
0.08729331589976363 0.3723329424237923
0.08826052676723917 0.37164176535972177
0.0892505275748019 0.3707885704257358
0.09021642783030487 0.3700816534128068
0.09121256530353328 0.369417359258205
0.0921645922217349 0.3686554605977915
0.09315533585736063 0.36809947925972336
0.09411177894281375 0.36733581136558296
0.09512226258229722 0.3664648155146872
0.09607041677368233 0.36579080054305785
0.0970590283499399 0.36514965589149234
0.09802803978328228 0.36431437465023847
0.09900184380219151 0.3636390310195052
0.09998224311122639 0.36305780960988193
0.10096315863118044 0.36228835978463586
0.10193418082769351 0.36140930235566976
0.10290380575028857 0.3607324533706873
0.10389189104621926 0.3600362627844071
0.10485758928147265 0.35926496851305784
0.10583397453305982 0.35855985672739493
0.10682111961915974 0.35784121111908335
0.10780482165944977 0.3572143728621439
0.10876961177057098 0.35643691665422045
0.10973952315757007 0.35567791283485
0.11071596547615692 0.3549821813305644
0.11168773060256348 0.35430424935657495
0.11268285668555683 0.35352721417621685
0.11364343757264811 0.35283890445903515
0.11463232413352836 0.3521451689391089
0.11559550428238802 0.3513731768693535
0.11658355552983035 0.35060120629017205
0.11755815061737435 0.3499257334430322
0.11853027708293284 0.34926094637294397
0.11950922036073014 0.34840946268471956
0.1204866679774882 0.3477714611750167
0.1214588862690612 0.3470635960412963
0.12243201207566051 0.3463879302001634
0.12340995096929952 0.34566472055623915
0.12439369141164702 0.34497398469007495
0.12535665326797774 0.3441512955246884
0.126339011131334 0.34338869860394733
0.12730847487597563 0.34274245920750174
0.12828944039183293 0.3419791674578338
0.12925292533702765 0.3413328536709997
0.13025268929120026 0.34049192494694486
0.13123560262902556 0.3397964598500122
0.13219695473408488 0.3391734834912395
0.13318098602565842 0.3383344245938032
0.13415681984123878 0.33763286816798505
0.1351187756436923 0.3369555047383946
0.13612781950957936 0.3362203320780372
0.1370942462898973 0.33554189272912877
0.13805777592078167 0.33483990393032953
0.1390253526611966 0.33404260933343105
0.14000547676810615 0.3333402822743125
0.14098068758499166 0.332653921103324
0.1419471816628553 0.3319271104054697
0.14292580066348493 0.33117734895497336
0.14390325931262354 0.33052148107536145
0.14488257939639332 0.32967872102457146
0.14585983492880183 0.3289911619398544
0.1468393943177892 0.32835273486719135
0.14781725113157523 0.32755512129899217
0.14879472037918567 0.32683708799757444
0.14978233279619235 0.32616614049204656
0.150753909826992 0.3253852928795366
0.15171640307557965 0.3247793927782429
0.1527079586422604 0.3239495866688465
0.15368363131637386 0.32323543131224225
0.15464606420266847 0.32254477503682816
0.15560339834368514 0.3218350164678104
0.15658758238829712 0.3211288807738549
0.1575666691458792 0.32036745685594176
0.15856195124079925 0.31962683621106575
0.15953332405893172 0.31897106544937376
0.16050653411993665 0.31819404730463413
0.1614792235088684 0.31744051018405145
0.16246201943143823 0.3167805365895748
0.16343734141211458 0.3160021440154008
0.16439556346590828 0.3152567843371428
0.1653908138382153 0.3145410960572947
0.1663750171942927 0.3139275250017472
0.16735071618680675 0.31314870942264444
0.16830346930373846 0.31238521939702407
0.16928496962087064 0.31166967860422373
0.1702694218475082 0.31090506714175764
0.17124902812285409 0.3102740487540691
0.17222167725767523 0.30953621323022446
0.17320938615963472 0.30879088532704707
0.17417436167895506 0.30816371699917705
0.17515219942715082 0.3074134050231027
0.17612895696589004 0.30669923346004774
0.17710708997482694 0.3059004053170899
0.17806562428796402 0.305182364631764
0.1790716361621537 0.30453842321041197
0.18004007226662355 0.3037452723474116
0.18101852107847932 0.3030400679121627
0.18199358478458277 0.302348178207633
0.1829702963408827 0.30158711417362166
0.18394740342421217 0.3009006811458436
0.1849146045488047 0.30011875943327343
0.18587894755314194 0.29939876338322186
0.18685347799327928 0.29870407630339896
0.18782897738503346 0.2979453123148666
0.188813216037922 0.29736134221064986
0.18979338543698904 0.2965507279411242
0.19076605288831394 0.29582636938714774
0.1917238499561743 0.2951240599541604
0.19271297533724518 0.29436520627005575
0.1937013359594914 0.2937100634292939
0.19466200666257388 0.2929795546238027
0.1956481006389914 0.29233065736232294
0.19664362431462828 0.29152249268904323
0.19760139064942311 0.29068275835233265
0.1985775222494255 0.2900834923100403
0.19956037967153722 0.2893305383973536
0.20053051547275252 0.2886603594993505
0.20150786255829373 0.28789828977395077
0.20248497488510847 0.2871926300346502
0.20348043072518412 0.2864043863473326
0.20443525664053247 0.2856714401954333
0.20540988752055694 0.2850252514779726
0.20637695403270462 0.28435057440984995
0.20735267680485991 0.2835489412105116
0.20831703292769221 0.28285793259854114
0.20932744158803213 0.2820984784246981
0.21030759821035538 0.2814432029971536
0.2112804098864604 0.28062949241748963
0.21225020213730872 0.27994012619864267
0.21320953015952665 0.27920239421137744
0.21419199369066028 0.2785305585566193
0.21516964282638884 0.2777091903826911
0.21617303771622282 0.27709186601321084
0.21710533901928192 0.2763416362855892
0.21808717173287 0.27557518228584804
0.21907673826071644 0.2749253380772831
0.22006507341855286 0.2742676346052371
0.22102896400540767 0.27347255760286465
0.22202659063165298 0.27270223284400846
0.22298308592601845 0.27201146632624856
0.22394679312383958 0.27130469534860274
0.22492152309459323 0.2705839409877831
0.22592792411596574 0.2698238494231105
0.2268768278034876 0.26909202391881654
0.22787567919914226 0.26839963136401296
0.22884291228775355 0.2676065163282801
0.2298032246721629 0.2669636612276742
0.2307889731725567 0.2662259000524316
0.23174900479875282 0.26556967642736934
0.23274033171049974 0.2647319929892786
0.23371820345310268 0.2640857107210329
0.23469615416684342 0.26342781052774983
0.23567584365548266 0.26260226132464076
0.23667326103596098 0.2619234037585968
0.23763759011288704 0.2612716780162698
0.23858897363886128 0.26043396488225334
0.23957193913669234 0.25976716370315395
0.24056523573743493 0.2590530254014095
0.24154903516260529 0.25831643738233334
0.24249066022762866 0.25757007350693334
0.24346193504103292 0.2569110246868601
0.2444651542802731 0.2561260132592415
0.24545212937864475 0.25545572730644384
0.24641486407735347 0.25472839705072453
0.2473875877753846 0.25400010433938613
0.24836952974895354 0.2532964482477719
0.2493368176366434 0.25251234701950015
0.25029754305202667 0.25182013102826695
0.2512736676108202 0.2510185974866359
0.2522651469488105 0.25034232702292314
0.25325015878107027 0.24963162704038555
0.25421057698497584 0.24893204715298123
0.25519667187375855 0.2481609806881817
0.2561740173311002 0.24754167275316247
0.2571318239731622 0.2468174415771462
0.2581196086160903 0.24605894409946166
0.25911450188974544 0.24531456134584367
0.26007155911208385 0.24463601474062768
0.2610564516480927 0.24388216081265046
0.26203188915437076 0.2431831327675899
0.2630100676610269 0.24244931329428743
0.2639779350215951 0.24177261142245499
0.26496437192921857 0.24097024828740393
0.2659528208040473 0.2402295758619588
0.2669208223755292 0.23955140095902033
0.2678950830466525 0.2388335125211638
0.268864143311682 0.23813851545449283
0.2698426488758853 0.2374564946635367
0.2708004942669548 0.2367473875791336
0.27176943090373845 0.2359718053170744
0.272780480562638 0.23521922392513034
0.27374294056732934 0.2345268050313679
0.27471207649211266 0.2337343811277971
0.27569125197426175 0.23300927818341088
0.27665025810980753 0.23238241522878272
0.2776546072390946 0.23165830801886877
0.2786096330500723 0.2309258741923892
0.27960651749234683 0.23011230097487195
0.2805588988656686 0.22943710319873678
0.28154928352230874 0.22874190456356408
0.2825120638211092 0.22803005060597087
0.2835069572612106 0.22728077891520337
0.28448541184783177 0.22655862745709787
0.28547462364342996 0.22584892486331226
0.2864516837019631 0.22509027796595094
0.28741720061481196 0.22430322606881647
0.28838621038040196 0.2236981546178336
0.2893608652392176 0.22295213474386
0.2903452663350706 0.22226800845965256
0.2913116393053607 0.2214861233995854
0.29228396604571655 0.22079870006370617
0.29325794378150466 0.22002577199878975
0.2942492888877544 0.2193450111552675
0.29521652984922314 0.21868071400453498
0.296219038466394 0.21794348991058637
0.29717282708104925 0.2172022414376159
0.29815149785296974 0.21639929105148836
0.29915058181058946 0.21580337304591513
0.3001118054493446 0.21502219032466952
0.3010806106235047 0.21428225639854398
0.30206058440011047 0.2135861447966737
0.3030202951689754 0.2128585689604266
0.30399552825193493 0.2121281217011201
0.30497460806066606 0.2113548870464561
0.3059594606180605 0.21069238167380416
0.306919891406149 0.2099563746604522
0.30791475202846913 0.20923489546582014
0.3088849477467424 0.2085383155532718
0.30986515753826477 0.207796101447061
0.310847720846201 0.20706104941647818
0.3118084716570421 0.2063310870686832
0.31278951534153193 0.20565521699624845
0.31375784707621096 0.20493002215941014
0.31472839027102567 0.20416751965706542
0.3157149482685588 0.20346716628286476
0.31670092781426445 0.202734024591752
0.3176723478406333 0.20207918307411676
0.318656507424599 0.201344792209476
0.31964039560508745 0.2006238103647131
0.32058452160976475 0.19983420875305802
0.3216008589729787 0.19915463252687116
0.32256591853002287 0.19851084210789238
0.32350379946724667 0.19775261531230626
0.32449505016081276 0.19701140346234353
0.32548380702921303 0.19625414204044866
0.3264487407072924 0.19549529881281624
0.3274125292089383 0.1948675503662372
0.3283964037593547 0.19412768426445232
0.329373149727163 0.1933907635314046
0.33035383814544056 0.1926645829338473
0.3313103600300525 0.19203010924415026
0.3322710977170445 0.19122243881089496
0.33328390275621417 0.19056856347321283
0.33428498668738543 0.18973891216446592
0.33524394367878924 0.18907167702853217
0.3362315997873118 0.18843099491957582
0.33719465188498193 0.18761349893380708
0.3381776191294344 0.18689307193404286
0.3391467957065068 0.18618305125794543
0.34012966459680666 0.1854394861221334
0.3410836934841019 0.18472666392523007
0.34208080035766725 0.18405139601435083
0.34304527966052195 0.18327944529265422
0.34402273697400393 0.18260972761267896
0.34500136567237355 0.18183634499549106
0.3459704088081685 0.1811125418783477
0.3469706151848631 0.18043608564916613
0.34792093707277155 0.17969335389505625
0.3488957233369608 0.17896968733528995
0.3499061503699071 0.17822376302684634
0.3508689246515709 0.17751093160854903
0.35184246433267535 0.17678888113067992
0.3528037130914498 0.17607475901804998
0.353799853839269 0.17533477458940822
0.3547587490240633 0.17464507337003443
0.35573542521511164 0.17387524651934289
0.3567106503882676 0.17314981801563484
0.3576853935210455 0.1724980462777846
0.35868589572476933 0.17174299621129951
0.3596665546484569 0.17095389447099463
0.3606318626104304 0.17031523514918695
0.3616074953837916 0.16957146675985985
0.3625716502689687 0.16884886040243624
0.3635346378655376 0.16807279782695134
0.3645334942547967 0.16746942560333522
0.3654967896162095 0.16669052673940732
0.36647441471840375 0.16596240060283357
0.3674855559949988 0.16526083273254483
0.3684128732439846 0.16454327363949345
0.36938906751073014 0.16375988485992676
0.3703847915933309 0.16306896307338137
0.37137120147564723 0.16242631435446875
0.37232877722499585 0.1616509078455608
0.37332868666386126 0.1609502469856554
0.3743064797978221 0.16022979402494242
0.37527431425349106 0.15942667021174944
0.3762583226711808 0.15873018195191263
0.37723383516990366 0.15804410369219002
0.37820347643805624 0.15729950842204482
0.3791616658088361 0.15654930602519823
0.3801618226407664 0.1558776337844202
0.3811405612569368 0.15516119396948852
0.38207779215282184 0.15438983850219118
0.38307459868249377 0.15370283203095347
0.38403596162844406 0.1530023568127154
0.3850145316922921 0.15224639398125783
0.3859865426739833 0.15153715025186842
0.38698352185730406 0.15081589326060219
0.38795192882665114 0.15012179436366607
0.38890546276356147 0.14938398800170627
0.38991727481290356 0.14867917786025336
0.39088180716044557 0.1479818500891497
0.3918828958938771 0.14721097935154298
0.3928396229531195 0.14648438270826825
0.3938137608812427 0.1457432245116635
0.3948093392125061 0.1450604604974462
0.39575700849229384 0.14434795472125472
0.3967475497453586 0.1435955186380211
0.3977127519988534 0.14286428449020133
0.3986712512355692 0.14223083667267006
0.3996700814357533 0.1414695400962545
0.4006537840332914 0.14073684102269485
0.40160288468154787 0.1400164917837145
0.40258571431676 0.13928808032064238
0.4035829287252018 0.13856247153904272
0.40456105945133763 0.13780682326047378
0.40550945782948516 0.13711466974978104
0.4065036171711878 0.1364491370229226
0.40747169053896687 0.13570643418138584
0.40844346141487115 0.134941812070216
0.4094396168015227 0.13418619751078809
0.4103758860536882 0.13352836833838277
0.411360147024404 0.13275632451243896
0.41235035420445637 0.13209813115066382
0.41332163684074047 0.13137396870992496
0.41431214207935946 0.13061535234928684
0.41528597083182345 0.1298441387548161
0.41625730689786206 0.12914597100194203
0.41724260383802664 0.1285118238822992
0.41820607819419703 0.12772655669388566
0.4191853412996171 0.1269953859742916
0.42018310031968437 0.12631225588267175
0.4211409941882763 0.12559957074989675
0.42210062984086555 0.12488858845620338
0.4231020022667091 0.12409475007274506
0.42407821117728145 0.12334626954404793
0.4250612316554035 0.12264926554382188
0.4260115668348626 0.12198296445957174
0.4270284309675864 0.12122196921290057
0.42797163681606615 0.12051229330808838
0.42895559449512183 0.1197583952706161
0.4299158461193073 0.1191071630273014
0.43090727660727207 0.11836054640647348
0.4319003819079897 0.11764934108243169
0.4328563511338967 0.11691361595216526
0.4338399239318605 0.11617479049947643
0.434822237542333 0.1154949394489801
0.4357925576086025 0.11474604368073654
0.4367693668768022 0.11403258001272987
0.43773901245094543 0.1132462256358367
0.4387235059372275 0.11257069335992992
0.4396957183390913 0.1118557420930093
0.44067588144740416 0.11113238817798649
0.441646722921532 0.11041052836056203
0.44266326976831244 0.10968984414592181
0.4435829948048569 0.10897923613487953
0.44458078883926183 0.10830026949749155
0.4455450665537008 0.10750193978640737
0.4465234849616208 0.1067659256228371
0.44749924666083 0.10608669004909738
0.448472584039105 0.10536577676107933
0.4494547547312692 0.10465774347307533
0.45043447789720487 0.10391230500520038
0.4513994453840136 0.10320687452823119
0.4523914179042679 0.10243865284547093
0.453314068214621 0.10177467292041081
0.4543322282352206 0.10103949486266217
0.45530557726169346 0.1003084536340399
0.45630761834351313 0.09955686816330334
0.45724853971610785 0.09881580325074008
0.45824985482360575 0.09814135375785826
0.4592170856878293 0.09744934947119421
0.4602205165229906 0.09671057222872576
0.4611896123187211 0.09602698248422709
0.4621573309170454 0.09527526555389132
0.4631074178376013 0.09458494550552171
0.4640971624632128 0.09383821986212992
0.46507358800469173 0.0931158902670568
0.46602561008476856 0.09238250890850769
0.46702393519708757 0.09165818766620704
0.4679845690650865 0.09095049780293915
0.46897482251877526 0.09021948877824076
0.4699734134386639 0.08949731808647426
0.4709011996912941 0.08881942521593328
0.47189849195321204 0.08804765125527053
0.4729108731084067 0.08731404896659103
0.47384273152234063 0.08658538995147458
0.4748624329289554 0.0858278024473991
0.47581418696668626 0.08516303826067242
0.4767979224487939 0.0844594959289155
0.4777586797905616 0.08373388710313576
0.47874052434734177 0.08300035456919877
0.47970922894883733 0.08231260436598359
0.4806930192260606 0.08156906792158841
0.48166085751679616 0.08083947158394819
0.48263786332556263 0.08011809995977778
0.48362836942438264 0.07941458965859577
0.48460093924643893 0.07865540567583765
0.4855707325089819 0.07796751136282731
0.4865280029406102 0.07718237290645216
0.4875002168063028 0.07654002447201788
0.48849971318847657 0.07578221529766108
0.4894857870840759 0.07501740288789932
0.49046875519937755 0.07431753228320986
0.49141753486536793 0.07363926930311274
0.49238500910218425 0.0729127046018225
0.4934000652902453 0.07220069116347883
0.49437383327543344 0.07142216755532171
0.49533291790760253 0.07071411165414959
0.4963219421095468 0.07001788186585084
0.49728529081675815 0.06929773014980561
0.49830848035017167 0.06860768409478454
0.4992469301491101 0.06783847903176599
0.5002162645907934 0.06714655447889264
0.5011910753384801 0.06638640930773532
0.5021625859404102 0.06571736116454094
0.5031369046368676 0.06498378194262791
0.5041372780990716 0.06420961284421706
0.5050724639171632 0.06349191845578234
0.5060923091325485 0.06279072755159937
0.5070579643224155 0.06208259850270139
0.5080205535508118 0.0613306119225207
0.509008466000344 0.060609041141229246
0.5099750578146837 0.0599100596819935
0.5109631938976313 0.059206924197152476
0.5119282839900714 0.05850365342137114
0.5128918755374322 0.0577661394096138
0.5138614731557787 0.057041130122701726
0.5148478893677905 0.056261086715739005
0.5158474692155172 0.0555704839021506
0.516818576625597 0.0548895227133016
0.5177667976296464 0.05413809284150702
0.5187506629607751 0.05345521242807965
0.519718712354588 0.05265907478452966
0.5207266605597435 0.05192882409829116
0.5217246175582627 0.05128602091483205
0.5226686201260249 0.05055146047091843
0.5236533239298653 0.04979672840155557
0.5246375000785025 0.04907345583612504
0.5256191962722376 0.04834212943704088
0.5265654407090606 0.04761257643243171
0.5275788794945903 0.0469401951332487
0.5285337867361123 0.046228530238895
0.5295159209203043 0.045482263439530955
0.5304852912472907 0.04475520140536487
0.5314600740735181 0.04404138280214261
0.5324036677891896 0.043327880340994517
0.5334323536177586 0.042588144777045304
0.5343986856736093 0.041901574209075025
0.5353698400574312 0.04116263382125695
0.5363520204970591 0.04043541217470708
0.5373034711018004 0.03971697422029299
0.5382994135110671 0.03902375304238189
0.5392563256619674 0.03824838911809824
0.5402413821674064 0.03755634816052988
0.5411990952663992 0.0368017832134006
0.542180182141984 0.03611949811088396
0.5431802372014056 0.03536769890378679
0.5441578971233765 0.03466306583480571
0.5451240026291511 0.03396420816528286
0.5460871646436923 0.03322338309998115
0.5471131903540625 0.032464270725899295
0.5480607054554617 0.031774951050532095
0.5490346612538957 0.03104216295004971
0.5499822611445637 0.03034450820578382
0.5509502734568373 0.029629000197190024
0.5519600741523424 0.028922160788467897
0.5529340919964604 0.02814763519521573
0.5538620653351667 0.02742029031540876
0.5548825129658952 0.026750257573095147
0.555842315450619 0.026046013600444028
0.5568392025970901 0.02527674084636538
0.557784461009178 0.024549566762053963
0.5587730042891953 0.02383669179479391
0.559758350082927 0.02314888145052995
0.5607572075978998 0.022395990875870762
0.5617353618788729 0.021706750840413257
0.5626890968205964 0.02093800590880001
0.5636352722272853 0.020216662932234
0.5646361674683525 0.019482839827770958
0.5656101493592963 0.01881877613899343
0.5665832409659026 0.01805030856792513
0.5675726279058529 0.01736377612671241
0.568518905902881 0.01663639159360924
0.5695488648484008 0.015888605203557747
0.5705290088873014 0.015169171027188006
0.5714604969787551 0.014435414996657953
0.572453273391362 0.013747914506528092
0.573444869466725 0.013019624734162372
0.5744088932955245 0.012300638245608697
0.575380026124489 0.011574100307912
0.5763388747464406 0.010858076104805154
0.5773381045382073 0.01012279084795425
0.5783175676959417 0.009394417024233487
0.5792798224996293 0.008673872606327649
0.5802385366506232 0.007951565777992076
0.581252137404352 0.007239813291409042
0.5822105836034126 0.0065201005380471026
0.5831646506786831 0.005801747471264213
0.5841797226566664 0.005107170521281951
0.5851238325909549 0.004349056279523667
0.5861019743696619 0.003614032354773972
0.5871098612012889 0.002911598777815433
0.5880444650942847 0.0022086311582427357
0.5890598682846666 0.0014674387094818168
0.5900139881406302 0.0007666183745546565
0.5909864390003713 2.6014326705731464e-05
0.5919605572014808 -0.0006842126832258873
0.5929600003144798 -0.0013942466919580117
0.5938972742092857 -0.0021323921613905557
0.594865187230758 -0.0028482447660726547
0.5958596680468652 -0.003598459289309108
0.5968595967978242 -0.004293177669407738
0.5978616583890421 -0.004998298396333483
0.5988392078959399 -0.005717717561174151
0.5997969747032679 -0.006459072137245453
0.6007570123656159 -0.0071820427964162156
0.601723854490386 -0.007931441276554157
0.6026930509737226 -0.008624211470177367
0.6036799110298137 -0.009362257227739762
0.6046769756232312 -0.010076071906700684
0.6056546453388796 -0.010764164751570054
0.6066611885407049 -0.01152451549292039
0.6076040384742212 -0.01224587056501295
0.6085880575420185 -0.012954994095011529
0.6095690951084817 -0.013672102865797708
0.6105155031384021 -0.014397954479374758
0.6115096934339795 -0.015123350633178856
0.6124701032043183 -0.015846541130449317
0.6134659263424362 -0.01654171614889078
0.6144201420769064 -0.017285120095206753
0.6154285047085065 -0.01798882689151627
0.6163786648803298 -0.018708357366137553
0.6173567160824477 -0.01943670413596569
0.6183308727716943 -0.020187385492838668
0.6193476137293252 -0.020879981873433463
0.620248863179322 -0.021609550310499694
0.6212927336525854 -0.022324885350515918
0.6222516782848418 -0.02305596914156919
0.6232262121991273 -0.023751532665714843
0.6242008127471266 -0.024494581229702307
0.6251536091794305 -0.025230538732751225
0.6261449984543315 -0.025944176058447406
0.6271338476995699 -0.026654454625074632
0.628112142097575 -0.02737378850301809
0.6290904467999041 -0.02810062020113733
0.630032567912829 -0.028819622796682272
0.6309882207402555 -0.02956674618748032
0.6320280523681637 -0.030239735848879394
0.6329477496208465 -0.03099047313571881
0.6339089351456397 -0.0316919294630686
0.6349611683053135 -0.032431634075465836
0.6359012148911637 -0.033154995903191674
0.6369005637231778 -0.03387050357322174
0.6378672077335563 -0.034606826499662784
0.6388249773646734 -0.03533046973664209
0.6398089785250168 -0.03603750975420427
0.6408411800196944 -0.03674684749434735
0.6417103307400991 -0.03748394439534306
0.6427056873988108 -0.038205648974526975
0.6437026252243685 -0.03893920313584414
0.64468698351024 -0.0396604767500939
0.645674892070422 -0.04037371262517651
0.6466067179228618 -0.041071034121245124
0.6476360937221771 -0.04183404576818254
0.6485761915606071 -0.042536850416368586
0.6495608119538818 -0.04325851475784844
0.6505327739756142 -0.04396975719776971
0.6514933120863551 -0.04469806841137592
0.652509480643141 -0.045447307364343915
0.6534898606216226 -0.046140593237003306
0.6544361378453735 -0.046865693398722603
0.6554384065869211 -0.047575751228883335
0.6563964619040303 -0.04829010384420115
0.6573614509242441 -0.04903228003542639
0.6583656548420053 -0.04974879366426271
0.6593140302087795 -0.05049521523283467
0.6603130967442948 -0.05120437756132617
0.6612776257334096 -0.05191276684047411
0.6622502789835831 -0.05263483006441657
0.6632957147100073 -0.053368751195800306
0.6641863139044979 -0.05407789873048064
0.6652263086636256 -0.05479373114551731
0.6661432431261151 -0.05551908555771589
0.6671532138904128 -0.05622012064955933
0.6681159708693772 -0.05696269123611792
0.669078993867464 -0.057675788738957685
0.6700916873503319 -0.05840887727635193
0.6710642266539909 -0.059129658518931406
0.6719954010652405 -0.05986048437161293
0.673005374535881 -0.0605664329326971
0.6739884447485684 -0.061303546931450285
0.6749875997936673 -0.06202360913653097
0.6758927625877337 -0.06273529838652263
0.6768962361731958 -0.06346461849532176
0.6779269789248854 -0.0641763986916282
0.6788647779560041 -0.0649117570801968
0.6798599990261226 -0.06562218480154687
0.6808154952495822 -0.06634208425000876
0.6817893130689442 -0.06705997375419746
0.682720369189625 -0.06778100562305792
0.6837694899487295 -0.06850367248732435
0.6846770716151541 -0.06922137970306125
0.68567441642072 -0.06995423375424252
0.6867216087593118 -0.07067567950372142
0.6876695240630729 -0.07139549973316657
0.6885880947444745 -0.07209957971105412
0.6895617573545125 -0.07283237084670821
0.6906072311605769 -0.07357282879904353
0.6915404747310848 -0.07427569457631195
0.6924912458821119 -0.07499683571709206
0.6934691991226689 -0.07572685918179448
0.6944845870888533 -0.07644522717569838
0.695392789098132 -0.07715559045764823
0.6964587043496975 -0.07787559958244393
0.6974535200602923 -0.0786043042105027
0.6983537941570019 -0.07933131151672493
0.6994184562765432 -0.08004162466001895
0.7003516388868215 -0.08076609887199097
0.701313152474863 -0.08148190605751673
0.7022909128252266 -0.08221570438948583
0.7032759030649415 -0.08294309106276149
0.7042547712438689 -0.08365804737502122
0.7051916686677183 -0.08437796647246
0.7061806111602836 -0.0850970307521041
0.7071553476818809 -0.08581940644758007
0.7081299888693011 -0.0865466445368883
0.7091345656088767 -0.08726328676854153
0.7100794221634344 -0.0879802352717685
0.7110372196519 -0.08870936140203883
0.7120256038923899 -0.08942849198726341
0.7130590255381141 -0.09015436351936858
0.7140248067608049 -0.09086838174493941
0.7150171958585844 -0.09159017920833337
0.7159573670628454 -0.0923161756883666
0.7169324374201912 -0.09303481849578443
0.717886352278696 -0.09375807969276127
0.7188526386493038 -0.09449017937604888
0.7198784781311097 -0.09519419863637715
0.7208250507021344 -0.09591995543390869
0.7218378509593462 -0.09663165995345421
0.722775274224275 -0.09736803577757115
0.7237458097617648 -0.09809174831353992
0.7247604580043645 -0.0988098116388913
0.7257349178727793 -0.09952353843989012
0.7266930971510499 -0.10025350197513616
0.7276823750156572 -0.10096850254608691
0.728623120378857 -0.10169418348462696
0.729611600570924 -0.10241515680973264
0.7306028236495535 -0.10313708126691448
0.7315499883767009 -0.10384851306261517
0.7324988440973395 -0.10457252083526467
0.7335759739210408 -0.10529605302485737
0.7344982399985508 -0.10601850565919649
0.7355210629938206 -0.10673128634153131
0.7364683262254501 -0.10747169957520039
0.7374062799250255 -0.10818980939222725
0.7383756318309493 -0.10891201517359098
0.7393274677440411 -0.10963335520148151
0.7403712885690937 -0.11035116169997164
0.7413343185834474 -0.11107646644423232
0.7422691050752686 -0.1117918728729857
0.743268191190061 -0.112513582102582
0.744283809684503 -0.11324398119156917
0.7452171156103216 -0.11395392646404023
0.7463055454856272 -0.11468338659292171
0.7472128978055875 -0.11539759224170626
0.7481532730752786 -0.11612139452171108
0.7491160016144829 -0.11683685289440254
0.7501068206836169 -0.1175605247457559
0.7510623594371625 -0.11829036372991228
0.7520843857728924 -0.1190119909191917
0.7530154000423571 -0.11973300637001774
0.7540034422235697 -0.12044960642537711
0.754997192223671 -0.121172982928681
0.7559877551190806 -0.12189953215493365
0.7569346694691478 -0.1226099654434876
0.757919586733446 -0.12333309967505426
0.7588816064019415 -0.12405863307727383
0.759882673625619 -0.12478263807996334
0.7608768607921501 -0.12550298148475372
0.7618394878779804 -0.12622400149486704
0.7628031996532354 -0.12694573731518996
0.7638276264488223 -0.12766079544583941
0.7647616966119564 -0.12838538920121417
0.7657123548556027 -0.12910723031342722
0.766684101836808 -0.12982864165321104
0.7676967020206247 -0.13055170651137263
0.7686830213944297 -0.1312750617420533
0.7696268307794915 -0.13199213618719507
0.7705456258191173 -0.13271119967429446
0.7715966809554349 -0.13343461261919973
0.7725420984894191 -0.1341565464476421
0.7735542466800218 -0.13487912642081848
0.774567188560408 -0.13560320450166247
0.7755070140955338 -0.1363183517776801
0.7764787145013533 -0.137044620448891
0.7774408096994441 -0.1377634441515441
0.7784418625451197 -0.13848710004829934
0.7793896558108473 -0.13920715960519325
0.7803996791548616 -0.139929038152553
0.7813522969530883 -0.14065248892878723
0.782355870617903 -0.14136920247667378
0.7832912635926667 -0.1420936603312662
0.7843481697674922 -0.1428140715050368
0.7852540326578844 -0.14353643540091668
0.7862598693362075 -0.14426030970896297
0.7872692675727284 -0.14498010791725657
0.7881530439379654 -0.1456998628781928
0.7891649895004688 -0.14642286390670933
0.790127808839904 -0.14714421954943077
0.7911118863734747 -0.14786580222812895
0.7920866192680773 -0.1485864267795582
0.7930624528135627 -0.14930910147159912
0.7940821984322896 -0.1500292052970355
0.795055269649984 -0.15075118103185572
0.7959936522425122 -0.15147230936146855
0.796970600153195 -0.15219348076076505
0.7979442183174461 -0.1529151303351143
0.7989142517707762 -0.15363654763249507
0.7999318945456987 -0.15435811352807352
