#C1,C2
-0.1698734223104985 0.5664168153313215
-0.16896104342775217 0.5655814207490707
-0.1680485530031829 0.5648964939192509
-0.1671367166770797 0.5643154057843949
-0.16622417739143158 0.5633571552677404
-0.16531168350626 0.5627030608740933
-0.164399117613435 0.5620616431514968
-0.16348737389387535 0.5613783089004493
-0.16257529360687953 0.5606959688693312
-0.16166195522806948 0.5599215057487509
-0.16074987483608205 0.5592049069545582
-0.15983817855032814 0.5585168989377443
-0.15892612914399448 0.5577341463928046
-0.15801249434744633 0.557019283809563
-0.15710025835043845 0.5562724232808965
-0.15618766793056896 0.5555292418521547
-0.15527476946586424 0.5548106964414715
-0.1543641887044519 0.5541715301639418
-0.15345043588073518 0.553387228022404
-0.1525394774993625 0.55259206149195
-0.15162656146919373 0.5517834358761569
-0.15071319758513396 0.551183032471078
-0.1498029394735022 0.5505145164494072
-0.14888944595962567 0.5497738286352783
-0.1479779593109972 0.5491008002150972
-0.1470621214112245 0.5482905996510723
-0.14615288303782595 0.5476514468028879
-0.14524044941706452 0.5467995628697793
-0.14432941375567718 0.546205342293584
-0.14341477183417436 0.5453757497769067
-0.14250324247688254 0.5446960511156023
-0.14159048968311375 0.5440675757510741
-0.14067637714925996 0.5432537767819563
-0.13976544542939803 0.5424344747965244
-0.1388526696751726 0.5418726686313495
-0.13794213036997172 0.5411617272517694
-0.13702941204917643 0.5404251468656744
-0.13611389760043058 0.5396879252969501
-0.13520513875096377 0.5389216674350764
-0.13429302423120112 0.5382031674257731
-0.13338179639701048 0.537526701165167
-0.13246658984692072 0.536813298454835
-0.13155539087339493 0.5361337093235742
-0.13064355730005986 0.5353510734882011
-0.12973113916936027 0.5346728925349072
-0.12881420056895998 0.5338103315218606
-0.1279094410288796 0.5332759904161992
-0.1269960673941526 0.5325498264650224
-0.12608437788949428 0.5317257025563464
-0.12516745946133048 0.5310412199575171
-0.12425403872862512 0.5302952601111451
-0.12334883357416468 0.5295864719878643
-0.12242690072185533 0.5288828354592393
-0.12151820782940895 0.5281535174983528
-0.12060691331157092 0.5272445068683544
-0.11969375942391783 0.5266120853442887
-0.11878053370054442 0.5258729147216835
-0.11787079931521377 0.525139338642391
-0.11695716755264887 0.524564063117027
-0.11604526465832568 0.5237547887460962
-0.11513190280450922 0.5230346437619807
-0.11422379622084661 0.5223514973669807
-0.11330960431425519 0.5215798606599735
-0.11239504041493767 0.5209880386102708
-0.11148315095521666 0.5201339994581252
-0.11057094849199464 0.5194129025382082
-0.10965865398185987 0.5187713481384633
-0.10874436236674637 0.5180445352697095
-0.10783346109316751 0.5173365860340331
-0.10692207938603199 0.5166730161304586
-0.1060079748718839 0.5158132040063976
-0.10509994978305008 0.515178988379473
-0.10418835950784597 0.5144849252828346
-0.10327303727498152 0.5137210801569607
-0.10236002827321461 0.5130995874971344
-0.10144884308540952 0.5122212240621798
-0.10053774794574968 0.5117011836978997
-0.09962134557284859 0.5107168410576466
-0.09871259638327665 0.5101692295886479
-0.09779814184254741 0.5092828484948239
-0.09688604549600724 0.5087332416495225
-0.09597604435765333 0.5078947188836789
-0.09505722982482677 0.507271478174521
-0.09414989817434573 0.5065513180357643
-0.09324288866012634 0.5057998205691601
-0.09232643195175903 0.5050960191937365
-0.09141247167733114 0.5043872241812444
-0.0905035233916686 0.5035087658143156
-0.08957593506859325 0.502924599622494
-0.08867003311344351 0.5021124508963916
-0.0877601687605421 0.5015251367920909
-0.0868486207634594 0.5007150704300477
-0.08594094498344683 0.49993509319533264
-0.08502275814046355 0.49919442120478114
-0.08410953897333476 0.4985528452958878
-0.0831997367892353 0.49788800439492037
-0.08228776212781753 0.4971454850488462
-0.08137644926886153 0.4962776587762286
-0.08045962586853646 0.4956266428477219
-0.07955419069662963 0.49490219179991096
-0.07863031387884983 0.49432223183564133
-0.0777172641023802 0.4934724719275852
-0.07681129403335873 0.4927544242862609
-0.07590559167535843 0.49193580255453145
-0.07498342072258377 0.49125733450393266
-0.07407753344313842 0.49068212511182446
-0.0731657115042088 0.4899612532277972
-0.07224591861872083 0.48921982027617267
-0.07133923983570081 0.488400993823313
-0.07043516534207074 0.4876855029893647
-0.06951057022891383 0.4869893276488058
-0.0686044081631422 0.48625377866742486
-0.06769210252240691 0.48555686087838695
-0.06678072547065449 0.4848042395787379
-0.06586627228414603 0.48402183976569707
-0.06495336096619454 0.48328669623028425
-0.06403573529383279 0.48269776414156657
-0.06313626510789347 0.4819707379900063
-0.06222670602345296 0.4812120909034751
-0.0613073177440065 0.48056342421352144
-0.060389958982270724 0.4797125355428255
-0.05947253948096536 0.4791031478595645
-0.058563238757964826 0.47844724000973843
-0.05766759136778501 0.4775541787572403
-0.0567376183234855 0.47691769089287434
-0.05581773755583593 0.476145560594845
-0.05490881708705902 0.475458103323473
-0.053998372428392845 0.47476885628216897
-0.05309603302105887 0.4740493306386883
-0.052171931742334234 0.47345001589839825
-0.05127084292473066 0.4726280005359002
-0.05035432644745506 0.47200573730346745
-0.04944398515795125 0.4711364096188711
-0.048528526076916635 0.47052111057651475
-0.04761854440344513 0.4696304416139439
-0.04671514593127355 0.4689954208600639
-0.04578757093792531 0.46824399441379455
-0.0448769470912043 0.46740738090245587
-0.04397321222442042 0.4667498783638068
-0.043053894288876994 0.46603152236541884
-0.04214826697169042 0.4654139814915759
-0.04123275048647399 0.4647057633679031
-0.04033309546289988 0.4638430251228735
-0.03941497238211159 0.4630599668540942
-0.03850464893590395 0.46244004547468315
-0.03758825289965135 0.46168770453149605
-0.03666668039196192 0.4610172209903565
-0.035743924648260324 0.4603149867728334
-0.03484494403997985 0.4596219642594139
-0.0339305528750904 0.45885630701961727
-0.033013393157654704 0.4581855823074977
-0.03210425574431456 0.45739267002384837
-0.031200053711252985 0.45673024334822393
-0.03027233693138274 0.45618353640380555
-0.029366721517382073 0.4553922466175438
-0.028454671948036116 0.45453541518429946
-0.027543163386605958 0.45383350506286363
-0.02665084791524281 0.4530675281213525
-0.025716209469066893 0.45227462317105155
-0.02480324505345447 0.45163232863369346
-0.023897897127720787 0.4509495933991407
-0.022974191372515503 0.4501595081622947
-0.02207684135005856 0.4495826913481113
-0.021161320710152122 0.4486478087067181
-0.020232257515547587 0.44807939246552414
-0.019329432665668535 0.4473336838087893
-0.01841776322422923 0.44659907669531934
-0.0174996624700084 0.44598701052607687
-0.016596155992044843 0.445156334319789
-0.015685527055186145 0.4444045806666386
-0.014784506420218451 0.44367892988935737
-0.013876377264255118 0.4430481796125563
-0.012955936172353444 0.4423155704040603
-0.012047021011975695 0.44149196427153453
-0.011116855035809175 0.4409712649904282
-0.010209909638586928 0.43999584816575404
-0.009300544979488684 0.4394414550324636
-0.008400208432529066 0.4387717217580697
-0.007476943041811573 0.4379297260735063
-0.006552968187350688 0.4373357850424529
-0.005649332533230305 0.43646774927206283
-0.0047385417495392265 0.43586165572135077
-0.003833666556759213 0.43506965977218953
-0.0029263624491264236 0.43431186384610393
-0.0020106880781095068 0.4336358215371678
-0.0010773382135955741 0.4330057122967172
-0.0001761599829732726 0.4322801234044868
0.0007394389699811547 0.431486905276705
0.0016359516594724403 0.4308406553185657
0.0025483004198386897 0.429984104316018
0.0034667295194521167 0.42928719710804847
0.004399448534658479 0.42852301290780986
0.005301274663335626 0.42783074961785666
0.006216135454166683 0.4271424761333153
0.0071301231963322945 0.42636977734220133
0.008032442761470521 0.4256796615217289
0.008939737027536249 0.4249188390814704
0.009867048318925703 0.4243255895343046
0.010762478442695756 0.4235479141980098
0.01169715168698176 0.42278823106548064
0.0126069446301244 0.42201196261779667
0.013513314374124003 0.4214050523843978
0.014425494721915977 0.42064459116381875
0.015322887852642764 0.41992434880488866
0.016233283252987306 0.41922196408379814
0.017162281699879593 0.4184944349194368
0.018051712666256013 0.4177763614068722
0.01898820700140396 0.4169275257708412
0.01990029486046762 0.4163403620205491
0.02079690368442779 0.4156601411803014
0.02173275746410868 0.4148417751244949
0.022638194900196577 0.4140501557504849
0.023538335141676463 0.413430201891493
0.024463651849490002 0.41269923507579026
0.02536866223148123 0.4119789079035489
0.026277611997828097 0.4111559183664894
0.027192479367729276 0.4105351859813972
0.028071195767462108 0.40977571012718567
0.029007740171336276 0.4090385406166311
0.029927031418329746 0.40845968121462445
0.030820575552330774 0.4075893976953631
0.03174815007767633 0.4069307106519689
0.03266708173376958 0.4061806302156132
0.03357885476114091 0.4054464567947516
0.034508454182763736 0.40474779781518905
0.035390020609186994 0.40400595256591515
0.036315093599180275 0.4033019486934311
0.03720489415522107 0.4026743830805189
0.03812866626491659 0.40173896285325467
0.03906034454469034 0.40108752118115104
0.03996045292689792 0.4004088542780659
0.04089748475039264 0.3996791664343436
0.04179582294177905 0.3989719300761642
0.042702026287902976 0.39826362157205014
0.04361598516773562 0.3975299492234036
0.04450928974591708 0.39688237350586436
0.045446183536315625 0.39609006043538514
0.046368686558849924 0.39544836942292977
0.0472655639337772 0.39467915602583353
0.04816767404633362 0.39393345077273195
0.049078716158375855 0.39319474304858554
0.0500070395796949 0.3924978438493743
0.05092383688110782 0.39182541133350496
0.05183589294685866 0.391085230523667
0.05273090807545324 0.3903453667368753
0.05366086594191776 0.38957230159104345
0.05458199208692246 0.3888660779345077
0.0554627041664312 0.38811615608808153
0.056377922450269145 0.3873991436782544
0.057324762280407275 0.38672444648115706
0.058226523722687155 0.38603380443940966
0.05913193210540487 0.3853496610178287
0.06003152045211759 0.38450155557240157
0.06092759580161657 0.38372012483406465
0.06188209051319773 0.38323966717940255
0.06278522934501507 0.3824807458756581
0.06367053987037524 0.3815642849456295
0.06458603854666198 0.38107313430122075
0.06553059541645198 0.38023966775017753
0.06642685395640319 0.3795430901646811
0.0673278378188916 0.3787903212671961
0.06826623141579288 0.37808703302639296
0.06916637667859701 0.37739968796603934
0.07007904879791815 0.3766039117742536
0.07101080948784877 0.37599132888806946
0.07188794451117747 0.3752647018113798
0.07281040473820607 0.3744581723647297
0.07373088001477554 0.3736767858780982
0.074635045904544 0.3729346432623915
0.07554480525874321 0.3722051321365715
0.0764593628206903 0.3714680164265472
0.07736761875531681 0.37094059662312767
0.07828430218976776 0.37010624877552917
0.07920410590361487 0.369354561884452
0.08012974482070406 0.368744475095876
0.0810345444902631 0.3679623278688668
0.08193614621320883 0.3673556024690126
0.08282492241498407 0.36652779999575275
0.08375447515208545 0.36584378961813907
0.08469092388067284 0.36508545477549975
0.0855975265840509 0.36438641284845147
0.08651962893715293 0.3636777701026848
0.08741106316639369 0.36293979236922463
0.08831334600634871 0.36213988374522327
0.08924213150646826 0.36144949184852454
0.09013910308818496 0.3606800384863679
0.09105610083798155 0.36006716287927937
0.09198374854063296 0.359358901700022
0.09287233582949672 0.3585609910817468
0.0937869821277047 0.3577807661618307
0.09469416824058507 0.3571441931515687
0.09563063182269882 0.356373842213152
0.0965389995619148 0.35575294189880374
0.09745409067394961 0.3549251311349774
0.09837133700697132 0.35430179009748447
0.0992696096040287 0.3535764213453169
0.10017784792469298 0.35288725649689706
0.10107820969458975 0.35207291299430094
0.10202596540141318 0.351339648267798
0.10292052611527519 0.3506739793284454
0.10382132956599782 0.34992196328349606
0.10470498562006669 0.34906037443955423
0.10564377243915157 0.34859418639257495
0.10656885445799169 0.347727428562224
0.10746327325812188 0.34701497446604285
0.10840329593941966 0.34635504914083076
0.10931798918664543 0.3455644120798003
0.11024008355526493 0.34482526592321866
0.11111663369680647 0.344171893911104
0.1120360873165715 0.34339139581588246
0.1129480386040857 0.342727153901586
0.11390060719590872 0.3420327561034468
0.11480657898883545 0.34124827311848777
0.11570723763686452 0.340571245116925
0.11662418104057459 0.33989646931609946
0.11752137224955084 0.33913018158252833
0.11841371497996206 0.3384337001061993
0.11934596953180715 0.33762461864609566
0.12026071913559988 0.33695138509778194
0.12116457613031223 0.33621695154348824
0.12207753850248859 0.33546984341858793
0.12300795215533855 0.3348062462254087
0.12392106918794504 0.3340139508937467
0.12483015566923789 0.3332751140811721
0.1257203971851168 0.3326418556542737
0.1266365561292474 0.33185322070667617
0.12756081235814803 0.3311103375776557
0.1284487091778262 0.3304866154076857
0.1293680883542414 0.32974164298161207
0.13028730387466775 0.329022845047895
0.13121106507787256 0.3283281450882944
0.13211710457527592 0.3276406636633325
0.13304202749580868 0.3268240219384277
0.13392372454266216 0.3261116059918446
0.1348305889800107 0.32552049548112455
0.13577014136534876 0.324745566447091
0.13669201348786592 0.3238613810133148
0.137627418475875 0.3232881288751716
0.1385184374629274 0.3225138897849203
0.1394305140498578 0.32179072407763937
0.14031914857930455 0.3209662689751925
0.14124427404312084 0.32039030565791043
0.14214417969496584 0.31954397875866375
0.14307118895219528 0.31899228412912145
0.14399210242217353 0.3181390296955439
0.14489390858853696 0.3175209977840065
0.14581469611376857 0.316645860922158
0.1467194473199277 0.31611043380442133
0.14763840412542095 0.3152579414819437
0.1485529193489868 0.3145626233293361
0.1494539999032144 0.31393315973558705
0.15039715072154386 0.3131709743933821
0.15122729109588867 0.3123554107608881
0.1521942889486081 0.31169433543523156
0.15308190488731516 0.3109332232195093
0.15398051962305875 0.31021900578474776
0.15493643395259604 0.30952016462254844
0.15584139779166906 0.30883175787188594
0.1567574282471359 0.3080782145863919
0.1576540707896673 0.30735937875601166
0.1585685707983015 0.306660229037745
0.15948805261798382 0.3059672853169217
0.16038697994774082 0.3052104752542752
0.16127967904111035 0.3044022671229378
0.16219945581149348 0.30377212828902495
0.1631443194885177 0.3031040129684714
0.16403952458687532 0.30235118664641575
0.16497026635537332 0.3015621916334566
0.16585051398880296 0.300929656299129
0.16676887399704998 0.3001568482063573
0.1676960164654685 0.2993593030539536
0.1686181115262343 0.2987335849688059
0.16952280735100594 0.2980511328758872
0.1704312225136284 0.29725969547203407
0.1713351122727148 0.29653638004375255
0.1722544323457929 0.2958330597634566
0.17314534084621458 0.29510678793420625
0.17407828339145992 0.29440406596496366
0.17497876410932184 0.29368962002009874
0.1759335834537108 0.2928178214759853
0.17680812496873843 0.29227895564801093
0.17775275671046215 0.2915278524357207
0.17862332901025768 0.29073094189418464
0.1795354316022137 0.29007177698700876
0.18047345647196633 0.28927038306897374
0.1813557295645889 0.2885488277062173
0.18230971723226624 0.28787548900481047
0.1832068052736583 0.2872062490538792
0.18412430746279357 0.2864425788993435
0.18503583483151487 0.28578507451638907
0.18593822480266725 0.28504590953328096
0.18686797567702568 0.28432350464122674
0.18776497480709026 0.28351731045202805
0.18868610669614722 0.28288365956734557
0.18960509243605156 0.28216237004078465
0.19048518475624937 0.2814457124063509
0.19141519445927946 0.28071324006168447
0.19230705123184 0.27992512351348525
0.19325157330661547 0.2792109604885839
0.19417244161505515 0.278603935546297
0.19503647307534722 0.27783725148143096
0.19595379387641126 0.27706671489832896
0.19687945236261295 0.2763601211178906
0.1978019138475821 0.27562019466038484
0.19871898263160848 0.27492643800896416
0.19962149962930847 0.27410051422470666
0.20056491873371857 0.2734115138127315
0.20144493255470342 0.2727510494354674
0.202371164437523 0.2720075247241352
0.2032766486321264 0.2712230049231979
0.20419730648418544 0.2705381002216502
0.20511168228282045 0.26978911826146873
0.20603584327097824 0.269154028527602
0.2069360163722727 0.26842305182059806
0.20782970100590137 0.26765418466470353
0.208759637788328 0.26696787553120965
0.20968912298304654 0.26625912042179617
0.21058187869202877 0.26553470728759937
0.21153026453047152 0.264796138926858
0.21239515560786415 0.26415160294786205
0.21332088291214119 0.2633443056411458
0.21422835316563182 0.2626767282673507
0.21513896737622756 0.2619383840057051
0.216036464802365 0.2612221457101084
0.21693269792603137 0.2604888197960006
0.21786962528478154 0.2597439243622026
0.2187603826153774 0.25911489973919855
0.21971190400308005 0.25830717583639196
0.22059636709969999 0.257510972264207
0.2215240187827972 0.25682787472738483
0.22242937156220038 0.25612233236902304
0.22335403774182133 0.25545198320140294
0.22427867651570732 0.2547701882547015
0.22520203262503274 0.2540262520090209
0.22608921339980603 0.25324606713658837
0.22701393563873218 0.2525056439054743
0.2279026155068306 0.25187186404938594
0.22880864835001835 0.2510744336802631
0.22976383905706732 0.25036240937320325
0.23064307847968757 0.24966540236245327
0.23162343453568934 0.24891590275272124
0.23246198774964222 0.2482435430515475
0.2333973694417537 0.24746446503455483
0.2343007868818872 0.24682072608209754
0.2352173113219468 0.24602119946320056
0.23608093457571477 0.24525819785271807
0.23705293009679956 0.24462907549560176
0.23794302921321842 0.2438839674835041
0.2388493380518409 0.2431720330340138
0.23975822167640776 0.24236448898750296
0.24066315554761086 0.241698546094117
0.24155097389185604 0.24096711200127363
0.24252212900408338 0.24030202565384662
0.2434592330193922 0.23951264491326762
0.24431579613253662 0.23883133864400446
0.24524909886368967 0.23810965255269384
0.2461487164463017 0.23733998971971754
0.24709128194788138 0.2365748002945
0.24799799911003462 0.2359859316765936
0.24891303174979013 0.23518017570616256
0.24979432771119747 0.23456424891440658
0.2506943389339149 0.23391548771519977
0.25163348138149877 0.23306552528042507
0.25254113988450905 0.23232220758947314
0.25344961955394996 0.23157074356989066
0.25436839953461865 0.23090343697465132
0.2552773841683551 0.23012434377695085
0.2561796861130561 0.22951977512632737
0.2571001408650529 0.22875789591130335
0.2580535415128644 0.22801619427970493
0.25896800877938886 0.2273720665551629
0.25984330282202966 0.22650052002422355
0.2607625397404833 0.2258807375602308
0.26165489495170663 0.2250483327977733
0.26258814376511413 0.2244127207651318
0.26347083422959033 0.22370479508573127
0.2644235518714621 0.22299183123849475
0.26531850773937166 0.22230012295494617
0.2662632283214384 0.22144285213889586
0.2671490956728733 0.22079075451554359
0.26806796815608475 0.22011012178459022
0.2689968168946368 0.21939625202030716
0.2698714959581832 0.21860184397734078
0.2707948207579582 0.2179528318948878
0.2717030144806965 0.21715856719463528
0.27261433103152505 0.21647776739481894
0.27346384004436813 0.21576374815177263
0.27446382551075826 0.21501082642396435
0.2753348438972207 0.21431164489154048
0.2762587428896179 0.21355919019581865
0.2771768658804495 0.21283424883001328
0.278102112514614 0.21219462042964365
0.27896655389284003 0.21141272400299788
0.2798911514909102 0.21067295283553977
0.28082721895961543 0.20992619338955937
0.28174426254347457 0.2092242459497795
0.2826455659649381 0.20842513611474411
0.28357135475893563 0.20779245076882635
0.284466145385259 0.2070234451015469
0.2853894981135097 0.20636137941405797
0.28626288496188207 0.20570962025223238
0.2872461067520676 0.20494312919746793
0.28811511159518727 0.2041427884661831
0.28905476085484055 0.2034616181875386
0.2899720113317184 0.20273867794431788
0.2908707967980048 0.20203717728207887
0.29178546620238616 0.20135698055587364
0.29271068665430294 0.20060971063344996
0.29358355447458534 0.1999351468011768
0.29450520007017583 0.19914944291333236
0.2954332272548375 0.19845383467712968
0.29633436054698087 0.19767241577122208
0.2972340864148381 0.19696543207517647
0.2981804690643081 0.1963106115420461
0.2990561873168495 0.19552979075793842
0.2999917035225714 0.19483259497603428
0.3009057851768238 0.1940923916864617
0.3018248808328711 0.19332875856600695
0.30274530774472314 0.19267276206482187
0.30364429162698076 0.19187034961536875
0.30451839440787404 0.1913027534725419
0.30546125093548365 0.1904650485805452
0.30633809992621114 0.18985245625293046
0.307245549713491 0.18895961673520573
0.3082355034889705 0.18840391354963731
0.3090940494032058 0.187604913439896
0.3099957604903307 0.1868902621357249
0.31093711478249303 0.1861730608790848
0.3118651891532724 0.18547606755249552
0.3127381310042377 0.1846962737618303
0.31370333781192256 0.1839233370690277
0.3145962650059147 0.18325967430157747
0.3155157045563028 0.18252312202400772
0.3163927149710111 0.18186627547968398
0.31732944988727313 0.18108756169818996
0.31822304209089164 0.18039175918790062
0.31911969970333726 0.17965067557142406
0.32005091086607246 0.17899177508402347
0.32097554958502045 0.17823397735661112
0.3218176020344749 0.17747590796508073
0.3228199230324174 0.17680546232959887
0.32367419407341586 0.1760788955616862
0.324617314821884 0.17540862832720766
0.32555809808876773 0.17462820774914933
0.32646123395724974 0.17393495906141476
0.3273516376389885 0.17316195058563666
0.32825188682139966 0.17245710490887672
0.32920090570965493 0.17179147016826285
0.3299952969483681 0.1710241579132905
0.33102992361261313 0.1702596196656706
0.3319084874938992 0.16962777763894588
0.33283869714138264 0.1688895568711577
0.33376294710907833 0.16811954382026195
0.3346621582394524 0.1673859869301471
0.335591918997815 0.1666996437460403
0.3365259272788996 0.1659555535713843
0.3374223398203791 0.16526939198734464
0.33832292531529445 0.16451134489435854
0.3392833251731941 0.16377721584480015
0.3401103918265554 0.16308545681905967
0.3410520584082439 0.16238910654472977
0.3420165624810046 0.1616772070744591
0.3428507320653174 0.16089750078880644
0.3437697639496316 0.16017668705209787
0.34470655748143847 0.15947378067940993
0.34560989395428604 0.1587955293533656
0.34652320065665526 0.1580203806141593
0.347447729439549 0.15736808338204655
0.34837657789783866 0.1565846284551513
0.3492473481677017 0.1558254813298261
0.35015047807316063 0.155169118778961
0.3510769841954227 0.15445246855471567
0.3519767762982267 0.15368742896719934
0.35287196937733006 0.15299976066786364
0.35376878645367055 0.15222168438294625
0.3547438291916684 0.15155881197544785
0.35565025228784647 0.15086704961299696
0.35654636372578424 0.15006854404175074
0.3574548146446011 0.14942911433822825
0.3583704182256699 0.1486551081310732
0.35925061396360286 0.14791940075586546
0.36021693379177405 0.1471909065467779
0.3611371824595169 0.1465493091457209
0.362067132133633 0.14577558423887205
0.36292932723770815 0.14504000405256368
0.3638434366318913 0.14434683277496485
0.3647577652844552 0.14359423524910292
0.36570317957324655 0.14292851615834684
0.36662253854121335 0.14221742383571323
0.3675052257666999 0.14144285720116923
0.3685016113984138 0.14069242133141663
0.36930600413928444 0.14007103495054096
0.37022479950286263 0.13930061167879432
0.37116190815016753 0.13852905585453062
0.37205598815783364 0.13783547789147077
0.3729367060468683 0.13715481320377249
0.37386744246592646 0.13642152124559281
0.37482356673023814 0.13569053986704416
0.3757348462148949 0.13498388731071148
0.37659556862336135 0.13421395696118332
0.3775088865418253 0.1335339276784473
0.37841613177519146 0.13277975553715265
0.3793100456246969 0.1319866849181459
0.3802594739438449 0.13129206953601724
0.38119335219037415 0.13062893237682965
0.38211023251127724 0.12992977855980947
0.3829863507441314 0.12919086535339225
0.38389546171417394 0.12849040900074893
0.38482231093871416 0.12775496850248486
0.3857186383152678 0.12699161019648625
0.3866747752779918 0.12625769557400185
0.3875397793800987 0.1255744683505855
0.38847340082723253 0.12489291355810272
0.389422325744821 0.12413804502311748
0.39026852564223297 0.12343074315221375
0.3912101841965184 0.12265850076843865
0.3920910171626208 0.12198561764961435
0.3930823397540985 0.12123995040808777
0.39398053847234665 0.12058976826703999
0.3948603754446532 0.11976188755927242
0.39579610486415956 0.11912199120707112
0.3966961401760834 0.11836481191687054
0.3976037448639343 0.11761888071819465
0.3985304946714194 0.11685576075185822
0.3994523923324345 0.11616569018026085
0.4003269192269708 0.11547875666046953
0.4011826234714379 0.11473335836557974
0.40213015577871863 0.11401559414489476
0.4030425187606251 0.11325684184722806
0.40401936923045273 0.11258787468327064
0.4049324063175957 0.11185069802388786
0.40578631719295616 0.11118665820434448
0.40670751163830593 0.11043574812041673
0.40764423057488425 0.10968992233302982
0.40859172445186814 0.1089384176986049
0.40948911239712943 0.10824791407661966
0.4104655096294993 0.10754706249996004
0.411254889523284 0.10679771575191227
0.41218101232231547 0.10612679822778537
0.4131218585668955 0.10536341673860716
0.41402698067618265 0.1046281335886795
0.4150032187399579 0.10387999135073644
0.41584621877575484 0.10318197908977439
0.4168002125891633 0.10244968762663631
0.4176746665776892 0.10177911686715135
0.4185959963241354 0.1010750151836538
0.41954663897042105 0.10036394808698118
0.4204138762868174 0.09958107955818973
0.42132132851337417 0.09884639625546782
0.42223929466913274 0.09813596429112181
0.4231429894679853 0.0974134841301757
0.4239888536710608 0.09675008690866799
0.42493795668003115 0.09600892877312062
0.42587889333087986 0.09525699522126208
0.4268409424261232 0.09452839648116829
0.42768821099146576 0.09379580867189391
0.42862917373336956 0.09308778984851596
0.4296027533808439 0.09237473891848896
0.43048256783040845 0.09167300789161492
0.4313294553505475 0.09097059403328336
0.4322581458917761 0.0902441776037847
0.4332028013625803 0.08949054963399275
0.4340709013177499 0.08875014880735888
0.43505178577117026 0.08801888827035209
0.4359355271360979 0.08730346119869506
0.43680181944896995 0.08661907740783745
0.43776377215955103 0.08586407646232991
0.4386742464423718 0.08519866878623142
0.43961056201287324 0.08448285965098074
0.4405153736913591 0.08376043615200984
0.44140358757812265 0.0829927838502901
0.4422976667314082 0.08228674948573761
0.4432252552117589 0.08156095757115722
0.44411558782637833 0.08088036393559034
0.4451096338211615 0.08009910406398824
0.4459488433264917 0.07941221300441206
0.44689891937863685 0.07868104949493801
0.4478252675156977 0.07789857944136053
0.44874765553206414 0.07722459675943685
0.44956375756709716 0.07648124179662866
0.4505292438847342 0.0757713196856826
0.45141516978922996 0.075079116782852
0.4524000054748523 0.07437311681927669
0.4533000969077812 0.07364750070193513
0.4542278708531238 0.07290682023836725
0.4551283362088229 0.07218750207594021
0.45594131765796925 0.07147148471944326
0.4568875945786804 0.07073546910241207
0.45785913689906604 0.06997297455752613
0.45877808770740497 0.0692796219848495
0.45966817829054324 0.06856029136835934
0.46058836936703756 0.0678317676890143
0.46146341235361515 0.06711302924305626
0.4624265655238338 0.06641183685413266
0.46326803664736055 0.06566291367019045
0.4642234841420137 0.06498774971897511
0.4651077749638544 0.06420546711642733
0.46606080085508067 0.06352649284935885
0.46693283068981034 0.06277783597629544
0.4678296707469794 0.06207661596357913
0.4687397171272146 0.06131426250428789
0.4696939152809571 0.060655916722461144
0.4705566215308478 0.05987366912764774
0.47145182026915805 0.059192896892956
0.4724236081495537 0.058450566111671536
0.47330255609075517 0.057723204808989396
0.4742152512687153 0.05702319773674135
0.47514056876312555 0.05625513255469324
0.47607725389548755 0.055592832655025924
0.4770452443891559 0.05488342041460347
0.4778361663488084 0.05413886784555826
0.4788502576338954 0.05344967738585659
0.4797216963038033 0.05269240727356755
0.4806344455459693 0.05198475999982676
0.48151679517544504 0.05130047030221984
0.4824702171228837 0.05055093287665171
0.48338100247290566 0.049797481164280476
0.48421168933563735 0.049070679205433725
0.4851729476296713 0.048416737655703306
0.48616959749090555 0.04766038556043744
0.48703030249020623 0.04694734150549206
0.4878896771214804 0.04620813693238506
0.4888226616887296 0.0454859970443546
0.4897769766937304 0.04472470524521082
0.490686122930394 0.04402736437777207
0.491597920019941 0.04333173134083281
0.49249911969285004 0.04263154977262714
0.4933643807499359 0.04186652193669823
0.49429058121762853 0.04110914658246725
0.4952439052822531 0.04050243797837199
0.4960995242369441 0.03972321884917384
0.4970745807645896 0.038972833404238426
0.49799976358857095 0.03828932932329287
0.49890277754865636 0.037528894064159844
0.49976825023017174 0.03682733922186004
0.5006864502956537 0.03610558257757756
0.5016000715349519 0.035392711234137696
0.5025183692182952 0.03467980456945329
0.5034660543126359 0.03391996412017705
0.5043249220274303 0.03320536248579347
0.5052818854647504 0.0324566856311714
0.5062183784293398 0.031728111878976055
0.5070935525489266 0.031048185518446896
0.5079748295540845 0.030340111147946734
0.5088471736929354 0.029619301503211563
0.5098624006184092 0.02888710821630224
0.5107283315636614 0.028153936654574878
0.5116552291592336 0.02745811827314431
0.5125746496087729 0.02674007938238531
0.5135139932358272 0.025985945758817512
0.514356994579072 0.025279714871964502
0.5152657007107363 0.02455359534739584
0.5162045202442876 0.023860805917742194
0.517098869364223 0.023097687702316953
0.5180362841388269 0.022389116185429096
0.5189767754204269 0.02167555803464454
0.5199886836113471 0.02096422173185402
0.5207691561086187 0.0202337373417947
0.521675102870107 0.019484310044309276
0.5225758930814599 0.01878659513719024
0.523472055039021 0.018037017334749487
0.5244209856540081 0.017358054961327633
0.5253416341335134 0.01662000571524227
0.5262438047630198 0.015882980120538036
0.5271442860018613 0.015175496796195698
0.5280135063083559 0.014452636744908038
0.5289847582237702 0.013764470917675875
0.5299117241736921 0.013003147520717096
0.530846576111349 0.012282078759999116
0.5317396767418406 0.011588302549672769
0.5326243719909944 0.010829802596524019
0.5335092390435981 0.010110263375657258
0.5344476310143559 0.009418388295235164
0.535378582123037 0.008672901731160304
0.536277020501786 0.00798630590644372
0.5371850715413139 0.007237374731781926
0.5380449126010818 0.006534583276095291
0.5390047864768015 0.005824701024695867
0.5399926495489352 0.005088113428122315
0.5408514912638844 0.00434677843989203
0.5417651545125173 0.003645575856722977
0.5426919203293218 0.002925584945737603
0.5435524748953552 0.0021762296213428626
0.5444776238696819 0.0014875080573586667
0.5454087281133988 0.0007576861306868247
0.546325664822487 2.816618087963553e-05
0.5472474531803333 -0.0006971736824517624
0.5481874046824088 -0.0013953252415124014
0.549062025566574 -0.0021470934702004004
0.5500002006985002 -0.002846875120317843
0.550858054564765 -0.003589579251783886
0.5518480399989656 -0.004295790714215408
0.5526960224707265 -0.005038305672259496
0.5536320507282063 -0.00573669318460549
0.554538319726121 -0.006476192118077295
0.5555031208505147 -0.007179889694346497
0.5563406554608321 -0.00788046580534355
0.5572478260686138 -0.008655648676989236
0.5582173128586986 -0.009363897583675151
0.5590952474808644 -0.010098279205110394
0.5600836836001335 -0.010776771761884857
0.5609190317229401 -0.011517019930136934
0.5618812507764182 -0.012204513870964917
0.5627608435783892 -0.012943883132850225
0.5636618443230854 -0.01366467122331031
0.5645528332006884 -0.014417230024614957
0.5655747242454924 -0.01511142929501647
0.5663788294950224 -0.015846204308192453
0.5672005221979562 -0.016568197209364678
0.5682055144789813 -0.017298427832645243
0.5691443079937678 -0.018002908834206972
0.5700668796700461 -0.01872967417441932
0.5709419934745561 -0.019443727262745854
0.5719262755222438 -0.020196603937625658
0.5727975319965906 -0.020894599288848827
0.5736948939502992 -0.02161623761070853
0.5746060708395223 -0.022342130849475457
0.5755187128330289 -0.02306005117648053
0.5764268490019797 -0.023786626216430608
0.5773269740646628 -0.024502613241167183
0.5782225846034051 -0.025236659967504967
0.5791146016567412 -0.025937408659466123
0.5800854488564767 -0.026664978872020524
0.5810629332858362 -0.027370050251932405
0.5819134595003982 -0.028110012413287984
0.5827601928160068 -0.02883502491324983
0.5837044750243621 -0.029538271974461384
0.5845992427719059 -0.030290770256262305
0.5855722304121487 -0.031006025967653082
0.586538144763172 -0.03172238792489133
0.5873495527308834 -0.03244100632446633
0.588338638843164 -0.033143069365593726
0.5891606179997017 -0.03387100301814568
0.5901758086745561 -0.03457364282269972
0.5910644681032533 -0.035310886971170886
0.5919656940534217 -0.03603076560553719
0.5928596755192413 -0.036759134418587046
0.5937943702489842 -0.03747678392820202
0.5946927469210738 -0.038192142446663586
0.595620058685565 -0.038922612734078633
0.5964401253478303 -0.039651271457227
0.5974515891349533 -0.04035924232155997
0.5984027793401149 -0.04109831914019051
0.5993029215752469 -0.041787200094458514
0.6001248501676761 -0.04253650106307664
0.6010831030663623 -0.04325328417861677
0.6019879259732641 -0.043975207628723374
0.6029147706790613 -0.044676877173528605
0.6038070815991673 -0.04542146403816583
0.6046862891049878 -0.046135438715875075
0.6055902676649139 -0.04686837900499142
0.6065954190196471 -0.04758384129648146
0.607370103644695 -0.04831426045300715
0.6083960316999305 -0.04902753910848227
0.6092765126389992 -0.049756514730293154
0.6101658523067897 -0.05046136070414745
0.6111606024760019 -0.051183852230757367
0.6119872328506473 -0.051917237577777754
0.6129496217799388 -0.05264511015457856
0.613905523574125 -0.053354732711815435
0.614775827922308 -0.05407713015230436
0.6156379502418421 -0.05481726675203374
0.6166004870307071 -0.055522562698466595
0.6174979776744458 -0.056238367378539954
0.6184679923446085 -0.05694891014060129
0.6193062318565054 -0.05768730244956453
0.6201573040406088 -0.058390558809756736
0.6211483256756761 -0.059132552386429914
0.6220129026259537 -0.059862871249124226
0.622943112351114 -0.06056019801801115
0.6237857441305602 -0.0613111802116141
0.6247444823870338 -0.062006694551270704
0.6256470997894611 -0.06272285986755999
0.6265834362232795 -0.06345741124005645
0.6275636636271359 -0.06416600458432967
0.6283890007272068 -0.06491293083688182
0.6293156357049 -0.06561783347153771
0.6301883175837453 -0.06634463133331069
0.6311842276793274 -0.06706597738454652
0.632083565392503 -0.06779070213313673
0.6330033034046804 -0.06851147660772522
0.633913583039418 -0.06922497269457184
0.6348537615104934 -0.06995941987207363
0.6356719750781117 -0.07068396739459798
0.6366664353465038 -0.0713854417808158
0.6375345040645034 -0.07211276633515058
0.6384000234062361 -0.07282775598544888
0.6393881912669914 -0.0735544765943634
0.6403101441966715 -0.07427703305833307
0.6412354314515031 -0.07499843216200035
0.6420974851448324 -0.07572431540121327
0.6431118202874131 -0.07645222510724732
0.6439905255399918 -0.07714346301367571
0.6448634055182252 -0.07786995424125169
0.6457589438640486 -0.07859955832722772
0.6466685807050405 -0.0793335491228975
0.6475922741575456 -0.0800515407800516
0.6485521058789131 -0.08078081367864547
0.6493392661538444 -0.08148648517016731
0.6503426028040487 -0.08221996321732947
0.6512148937734493 -0.08292415155431661
0.6522081010593899 -0.0836502937305638
0.6530781301114086 -0.08438877528532593
0.6538887972672536 -0.08510167752696018
0.6549127357826715 -0.08580332605369727
0.6558676950854437 -0.08654994331124258
0.6568195598433287 -0.08724551225075586
0.6576135964445967 -0.08799366277907306
0.6584854274361073 -0.0887216942733647
0.6594446135690448 -0.089421134817579
0.6603771357044841 -0.09015512402132636
0.6613513386836141 -0.09086580841117137
0.6621499947620482 -0.09158288556991345
0.6631209471338134 -0.09231896690319388
0.6640741641065836 -0.0930391666660106
0.6649731555532251 -0.0937591076936177
0.6658336891023707 -0.0944790750352361
0.6666441170040133 -0.09519462046348331
0.6675750053624067 -0.09592176295222513
0.668626134847651 -0.09665303374295411
0.6694721987798926 -0.09736209787188799
0.6704921662014264 -0.09808595389153633
0.6713816527942895 -0.09880411062620315
0.6722196500368655 -0.09952595666476831
0.6731563489332028 -0.10024438023527127
0.6739634902765391 -0.10097969584678304
0.6748853803420624 -0.10169026559918981
0.6758931903836474 -0.1024198996002089
0.6766986077105819 -0.1031427943180405
0.6776969043960843 -0.10385857471551493
0.678649073458461 -0.10458721497227944
0.6795358225577869 -0.10529876947089511
0.6804824545356154 -0.10602795659349946
0.6813544019866964 -0.10674078005182824
0.6822280931886174 -0.10746678567605907
0.6831516399757546 -0.10818469454413707
0.684093329678624 -0.10890794528450144
0.684951543005997 -0.10963289615095019
0.6858843804148832 -0.11034981498084374
0.6867576761083156 -0.11106601610873891
0.6877046351357896 -0.11180040916573124
0.6885335803383256 -0.11252003288689426
0.6895978070342897 -0.113226453965182
0.690490309164744 -0.11395933536583261
0.6913694132759504 -0.11468231777647445
0.6923008426764691 -0.1153992379507151
0.6932438773363525 -0.11612620641635554
0.6941382860668213 -0.11683782303569282
0.695043945941073 -0.11756359695417262
0.6959706503997903 -0.11829135708984004
0.6968336162392561 -0.11899777255926486
0.6978021820374154 -0.11972152171563522
0.6986311048272937 -0.12044714992419159
0.6996284988627784 -0.12117143707966122
0.7005890080262662 -0.12189398745847099
0.7014695713066456 -0.12261257935688125
0.7023125890098978 -0.12333297452707026
0.7032778075983082 -0.12405649971780641
0.7041185175443715 -0.1247787480664854
0.7050728813432112 -0.12550284949119214
0.7059974116702302 -0.12621742818447948
0.7069063392024864 -0.12694482405086424
0.7077800557788031 -0.1276643433810146
0.7086786723875065 -0.12838563151383725
0.7096171682879407 -0.12911054351471665
0.7105600810104185 -0.1298293488841365
0.7114523291911315 -0.13055029954315073
0.7123952998428655 -0.13127394229375297
0.7132977781050495 -0.13199579301692932
0.7142414826332785 -0.13271532585114837
0.7150653950148287 -0.13343957082190702
0.7159025961743749 -0.1341547395519311
0.7169713143025834 -0.13487704530455993
0.7177948073654089 -0.1356034269718842
0.7186674379412591 -0.13632382290117612
0.7196618634960217 -0.13704348167041772
0.7206318167850113 -0.13776432431733676
0.7215504145875188 -0.1384847350321998
0.7224137150969298 -0.13920747211334422
0.7232859762086948 -0.139927551334957
0.7241297813905339 -0.14065095871363842
0.7251310090155627 -0.14137065956471645
0.7260914185021006 -0.1420915458743809
0.7269912717252899 -0.14281366636463752
0.727931040649369 -0.14353668709313716
0.7288427795471699 -0.14425942361888713
0.7296712924701653 -0.14497755108779012
0.730610134540338 -0.145699836823701
0.7316398352366398 -0.1464214343039665
0.732477077925396 -0.14714267622367064
0.7333796775633966 -0.147864898795532
0.7342835436496981 -0.14858732923155527
0.7351947776921605 -0.1493072511112203
0.7360791385958482 -0.15002880670233534
0.7370098130559172 -0.15075115379522952
0.7378654288866549 -0.1514715621983095
0.7387636863985139 -0.15219287349687166
0.7397992407489843 -0.15291532510104186
0.7406087156036184 -0.15363660763962364
0.7416632654852474 -0.1543580996217832
