#C1,C2
-0.2503486564643217 0.5065471987272167
-0.23609777495731665 0.5058481489647764
-0.22206951298228506 0.5051544272011861
-0.20832689445756558 0.5045913668881664
-0.19490718937336915 0.5039067751066256
-0.18163511128783716 0.5032263216584084
-0.16865697295492388 0.5026364048747419
-0.1557607422474916 0.5018614337938302
-0.14326753725858477 0.5011689675623118
-0.13097656405396196 0.5005443875115292
-0.11889408681795877 0.4999925022014073
-0.10710793406762076 0.49921216402030816
-0.09536015506459616 0.4986137656039868
-0.08390885466034181 0.4978428930669891
-0.07262149983955024 0.497368916644419
-0.06142426200208195 0.4964885946361514
-0.05069734869269915 0.4958008222568883
-0.03982815728970179 0.49511211554797624
-0.02923361896811794 0.4945065439220237
-0.01895361924616135 0.4937540910286226
-0.008660642101950392 0.4931295756255551
0.0014523195671072263 0.49248928518101537
0.011305942401691579 0.4916790684054932
0.021219777354812838 0.49107509153704426
0.030594336331718038 0.49046478297239465
0.040248077629752244 0.4897826554337847
0.04930836986281539 0.4890272261268315
0.05853430265385262 0.48825898027740094
0.06767215070228239 0.4877235591064299
0.07644724593405672 0.48689278448302525
0.08520297738159599 0.4863573172445345
0.09377305496216537 0.48560154804961647
0.10238158595052316 0.48506054632242696
0.11052899627117196 0.48425727112784517
0.11890707245063759 0.4834560654870392
0.1270435453155775 0.4828637150902308
0.135043194673088 0.4821615554374045
0.1429808980374796 0.4814931694779338
0.15067239238401475 0.4810014753392448
0.15822518157470422 0.48010417689343193
0.16589638286694208 0.4793465173258236
0.17343692808662226 0.4786347087098142
0.18063190676227336 0.47799400257412367
0.18806043252472493 0.47717497674604353
0.1948677314309566 0.47663509534329246
0.20206650047690133 0.4758822992365063
0.20894233227572168 0.4753349273661855
0.2157342606608561 0.4745655836208456
0.2226483752275108 0.47395584891488535
0.22908346229088528 0.47314246495358087
0.23566879779122707 0.4724901766199701
0.2421481686576522 0.471692715603021
0.24825422114108775 0.47083405222785596
0.254732747484793 0.47041290582455003
0.26089014661105636 0.4694669714951442
0.26703861054019107 0.469037952544985
0.27293380569137704 0.4682389890486555
0.2789300566761014 0.46753920093708373
0.28481370151468977 0.4668775957985401
0.29054251305557777 0.4660858447115627
0.2960775044999544 0.4653015244017364
0.30147288511987547 0.46472766887319467
0.30726909828502047 0.4639112237625444
0.3128330575891688 0.4633491342217348
0.31801296657420475 0.4625369277276314
0.3235793993161048 0.46199813861034583
0.32877803277395523 0.46116539953332475
0.33383412678744906 0.46035933294976566
0.3389363710383019 0.4597711578141927
0.3439787966347829 0.4591130727199651
0.3489795231981351 0.45834472750096483
0.35394808364102415 0.45765674270498574
0.35857524406447394 0.4569775555399724
0.3634829420031678 0.45633838125460285
0.36816645640197343 0.45544958724053625
0.37276814293307714 0.4549214266969938
0.3773680908249596 0.4540890364546281
0.38187201085605693 0.4534095654649996
0.38624675708168 0.4524706021844988
0.3907835607538751 0.4519995785260242
0.3950070820285285 0.4511454991296679
0.39936543942638736 0.4505197216601477
0.4036300719319884 0.4497763596060646
0.40776389562360205 0.4490752492814714
0.41184701893369347 0.44843784219974386
0.4160566608300639 0.44760812604215355
0.4199597333439674 0.44697846164362337
0.4239868981286853 0.4461663415839939
0.42783630954620344 0.4454450116359698
0.43172339461442955 0.4448953074114432
0.43553346732210885 0.44402733991332294
0.43931712759981556 0.44329005878605104
0.4430422030456288 0.44255385618848025
0.4468462865625161 0.4418551738040963
0.4503976894000069 0.4410528800872114
0.45378075520912053 0.44054486623322847
0.45754844582975773 0.4396837456330533
0.4609668312818971 0.43906159196980993
0.46430351693765404 0.4383887685613305
0.4676635666221389 0.4374867570323298
0.4710626176553071 0.43673691825362676
0.4742998857822466 0.4359758419354471
0.4776662089723508 0.4351736344176432
0.48096845652467224 0.43462776603806536
0.4840914164435105 0.43382134904217423
0.4873234380375747 0.4331668234266694
0.4904346503990872 0.4322864362354201
0.49351099370724805 0.43170287980226724
0.49655210948210293 0.4308807345714652
0.499459012113851 0.43030085368742393
0.5023934024762603 0.42941058268746085
0.5053432226457975 0.4289365058317293
0.5082024965215806 0.4280093013704251
0.511062146498174 0.42720616382406623
0.5139655869582275 0.4264106276107375
0.5166494255068943 0.42584137678686
0.519385491392959 0.42512911264400594
0.5220862827320784 0.4244467655448731
0.5247819672709236 0.42360929816186904
0.5273529204049551 0.4229926736651099
0.5300344508215248 0.4220821692765661
0.532571936940876 0.4212905571010917
0.5351232378447855 0.4207396643899574
0.537656978225085 0.41995839001437324
0.5401500268035843 0.41923283279604945
0.5426059826902933 0.41843441609544313
0.5449481960706665 0.41783730831911264
0.5473584117600544 0.4169118179388988
0.5497902424031081 0.4162109902666306
0.5520759799728786 0.41538581185538664
0.5544279826108328 0.4146422165241887
0.5565250314249545 0.4140719236826304
0.5590141656611193 0.413085687583675
0.5611066498378118 0.4124703947587542
0.5632938220405658 0.41174088282925575
0.5653684767559691 0.41100345194688853
0.567636566742347 0.4101017027721496
0.5697713467678028 0.40940162814648157
0.5717732654282145 0.4086625741945606
0.5737670164985097 0.408089755544827
0.5758802137351505 0.40702471040827554
0.5778369368708799 0.4064453713793707
0.5799216614282009 0.40578974567211995
0.5819472971154317 0.4050382967909733
0.5838839049275913 0.4042909462679442
0.5857453446301454 0.4034857559506933
0.5876024914798766 0.4027366844513373
0.5894594130400078 0.40182275066855005
0.591413397599908 0.4012598699306677
0.593168040422663 0.40058260157958964
0.5950129424629448 0.3997324337541676
0.596803195052766 0.39895862638678575
0.5984760800149526 0.3981564669682826
0.6002404406709513 0.3972964730192072
0.6018788598496477 0.3965650628958612
0.6036295112029147 0.39621761690632734
0.6054539736742036 0.3951400432763578
0.6070421780478107 0.3945393053561103
0.6085639662411167 0.39364617449570577
0.6103467999532143 0.3929150183976929
0.6119292058828442 0.39211962716778687
0.6135892691059338 0.39139684500507704
0.6151174770915754 0.39053404173446976
0.6164852063426237 0.3899609310699456
0.6180595161400969 0.38926712980272166
0.6196014882184592 0.38834001693239845
0.621022516331548 0.3876394565802466
0.6225983437856809 0.38678562094515495
0.6240073957400062 0.3858379937109592
0.625409688552511 0.3852589854088602
0.6267898493638576 0.38452601805135783
0.6282458033415562 0.3837662301916079
0.6296361228164659 0.38298542620238124
0.6309412090498695 0.38233415197869586
0.6323101882771601 0.3814417165762191
0.6337154652399087 0.38059373883804754
0.6350032334066943 0.37997431391902753
0.6362314102986998 0.37909060134454803
0.6376678150040528 0.3784491650120689
0.6389185072049505 0.3776026268964095
0.6401999247273632 0.37690131847190106
0.6413558415538562 0.3760163459397396
0.6426943881502906 0.3753148644264383
0.6439106120985795 0.37447327212175024
0.6450984505940281 0.37374795785707676
0.6462065067305623 0.37281453217033983
0.6474213664594682 0.3722857241770649
0.6486285803046038 0.37128243847244596
0.6496389133268016 0.3705625209449785
0.6509071257611571 0.36986950867824525
0.6520272835848252 0.369132067301116
0.6531222909592079 0.3683110996615175
0.6541088206872304 0.36752611218078585
0.655206495663193 0.36682776147141855
0.6561817004432021 0.36587854204196507
0.6574544661605567 0.3652517817942719
0.658494767297587 0.3643147005942184
0.6595065456345987 0.3637105524169923
0.6604474583251668 0.36285999435137745
0.6614297448263117 0.36200525958699664
0.6625300378131672 0.36125344844887225
0.6634649384770382 0.36039988900148073
0.6644353639718411 0.3596377182755039
0.6653435781406224 0.35890210538961836
0.6662939401566889 0.3583692604064876
0.667304156657866 0.35740208696418446
0.6682557460669395 0.35665057342389933
0.6691031229331471 0.3558690847005384
0.6700704003206795 0.3550744129549241
0.6709340157327396 0.35411789250354725
0.671847074105938 0.3535727083927595
0.6726199591932157 0.3526792875436828
0.673557942713691 0.3518431159118131
0.6743419774798928 0.351020433536071
0.6753109076153682 0.3503159964860238
0.6761385464531714 0.3496498813114986
0.6769115673264151 0.34866856250006334
0.6777214146850875 0.3478174989458374
0.6784720200181217 0.3471985210955399
0.6793688306919948 0.34634092777980724
0.6801306261512584 0.34558295817615353
0.6809101237596699 0.3447703652180653
0.6816997645196677 0.3439631165402383
0.6824597864930638 0.34323328323648566
0.6832683158865528 0.34234575168734455
0.6838996737022763 0.3416256324812699
0.6846615671996504 0.3408738641915245
0.6854331829282231 0.34019217340979385
0.6861465882925867 0.33917482452561504
0.6868302132631937 0.33852897919915087
0.6875719533386796 0.33769202408284
0.6882216985942474 0.3367693556274452
0.688935044438134 0.3360510352570241
0.6895604570248078 0.3352034556778695
0.6902947652916623 0.33455009602190494
0.6909287426247578 0.3338207947492699
0.6915143075421154 0.3326914586328206
0.6922442966043546 0.33212631921814756
0.6928700226693841 0.3312201025222868
0.6934829935327388 0.3305360921005041
0.694104046192216 0.3295714435087573
0.6947634367007288 0.32892652035845876
0.6953509010620281 0.32813193388949696
0.6959733539398786 0.32741556809641176
0.6965005054809937 0.3266221303830103
0.6972239886426691 0.3256505545225657
0.6977338993542846 0.32486019047148734
0.6982906237997072 0.3240298194231905
0.6988849491170525 0.32332916036757037
0.6994997609420631 0.3226341221395926
0.6999604245264793 0.3217610894422895
0.7005299282126557 0.3206004725841943
0.7011050208401525 0.320021543364124
0.7016402342528186 0.3190711607588445
0.7022046266822736 0.31868045996518796
0.702737148227914 0.31772643833405406
0.7032013428262619 0.3170015444206549
0.7037588106628144 0.3161245049712244
0.7041987266591071 0.3152486587512466
0.7047480109783123 0.3145451846684432
0.7052781675873186 0.313587472574771
0.7056554234928946 0.312844526765863
0.7062594594295105 0.31204328160401834
0.7067814893803684 0.3111996119064689
0.707210395515543 0.3103468007266393
0.7076596678739532 0.30941718825594594
0.7081361156969518 0.3089400341707375
0.7085811310506339 0.3080004428988769
0.709069739704746 0.3071021683248553
0.7094487286051089 0.3063497962563914
0.7098608284079978 0.3057338012473569
0.7103440988694517 0.30464847865239014
0.710798232542427 0.30401105518222077
0.7112138398513032 0.3030661908224758
0.7116790684127706 0.30232323788350407
0.7120269654502213 0.30168564953501814
0.7124861187194632 0.30079144182852197
0.7129892327136315 0.2999319382974838
0.7133524197328135 0.29894275960170796
0.7136699337020417 0.29830470044675933
0.7140683263038031 0.2975555441550181
0.7144763786783385 0.2967086810706007
0.7148949223763851 0.2958096700420139
0.7153032512411316 0.2950037319170488
0.7156309409682523 0.29427704444246555
0.7159833542778741 0.2931690994104001
0.7164318361283509 0.292657585335997
0.7167663782614052 0.2915891823917582
0.7171289519669072 0.291069283611681
0.7174872796985577 0.2901978380488282
0.7178054410720022 0.2894080841889963
0.718188612707204 0.2884613386954968
0.7185850756763777 0.28766748923579927
0.7188658129200095 0.2867466801792487
0.7192424154399951 0.28610644905416754
0.7195229028813327 0.285216842217262
0.7198587660157222 0.2841807959601968
0.7201727485132391 0.28351376761603425
0.7204936444256486 0.2827552461055774
0.7208246311220442 0.28182200626186443
0.721196151101663 0.2811378452758359
0.7214945312292437 0.2802371996084195
0.7217896258001669 0.27941709845795465
0.7220990094636818 0.27866809274670495
0.7223843832444513 0.2777739871817651
0.7227017985682634 0.27694796121167103
0.7229599234052629 0.2761448191651335
0.7232262993162889 0.2753386067507478
0.723575587405925 0.2745598058844522
0.7238767258902904 0.27367011437106165
0.7241280725019531 0.2727858815899347
0.7244549869696123 0.2720564958801622
0.7247104547391808 0.2711599389029804
0.7249232271618414 0.2704272669970442
0.7252755841401174 0.2693970659608059
0.7254601032176192 0.26866424825442337
0.7258028285204478 0.2677524378521794
0.7259997576672569 0.26718912691710384
0.7262997227030173 0.26607169329566793
0.7265355087855482 0.265478525206583
0.7268135494521218 0.26451829921047487
0.7270235937140958 0.26372367965461097
0.7273031856077968 0.2630267354428605
0.7275247145113134 0.26218253617299025
0.7278140234841147 0.26124330377971827
0.7280314107989937 0.26050449165685485
0.7282287081973621 0.25956121489867845
0.7285184354365789 0.2588145834635386
0.7286957548125877 0.2579545517497285
0.7289008090616947 0.257108520051338
0.7291449685350307 0.25637796105994604
0.7293802688961065 0.2553032415470836
0.7296387074267138 0.2544423316034917
0.7298498005854334 0.25368108300424297
0.7300684784930552 0.25310394499640054
0.7302518731304867 0.25208341557929714
0.730468391548733 0.25108286675158686
0.7306963982994886 0.25044392958045236
0.7308417712372147 0.24967711253147098
0.7311131823239033 0.24887128591722366
0.731264097830966 0.24790694627021762
0.7315232865242852 0.24704009196752155
0.7317260113860545 0.24648411022611919
0.7319260571982996 0.24546820423056917
0.7320419282179181 0.24481453841283354
0.7322533418672045 0.24390762687936487
0.7324794617015665 0.24290961303948247
0.7326682232767733 0.24212305960617533
0.7328065642003786 0.24125085159317175
0.7330708118555137 0.2402893962070423
0.7332208054383521 0.23944140820012186
0.7333891203321953 0.23889349059104273
0.7335451180242379 0.2379881803922063
0.7337396299116626 0.2370323398198352
0.7338897788050324 0.236206127973167
0.7340757093084657 0.23547273316577458
0.7342065085458284 0.2346307575528023
0.7344281769635216 0.23385844916191936
0.7345815411882538 0.23282249118235945
0.7347168821217939 0.23196110042440657
0.7349464739919019 0.2313238185406197
0.73506927953596 0.2304153520465996
0.7351947020130717 0.22953352691077347
0.7353879954938248 0.22870754878427316
0.7355500411650152 0.22772546760251947
0.7356777477535529 0.2269875337687798
0.7358245566958858 0.22617637629915224
0.7359896758691399 0.2253427469824885
0.7360694051289859 0.22433425542504162
0.7362912921058212 0.22359134340981937
0.7363938524740451 0.22270528023129768
0.7365868116476794 0.22207831981311357
0.7366838961651009 0.2212020764611307
0.736860352879453 0.22045993415239698
0.7370029869270945 0.21949313316799482
0.7371399380892166 0.21857018245228269
0.7372730524900969 0.21788279801423663
0.7374048315529157 0.21671793011797494
0.7375338541922613 0.21595222816353546
0.7376548937450439 0.21524177717292395
0.7378063749461926 0.2142692712020904
0.7379171042569069 0.21358107796058093
0.7380609128339005 0.21246409710162242
0.7381887714429914 0.21186106597967383
0.7383218993267496 0.21093129448447404
0.7384610344361168 0.21042988496379025
0.7385557276667715 0.20913768208702468
0.7386284953141716 0.20803405918226728
0.7388059530423406 0.20782045069004443
0.7389219806073867 0.20697723822321215
0.7390066715682116 0.20600856950864302
0.7391567231353083 0.2050281510016624
0.739234669085774 0.20424565290177013
0.73935923915248 0.2033149396472447
0.7394600576466662 0.20250844490549283
0.7395802860055026 0.20162109053456548
0.7397103507918915 0.2010009431761738
0.7397856138556435 0.19988206593918648
0.739932078925665 0.19906724560972647
0.7399737515428254 0.19827262168185414
0.7400545371337287 0.19732930720295053
0.7402453015920648 0.19668381569051221
0.7403309942177031 0.19572028007477518
0.7404046446661218 0.194796377592003
0.7405219910833537 0.19413732857407998
0.7406172524687406 0.19300952869329505
0.7406967673579598 0.1924241507042204
0.7408038779344582 0.19133339085386594
0.7409263733354853 0.1906128179168506
0.7409974474715074 0.1896873032516471
0.7410670804709761 0.188820318108517
0.7411823788002426 0.18797534955919318
0.7412480532858711 0.18715770668670798
0.7413651097356847 0.18631171056744292
0.7414649562182477 0.18557159007986837
0.7415460459966731 0.1850300976060464
0.7416409168509156 0.18373838271503964
0.7417375377413803 0.18317308166125115
0.7418141020877814 0.18213291761507924
0.7419108026597804 0.18139743048801807
0.7419738916467874 0.18031981647046338
0.7420674698113178 0.17968011029708977
0.742120587416326 0.17869008476258255
0.7422334916451728 0.17777296000611634
0.7423109381042962 0.1769815579259564
0.7423804074156838 0.17644207522775293
0.7424408226603808 0.17510905304674432
0.7425348018834718 0.17451362387234773
0.7426105458908533 0.17374079322779404
0.7426825837448411 0.17278213044863347
0.7427724732892157 0.17197236000375762
0.7428326659957821 0.1710676892714529
0.742924589403044 0.1702061845728862
0.7429801028897746 0.16914862305765213
0.7430558244811426 0.16859120387260665
0.7431048598358957 0.16766694783828254
0.7431831897795925 0.16669104356089529
0.7432547827809618 0.1659730486572292
0.7433410651941285 0.16499437588441904
0.7434083068543004 0.1643274391931289
0.743477363587581 0.16341199350255123
0.7435200614386822 0.16251905861109608
0.7435886562837161 0.16156359866985862
0.7436586462404892 0.16077230243248056
0.7437425915949399 0.15966208067501467
0.7437711891862077 0.15916144530912804
0.7438561375393317 0.1583133093739069
0.7439198612734578 0.15728105777419324
0.7439815239745154 0.15658243863176283
0.744028713659565 0.1555935919836158
0.7440820090042602 0.15480498590834538
0.7441367720414026 0.15400369738867462
0.7442168857405703 0.15319407082459893
0.7442639657033318 0.15214061595463316
0.7443257732347256 0.1512521353805756
0.7444027073917511 0.1505596456527444
0.7444347643859474 0.14966326435561186
0.7444749794367854 0.14885164124293862
0.7445497815497913 0.14814304740908782
0.7446099933889166 0.1470478304127706
0.7446849093548801 0.14605626424341225
0.7447243459682541 0.14539031148982065
0.7447655253615134 0.1446783731787238
0.7448160140605445 0.14344686367862583
0.7448844724279445 0.14274606827062855
0.7449376898482277 0.14225276857530836
0.7449657596437026 0.14135539078418927
0.7450248845747817 0.14020703376363533
0.7450901658917449 0.1393178238924432
0.7451443938449803 0.1385189664758573
0.7451727088391275 0.13773945555162806
0.7452048308972593 0.13673003050146829
0.7452753109831817 0.13599307330030355
0.7453216321569031 0.13533878349870024
0.745336857900807 0.13426308298943304
0.7454103727458038 0.13343763474170126
0.7454591989240408 0.1325750460784251
0.7455014107861769 0.1318486107854693
0.745557216434977 0.13077878298462411
0.7455896070161411 0.1299165913204964
0.7456402006361859 0.12906311966715292
0.745673241230754 0.12821915237362283
0.745725383216206 0.12733129752771102
0.7457416380571363 0.12661311963724034
0.7458125008303907 0.12567829794202615
0.7458521268590029 0.12481389970282855
0.7458996711799241 0.12402909768009909
0.7459199940980096 0.12304634437346465
0.7459394815656851 0.12225790719261667
0.7459932863213282 0.12119378648303183
0.7460279366053747 0.12061277846651577
0.7460939177784746 0.11969942305422723
0.7461339851700458 0.1188839288817434
0.7461460177116398 0.11805084766202303
0.7461900259860844 0.1170362711207095
0.7462206318880603 0.11616318693422714
0.7462678367770627 0.11564514907553261
0.7463111684436236 0.11467621747199944
0.7463241264049431 0.11367913897081608
0.7463850421748431 0.11295665888990017
0.7464246400513032 0.1117600663768136
0.7464412582422572 0.11129982581268985
0.7464765951575415 0.11036887321051161
0.7465060510889149 0.10938197409793396
0.7465411264570058 0.10851452878264448
0.7465563395752727 0.10786908646797558
0.7466092936652514 0.10697320984264838
0.746642272253559 0.10602590720376895
0.7466630110777769 0.10529216003604816
0.7467154519370306 0.104303237809826
0.7467325035801303 0.10325817686326447
0.7467781201899092 0.10251989736464731
0.7467979372389507 0.10149984308418472
0.7468355282103561 0.10073508053352345
0.7468484850489189 0.0999922856171446
0.7469055246285446 0.09916784462877651
0.7469055429631336 0.09828157812660979
0.7469516335457335 0.09759596951218177
0.7469756716640773 0.0966902370753028
0.7470256459752219 0.09578276971669278
0.7470207024922085 0.0948580120014533
0.7470557629529747 0.09392495281002425
0.7470922862099151 0.09321724747805629
0.7471168945050685 0.09231876121611374
0.7471440918703208 0.09140671014960369
0.7471567960261442 0.09053111380911286
0.7471938042657583 0.08980862157217342
0.7472338754864868 0.08871143763516123
0.7472554774390404 0.08802618935761367
0.7472817813562026 0.08700723553807402
0.7472970876703039 0.08625795873520228
0.7473415831552784 0.08557358452797972
0.7473401977658792 0.08481247939596229
0.7473759069734301 0.08373998873308944
0.7473993180314896 0.08267521182715501
0.7474230897874715 0.08189044698894091
0.7474227138535393 0.08117621328715588
0.7474674798670794 0.08022283816366274
0.7475002256616775 0.0794053100862592
0.747509637803801 0.07873368907743264
0.7475314838507338 0.0777364550171297
0.7475680637779559 0.0768329241638516
0.7475833561224646 0.07585520067197118
0.74760558682096 0.07519410599226287
0.747624294086661 0.0743896730571634
0.7476395418384291 0.07352256332471477
0.7476648012447907 0.07261522002935009
0.7476886330592621 0.07185845674680683
0.7477172105486748 0.07100705327346582
0.7477473384096308 0.07012263746456884
0.7477523193983969 0.06914953390688064
0.747767206742893 0.06815341831681856
0.7477817390843527 0.06752912313237538
0.7478117808972223 0.06673284533158144
0.7478341891725026 0.06575474384160543
0.7478592708146233 0.06491389969325836
0.7478779437788207 0.0641117521338416
0.7478736343671663 0.06340224691415067
0.7478925522872119 0.06227414256007338
0.747916593911831 0.06170091632779143
0.7479490321033647 0.060873302793446965
0.7479577769471216 0.059759605411831035
0.7479851906428677 0.05910894269551106
0.7479783724174943 0.05829996024000453
0.7480173412727046 0.05730510760921473
0.7480260759302416 0.05640451614136402
0.7480505820741868 0.05578482933835485
0.7480555356856317 0.054607254566827274
0.748080391988435 0.05395379683237547
0.7480886253197964 0.05291418830907127
0.7481208776640061 0.052252907075466176
0.7481374875061145 0.0515674112308209
0.7481568352154845 0.05064955331905921
0.7481671009762282 0.04974593931799734
0.7481640699179858 0.04876817685194548
0.7481948563488588 0.048042539966779235
0.7482076590466068 0.04727439829127447
0.7482348086241973 0.04656408295069295
0.7482504848344155 0.045395771470553986
0.7482442714340033 0.04463637353191355
0.7482803343717636 0.04381399261325494
0.7482981401016456 0.04314307615560334
0.748294122649397 0.042059971733327234
0.7483170260891449 0.04136903261433636
0.748321645462887 0.04039176091877664
0.7483522640870034 0.03950080509316348
0.7483626190152975 0.038749274712070264
0.7483634055374556 0.03787786056339551
0.7483860166255157 0.03701979281979986
0.7484038683412996 0.036213574482923644
0.7483962430578405 0.03529097665167549
0.7484336427788764 0.034598940717482735
0.7484327108318171 0.03393927672859068
0.7484457467970657 0.03275893238306096
0.748466559479832 0.03179947158623389
0.7484755394673955 0.031144534866440223
0.7484902779853387 0.0300799658608373
0.74849914864438 0.029422492283168313
0.7485077886089931 0.02864089655423843
0.7485271540493889 0.027478780366029822
0.7485319284152075 0.02681225074568352
0.7485586683710445 0.026222564941809103
0.7485540035021924 0.025364381860472764
0.7485776569754471 0.024510274789342226
0.7485871760567034 0.02357138051097776
0.748607548557754 0.02293397395211774
0.7485900949805214 0.021856130874582404
0.7486141730943153 0.021138809258095772
0.7486142424062431 0.02010932928510414
0.7486404654462903 0.019528610198205645
0.7486392884278114 0.018619106904320584
0.7486564113095796 0.017628520247307124
0.7486612861647121 0.01706582801915815
0.7486805667469033 0.015993279218781378
0.7486844445979776 0.015246486657746219
0.7487067893216232 0.014390042377667746
0.7487152266372324 0.013412920859657309
0.74871210178714 0.012577888629108826
0.748728266107949 0.012021497081634271
0.7487400029910783 0.011270363017679166
0.7487467287005883 0.010169858567584924
0.7487540369287614 0.009342970911411588
0.7487757453870326 0.008434424465729198
0.7487783061402732 0.007604601266935986
0.7487805044512915 0.006838722983872805
0.7487825418154087 0.006012869335430351
0.7488030058288221 0.005124116317978402
0.7488085965417907 0.004439607772918876
0.7488203163582697 0.003537372027708343
0.7488279040360256 0.002769735040168777
0.7488425958848876 0.001900847420299303
0.7488423750991678 0.0011683865841719786
0.7488549072177392 0.00010192522350141106
0.7488718455636122 -0.0008302417482207482
0.7488782732526297 -0.0016289280535586072
0.7488868302315516 -0.002175353598970562
0.7488998304466475 -0.0030806108559511027
0.7488947338773199 -0.003963519578062822
0.7488996488990235 -0.00461970191181724
0.7489082596847544 -0.005346892957935532
0.748924425082126 -0.006608815756549678
0.7489340426028482 -0.00724302522988771
0.7489338040978603 -0.008093236905075105
0.7489511952022799 -0.008630196468072369
0.7489463173918754 -0.009579483241909135
0.7489522735716195 -0.010637192034003571
0.7489639309670667 -0.011415450406564307
0.7489730462392418 -0.011884412020441968
0.7489800158487184 -0.012944142642133592
0.7489892176479184 -0.013866599570249136
0.7489928192797549 -0.014632462796827037
0.7490048595061144 -0.015317082926250534
0.7490107394616473 -0.015954703501521703
0.7490205889700073 -0.01698033081540715
0.7490273256375549 -0.017911221249847318
0.7490314592055666 -0.018974115694273184
0.7490334320186044 -0.019387232546476205
0.7490425893176534 -0.020441119372152736
0.7490507669615422 -0.02122103733604361
0.7490506874123452 -0.021716310024296723
0.7490577328440006 -0.02276038167444747
0.7490724633841744 -0.023386963137201875
0.7490747009616464 -0.02465660034873349
0.7490824284043881 -0.025164473710503097
0.7490910183665104 -0.02595786770377193
0.7490933152178331 -0.026961986271467706
0.749098048102428 -0.027510030864557142
0.7491016991653695 -0.028519109460677792
0.7491107410324126 -0.029318526824635958
0.7491173988224292 -0.03016281308480626
0.749113401606759 -0.030744349605601216
0.7491272360989903 -0.0317941563042263
0.7491298601931297 -0.032454986049370554
0.74913540614475 -0.03337488135212116
0.7491338137838902 -0.03408917801960806
0.7491491351547038 -0.035101649646333416
0.7491518779674554 -0.035619528234120595
0.749162448930149 -0.03656226245573177
0.7491601950964443 -0.037371848421301895
0.7491705757342121 -0.0380932469544801
0.7491729839343538 -0.03896286300626914
0.7491828819930432 -0.039711576712974955
0.7491849865808896 -0.04042875007830857
0.7491854613001808 -0.04124554404303846
0.7492011862896139 -0.04205515726846851
0.7491977674899714 -0.042941062325273366
0.7492004409845826 -0.04382532026313998
0.7492060224122484 -0.04466000557007396
0.7492100402568508 -0.04538693546243075
0.7492177284374232 -0.045969325697766655
0.7492250829839747 -0.046792733997631925
0.7492229087384045 -0.04761930186018501
0.7492353356513398 -0.048197296580000576
0.7492339590792497 -0.049440858996196185
0.7492303479396781 -0.05009873051183675
0.7492467463558529 -0.05070312709070543
0.7492466951164128 -0.05169888888871796
0.7492525338182064 -0.05272705075624659
0.7492549720424612 -0.053288987345301936
0.7492604448552543 -0.05394732737207927
0.7492583782650358 -0.05476663199398299
0.7492656306585904 -0.05579987474339618
0.7492780106421809 -0.05653680550632609
0.7492762211222729 -0.05714652806319517
0.7492753188947906 -0.05790527707439705
0.7492854416706202 -0.058842145715711974
0.7492875142295471 -0.059621018752683747
0.7492917775880527 -0.060321666931186985
0.7492930017652194 -0.06112891240017468
0.7493026403299677 -0.06185262124370913
0.749302014950359 -0.06266393101849818
0.7493062363718749 -0.0635868514771187
0.7493086000122554 -0.06417627909004384
0.7493125091182006 -0.06507088844001316
0.7493194085411913 -0.06582479938049454
0.7493219765606051 -0.0665916213019074
0.7493266272112126 -0.06746331345704268
0.7493243745389598 -0.06811039562586516
0.7493346382856451 -0.06907296140041327
0.7493326346232633 -0.0697977671907116
0.7493434455219236 -0.07033152692093178
0.7493471860195245 -0.07105489146024188
0.7493465381695502 -0.0720043920165507
0.7493493655955153 -0.07271379420904797
0.7493532330455238 -0.0735342370047529
0.7493530953093036 -0.07428189803814753
0.7493486668533839 -0.07486984746369638
0.7493555412315681 -0.07586986680607263
0.749365886392427 -0.07644988057672872
0.7493668519078537 -0.07747323707318007
0.7493658865220368 -0.07818438930483226
0.7493741805361308 -0.07877937291507461
0.749374460391964 -0.07958129782813347
0.7493840704150744 -0.08017959617640866
0.7493801504744962 -0.081070011944787
0.7493887192501482 -0.08189071354913299
0.749385442028455 -0.08259816091316594
0.7493888425181524 -0.08331676483715675
0.7493942129779348 -0.08410884811118777
0.7493949443752835 -0.08487777370986635
0.7493972240360919 -0.08561194264772362
0.7494054230315234 -0.08647678191852845
0.7494060098457812 -0.08701959744901297
0.7494058163850529 -0.08786217935529614
0.7494091960380344 -0.08861775241982736
0.7494144493322953 -0.0895189709393481
0.7494166075522551 -0.0902270901001195
0.7494126930917161 -0.09100368951362822
0.7494144966151483 -0.09186059035884817
0.7494231266668453 -0.09227721578503797
0.7494268026367005 -0.09323983475717765
0.7494220270369804 -0.09390976956139427
0.7494291557965479 -0.09461576308775996
0.7494313582411097 -0.09517924996345437
0.7494369162319622 -0.09609138106371004
0.7494373199535417 -0.0970135972190301
0.749433871912737 -0.09753830771701363
0.7494380203869379 -0.09836224401795876
0.7494429522669251 -0.09903543296939996
0.7494435611815106 -0.09986890115620925
0.7494426483465192 -0.10050935904482913
0.7494518503195952 -0.10114971178226781
0.7494535510516614 -0.10200783465564175
0.7494505604850649 -0.10281496611817983
0.7494573353730317 -0.10344971342134288
0.7494541677260961 -0.10438516626618696
0.7494595015025834 -0.10494110574104962
0.7494591139063244 -0.10562257482256185
0.7494648799829519 -0.10639980188046991
0.749464857512755 -0.10706756888775978
0.7494713354236676 -0.10782259283508652
0.7494680677248887 -0.10847894079399509
0.7494679254634321 -0.10929048037562325
0.749471261575631 -0.11018559684151882
0.7494743887125014 -0.11064581767599277
0.7494772452731843 -0.1112613146322585
0.7494756953599219 -0.11211242320418832
0.7494778344482341 -0.11268382978135225
0.7494789235367186 -0.1138111847465659
0.7494814555181254 -0.11429343483975393
0.749480557710477 -0.11477563196245053
0.7494849090856494 -0.11557018737142497
0.7494871647723881 -0.11643996041496837
0.7494899510975918 -0.11723937022833628
0.7494909035266962 -0.11781734072589631
0.7494948821602553 -0.11857949557039879
0.7495008456232312 -0.11911299682315954
0.7494959159550946 -0.11976036653851982
0.7494985228608048 -0.12068085264764303
0.7494956215603469 -0.12125673712326143
0.749500038423509 -0.12184792323230129
0.7495036893523771 -0.1226537930076694
0.7495065414065435 -0.12338552079083528
0.749508429085309 -0.12401667704706928
0.749510345094817 -0.12472193712882437
0.749511468137711 -0.12556370838916428
0.7495093598251533 -0.1258449611784995
0.7495094637580847 -0.12655152572577819
0.7495106594698936 -0.1274625371896617
0.7495141583328083 -0.12812994290535604
0.7495183380456262 -0.12880989740758084
0.7495184977761721 -0.12938395527368104
0.7495208036607969 -0.13032563691938157
0.7495167350329476 -0.13070946685152304
0.7495223688427871 -0.13146297014196437
0.7495257174331219 -0.13231983623808227
0.7495244934476518 -0.13290154854755695
0.7495270384393503 -0.13343110882509265
0.749528722338736 -0.13418901091429244
0.7495303264963399 -0.13470429644528756
0.7495277052681969 -0.13555947975575341
0.7495297739512342 -0.13616247059239525
0.7495344529160312 -0.1367811086305257
0.7495332419692319 -0.13731131849870812
0.7495363375246474 -0.13823475839576047
0.7495342011803808 -0.13885006236125294
0.7495389240174816 -0.13928417205196794
0.7495387159603971 -0.14035465344746198
0.749538303707001 -0.14078965144816977
0.7495420811021393 -0.1416068616407586
0.7495423248702736 -0.142276363649487
0.7495420862633643 -0.142873277242722
0.7495440717587333 -0.143456556191313
0.7495441094853671 -0.14417422481224604
0.7495477552831039 -0.14479301600713942
0.7495469865054604 -0.14555819091959252
0.7495525108452495 -0.14613881966522255
0.7495452909890364 -0.1465977683138053
0.7495492086041465 -0.14735716025197784
0.7495492976591765 -0.14789259593551082
0.7495523371642764 -0.1485491165595799
0.7495534829883564 -0.14921562109371397
0.7495536943961859 -0.14978935287037884
0.7495557912576131 -0.15048231609581228
0.7495548236657322 -0.15094848144473946
0.7495580334398037 -0.15184127292297997
0.749557880519199 -0.1522330301972807
0.7495571800501021 -0.15289366132082258
0.7495654091226033 -0.15353403351931258
0.7495610511693035 -0.1541544413191734
0.7495665607663177 -0.15460810469097916
0.7495664178071203 -0.15541127215889092
0.7495641391473559 -0.15597643965876248
0.749567817534344 -0.15672888331288345
0.7495663220757484 -0.1571772467488278
0.7495679394791729 -0.15776183619285442
0.7495692989777912 -0.15838997962224463
0.7495658277970106 -0.15921357000049371
0.7495679054920473 -0.15962441775150513
0.7495691996766666 -0.1601393663888536
0.7495710393781047 -0.16072796840580902
0.7495705408734247 -0.1615216540905546
0.7495732230328763 -0.1619435898829917
0.7495743101444544 -0.16265672776875004
0.7495747026861744 -0.16306933924877728
0.7495745868313036 -0.16367714941638242
0.749577263781333 -0.1642179344770026
0.7495776925467813 -0.16491022600847258
0.7495771147727989 -0.1655466394802154
0.7495799466058902 -0.1660351512678153
0.7495808213312861 -0.16675633616257854
0.7495802894762934 -0.16715323175273208
0.7495795455211106 -0.16779345858363434
0.7495797033471588 -0.16836345066616717
0.749584786790194 -0.16886906723029224
0.7495817109748114 -0.16939232857557726
0.749584556204356 -0.17007685693521687
0.749582720471191 -0.17052843873365517
0.749583972847489 -0.17113687139070674
0.7495865088511492 -0.17171133887155896
0.7495871959005745 -0.1721757192810137
0.7495850896769122 -0.17261698703152425
0.7495865956854489 -0.1733668210545702
0.7495898740427903 -0.17391541795190033
0.7495872070472543 -0.1746162043057615
0.7495896432251524 -0.1749006112436293
0.7495932010136667 -0.17546048126658617
0.749589532991681 -0.17602276122746982
0.7495911814304402 -0.17657217348160512
0.7495915323219388 -0.1771793955701881
0.7495892103186533 -0.17776437569733802
0.749595294996832 -0.1781067622741965
0.7495948880505489 -0.17867367948665433
0.7495933284989701 -0.1791354797687433
0.7495952781889087 -0.1797800725004471
0.7495967381759402 -0.1802248059512613
0.7495959751665443 -0.1809220528058336
0.7495979628038077 -0.1813609133463144
0.7495972063637782 -0.18177895939023844
0.7496003510896666 -0.18225494504101167
0.7496010430216132 -0.18276715537103436
0.7496001010480079 -0.18314331459329422
0.7495989933854673 -0.18379365915542387
0.7495992370901646 -0.18409268315014102
0.7495992541841087 -0.1847840179900808
0.7496030558380992 -0.18515442168275395
0.7496001419746344 -0.18575167479252228
0.7496037399674963 -0.18634523724510274
0.749602761494817 -0.18646326038603886
0.7496054401491684 -0.18717725419989747
0.7496042247441844 -0.1875381609428227
0.749603893150686 -0.18804359985027205
0.7496044721718086 -0.188460784761005
0.7496068299826774 -0.1890446829006843
0.7496061873378946 -0.1893829446572267
0.7496049927632417 -0.19008045973110807
0.7496047929809034 -0.19033715016835703
0.7496076462100246 -0.1908371915375404
0.7496088327504998 -0.19115635818400065
0.7496090494058331 -0.1916447313559931
0.7496078072848505 -0.19204663108214412
0.7496071768981815 -0.19265328711500893
0.7496089787010666 -0.19305495019326654
0.7496093941853536 -0.1933831710312612
0.7496106333744127 -0.19390495179831688
0.7496117863485675 -0.19438106260498297
0.7496114032199782 -0.19470840883401938
0.749611207332684 -0.19521694178263213
0.7496111692604933 -0.19558091874363134
0.7496127599283758 -0.19601007716669358
0.7496123966187959 -0.19643150677326401
0.7496129289899983 -0.19676442818748605
0.749613254607448 -0.19719863019616254
0.7496128167246837 -0.19764219643375378
0.7496134042100836 -0.19793470020634749
0.7496141523962586 -0.19838272262924014
0.7496144218652664 -0.19876044857062455
0.7496175491360043 -0.19910247325225358
0.7496159870048745 -0.1996417370427159
0.7496172719244442 -0.20008706525139805
0.7496153517994651 -0.20027823570994804
0.749617611387683 -0.20064284462537316
0.7496187758876441 -0.20095487514699903
0.7496184723113418 -0.2014438676995259
0.7496175881873294 -0.20185596874332498
0.7496192525210307 -0.20208103055659507
0.7496176643590086 -0.2025189824134854
0.7496171991730832 -0.20286786283663402
0.7496205477448529 -0.2032146568471571
0.7496209380055024 -0.20345932110534945
0.7496209543424882 -0.2039082556889283
0.7496234265846312 -0.20427617762497582
0.74962176505749 -0.204321894372353
0.7496187946360345 -0.20481676114274092
0.749621973772736 -0.2051251218417127
0.7496217946396567 -0.20545015298784106
0.7496219541861778 -0.20579698869777804
0.7496225375023625 -0.20607711473358745
0.7496232666462642 -0.20644773059129082
0.7496209616421913 -0.20671868416679537
0.7496242107363388 -0.2069494460068507
0.7496226479690057 -0.20721161844174815
0.7496250264391288 -0.20751236305465978
0.7496232007096845 -0.2077511037253756
0.7496250362075708 -0.20819039732460384
0.7496242514244612 -0.2084274779869346
0.7496254373433348 -0.2086288459029477
0.749625821892591 -0.20891146424188864
0.7496243983814944 -0.20906898590446873
0.7496255886063662 -0.20928460198886087
0.7496255849959325 -0.2096447870973905
0.7496270372416837 -0.20990935033959576
0.7496274917528211 -0.21005784555438597
0.7496257815393367 -0.21036709296859954
0.7496258771752234 -0.21060847627622822
0.7496282025662816 -0.21081375057056792
0.7496270252973917 -0.2110266736616708
0.7496278169498806 -0.21126613967971428
0.7496272133829128 -0.2114615085659097
0.7496281153133281 -0.21159039750272376
0.7496281331648581 -0.21181791373837097
0.7496291863557653 -0.21194878207537401
0.7496305419942432 -0.21223231590530464
0.74962950496055 -0.21234622916612042
0.7496314573509987 -0.2125785189510254
0.7496296791866807 -0.21274434248636406
0.7496295730241079 -0.21290977965106925
0.7496302652975472 -0.21306118225094148
0.7496314143570914 -0.21318807954318528
0.7496302553116388 -0.21328254377909192
0.7496298797952511 -0.2134980362597779
0.7496320958217039 -0.21358620685732463
0.7496308389783627 -0.2137834119107259
0.7496328837891725 -0.21389580582492804
0.749631712052469 -0.21396528849148375
0.7496304853312673 -0.21409257158263925
0.7496328670899256 -0.214129919629762
0.7496314456933885 -0.2142710002944914
0.7496326550301188 -0.21429833680026186
0.7496316226108047 -0.21442444815840941
0.749632464020244 -0.21455091744670582
0.7496330597779749 -0.2146367161008906
0.7496322487844932 -0.21464574513876775
0.7496340673177438 -0.21471080968693598
0.7496329247606855 -0.2147213840665891
0.7496341025779806 -0.21479043599430267
0.7496338761823497 -0.21483947680773038
0.7496350554624617 -0.2148388073880569
0.7496359661987467 -0.21485280623276634
0.7496351795216035 -0.214876274774049
