#C1_inf,C2_inf
0.0 0.7215130880672129
0.004543642035916395 0.7173216558456352
0.00906234916666393 0.7132168480547969
0.013533213340840677 0.7091451208969833
0.01800547235185357 0.7051313004190184
0.02247579244250475 0.7011805650794694
0.026862943653015225 0.6972149080567873
0.0312506818942897 0.6932568674349151
0.03557436004145831 0.6894119362454026
0.039900457625630326 0.6855165797980736
0.04425401377055016 0.6814918903821227
0.04852040872467156 0.6777259575973547
0.052767250535750376 0.6738757230019912
0.05695899557783424 0.6700090992007433
0.06116803141414029 0.6661861146116952
0.06538711823931442 0.6624449240281749
0.06947598228822405 0.6586966594457158
0.07369533660098504 0.6549839457010166
0.07780631865798382 0.6513407113397225
0.08188488205559119 0.647517684648406
0.08588875416016462 0.6439059052888195
0.08994714056828856 0.6402605517217845
0.09395638817860519 0.6364709221321225
0.09792081131048469 0.6329669859622201
0.1018142451871552 0.6296257412430112
0.10575451860394092 0.6259724759717938
0.10967116347615213 0.6224060303352051
0.11367661890724812 0.6188452968828105
0.11756456981779073 0.6153364146362339
0.1213767184731519 0.6118041344052444
0.12526031937306648 0.6083681804899793
0.12903931578361183 0.6048927073279748
0.13289286367477005 0.6015019090280452
0.1367068453177568 0.5981061553423838
0.14032817792187913 0.5947205771320733
0.1441366231177551 0.5913373360168072
0.1477750134789726 0.5880288851305442
0.15146892262898104 0.5848209137421517
0.15512031747165933 0.5813734801291677
0.15886936597780799 0.577970142614449
0.16248513666068765 0.5748609612873334
0.16608758458150985 0.5714914377092427
0.1695726833644351 0.5684554926164722
0.1732458020114639 0.5650076424796403
0.17674781660884753 0.5617668798523029
0.18030424400317024 0.5586690101227011
0.18382438414083635 0.5554887603419608
0.18752396590670262 0.5520906683405397
0.1908125594036859 0.5491855249565339
0.1942902615805271 0.5459429992992035
0.19776575979726818 0.5428243296004547
0.20112009516862195 0.5398996249967652
0.20461188632871452 0.5366200831169425
0.20801453200901954 0.5335545728497232
0.21126860016624893 0.5305724422210121
0.21475300722234314 0.5276773771447225
0.21795366974581953 0.5245950330472546
0.22133502971426544 0.5216932856191657
0.2247158722257213 0.5184122269171162
0.22798737667988633 0.5154536924533584
0.23133032860694702 0.5123851842959279
0.2344556872829714 0.5096696653617149
0.237629099153301 0.506739195425423
0.24104381979156642 0.5036453394483079
0.24415412709445983 0.50082410157046
0.24734356605524843 0.4979301686702432
0.25052422256911466 0.49518230270762276
0.25371503965723874 0.49195417814894116
0.25683227685356824 0.48946103066850344
0.26005828315834645 0.4865885736490494
0.26294072492357223 0.48393818466156713
0.2660954813119155 0.48115340213007063
0.269166946252722 0.4780874123550367
0.2721576418139636 0.47554836467055794
0.2752445111327434 0.4726653034863114
0.2784065945213172 0.4698246129474779
0.2812919459355723 0.46716283660899727
0.28421074602508967 0.46458947657766003
0.287293949282864 0.4617724330330798
0.2901713044393286 0.45912693048565956
0.29330000685066815 0.4562224665001453
0.29624790423077074 0.45374628694529295
0.2992111539540532 0.4509122748063721
0.3020157046843296 0.4484126703776842
0.30513478295682106 0.44537770679306143
0.3080025265563847 0.44296398597022957
0.31055931457556085 0.4405628347441194
0.31354745076045765 0.43792290151636926
0.31637576681138824 0.43528888320188597
0.3192473470282273 0.43272668804418113
0.3220860416555599 0.4301909180358833
0.3248328916215205 0.42773982158767276
0.3276102890979242 0.42507753875526966
0.3304630811851599 0.42238278123678974
0.3331152241154447 0.42013113179479133
0.3359862979143782 0.4174678148880573
0.3387867625745782 0.415177078223502
0.34133734203697685 0.4124006351383257
0.3440553240689378 0.4100491433558996
0.3468937839173073 0.40759426509216834
0.34957779547912915 0.4050819525392718
0.35207200321263865 0.40289899759858894
0.35491010874910844 0.4003530009044354
0.3575658363000578 0.39798018185927275
0.36006226701028343 0.39565239834401755
0.36268966670132985 0.39329305571919393
0.36528838443702816 0.3908339951912033
0.36798590725883773 0.38830395398596507
0.3705288152053545 0.38608173943427904
0.37308420680882004 0.38366986044654783
0.37570751062500995 0.3813019769111411
0.37823105061116924 0.3790811274416519
0.3808017365977646 0.37674992968235055
0.38335758518379803 0.3742533721021897
0.38580698547328385 0.3721110681354475
0.3883364572149183 0.3697769762334716
0.39083359169895826 0.3675949440211519
0.39344716060745333 0.36501507356206686
0.3957096552097866 0.36280172741989725
0.3981766958987558 0.36082916452700053
0.4005497854526193 0.3585235526102065
0.40315806461221937 0.356284725697788
0.4055572204925588 0.3540793749493478
0.4079677364171299 0.35174217520820705
0.41034242202033955 0.3495762084846108
0.41251947494952435 0.3475986776706784
0.41495253149190636 0.34533715421580247
0.41746498880725647 0.3431569298273812
0.4197786785192642 0.34087753114700503
0.42214995138286504 0.33886911021517885
0.4242922526735735 0.33680788451995247
0.426738937544644 0.33469952355651555
0.42904932993610845 0.33236471343426266
0.43138727325388093 0.3302452959844223
0.4335766368202001 0.3280517679782977
0.43606239885391074 0.3260145045114424
0.43829373921057524 0.32406275059745915
0.4405049809322944 0.32186661107949355
0.4427638261013588 0.31993043347815553
0.4450729774676546 0.31777955585586437
0.447376793039285 0.3156210555141553
0.4494231201340302 0.3137399701326551
0.4517411571958305 0.3116395220973558
0.45389423963998266 0.309604756544242
0.4560702419333127 0.3076305771456591
0.45833231118626694 0.3056805814796528
0.46039385274325206 0.30362386164880584
0.46273235020574155 0.3013936878786855
0.4645252151113457 0.2999380063281947
0.46686557933106765 0.2978025710606029
0.4690164980226935 0.29551957311215504
0.471161697579093 0.2936377065969954
0.4733824750213299 0.2915626022722678
0.4752899609584601 0.2899647601279941
0.47742856841778036 0.287964445596153
0.47955857606188523 0.2859777970856663
0.481522462361472 0.28408750178389996
0.48349798217470963 0.28231825330027793
0.48573073131481637 0.28033571554229686
0.4877497428701377 0.27835554670014095
0.4896876292331861 0.2765850359726526
0.49187351318573047 0.2746191584410501
0.4937757253040449 0.27277477694672214
0.49589670750213366 0.27085714943851746
0.49786962853817796 0.2690290257046445
0.4998160419889741 0.2672678240116355
0.5018777804030173 0.26538403895399154
0.5038558153213262 0.2635030587953493
0.5057512594619026 0.2615738140915266
0.5078940350977263 0.2596327509653509
0.509635272868388 0.25800766438691003
0.5115525064722799 0.2564532599097069
0.5136977556653161 0.2544282164964585
0.5155650611345037 0.25273188195845586
0.517227671222121 0.2510671888263659
0.5194184052524682 0.24922127535815242
0.5211781842095231 0.24730647032002717
0.5231196636938764 0.24546673611485637
0.5249718294889272 0.24384415628622924
0.5268252260163484 0.24219137484127118
0.528741841325103 0.24042802569446198
0.5305957922025373 0.23868000896174468
0.532427851247187 0.23712422341388728
0.5342672882485362 0.23513111628639383
0.5360004221309204 0.23357595321490787
0.537863786674996 0.2319160138282168
0.5397215274249393 0.23006908629743605
0.5415640354737374 0.22840864378965997
0.5434302762535552 0.22669406808349413
0.5451503083659008 0.22503392074968764
0.5469378218071366 0.2234516592603677
0.5486982752540275 0.22183221372508477
0.5506041691178828 0.21996950839883744
0.552290074080285 0.21836392329908705
0.5540033393226397 0.21697408116590122
0.5557766037162708 0.215258672161591
0.5575887275599649 0.21344700749244594
0.559139676344053 0.21215745902666217
0.5609155400915354 0.21032261595309876
0.5629074394738847 0.20866315430912885
0.5643987897037996 0.2071271605368774
0.5661362822546542 0.20553543057197599
0.5677615091320305 0.20402888137382513
0.5695804899502457 0.20230837047573935
0.5711879284853933 0.20084196106189722
0.5728396946446734 0.19924692466950322
0.57461857534821 0.19768397096597612
0.5763013679498773 0.19584116519796757
0.5777654409166962 0.1947067784535158
0.5794251580602472 0.19314197972898617
0.5811213599438954 0.1916195215430716
0.5826862222348288 0.18994118968541285
0.5842834667406658 0.18848898505635203
0.5859274610840081 0.1869569237652896
0.5875989534974516 0.18539903799811663
0.5891963451235751 0.18402954808943273
0.5908842223155912 0.18246846141717055
0.59247712477582 0.18092373097427306
0.5938252434374116 0.17971631390332177
0.5956526378612564 0.1778030507761409
0.5971105291100136 0.17660336904068785
0.5986546579925628 0.17509966920939124
0.600353610019364 0.17335893001053626
0.601856268816219 0.17190932769816358
0.6033418274727129 0.17058400223968384
0.6048982307987818 0.16931549616656683
0.6064669217364297 0.16766817301643433
0.6079857027174972 0.16635789040963933
0.6096362054940887 0.16475171677069045
0.6110785572396442 0.16323403118826363
0.6125602380002426 0.16191011673220768
0.614056570439135 0.16071323168915397
0.6154303076703976 0.15926922924308162
0.6170104419850002 0.15760372562088576
0.6186475573815149 0.15610687697802206
0.6199608210921386 0.15487012699916614
0.6215192518478209 0.15338696516695272
0.6227945794596036 0.15221186177609514
0.6241669636860737 0.1508078441756927
0.625841589274552 0.14927483406456143
0.6272878080943234 0.14791741067944808
0.6286681059470284 0.14687034032282453
0.6300739826038073 0.14513104993188164
0.6313073817638468 0.14409178133197242
0.6329746527502911 0.1425536977185371
0.6343207624232983 0.1412648588298533
0.6357986000788551 0.13978003282748364
0.6371454613819583 0.13875740958444038
0.6385584874823342 0.13717610196674412
0.6399141599114073 0.13611251044170425
0.6414444836531032 0.13460262599337813
0.6426806000499863 0.13352685600773828
0.6442042483680794 0.13214259904536774
0.6455307910398375 0.13073281505073953
0.646868485008516 0.12948272548663575
0.6480479317575198 0.12829417769371232
0.6495698246494066 0.1267762925290996
0.6507752141207117 0.12575555260399507
0.6522457255864247 0.12421642289971024
0.6536053275703548 0.12305915236023379
0.6548587255759524 0.12187940535973629
0.6561108945724505 0.12065496712269108
0.6575300655354629 0.11926202327004021
0.6587109208823977 0.11809861917103881
0.6602997885322425 0.11648534178824732
0.661382141123817 0.11568942434958163
0.6626526182096208 0.11447229578366369
0.6639666761564206 0.11306547653273247
0.6652951945373704 0.11199833102552792
0.6665415628263114 0.11064463174452199
0.667963667746623 0.10929731769362916
0.6690578831879344 0.10840095854272658
0.6703699370619915 0.10710584335131279
0.6715680163339723 0.10578720749348802
0.6730145283978424 0.10465963392569622
0.674085000054425 0.10341799751325831
0.6753760975530636 0.10222779544372762
0.6765734807165785 0.10119451233588983
0.6777218481967421 0.10010160543137514
0.6789964874232309 0.09881574587849473
0.6803996019742484 0.0974533086555649
0.6814864857274859 0.09656496297466688
0.6827687034154255 0.09503611157024339
0.6839279982820262 0.09420356912676608
0.6851723045005829 0.09295671672711259
0.6863938302249446 0.0918053845005562
0.6875443827396468 0.09067566756012169
0.6886253365676105 0.08957422101545154
0.6898594810094905 0.08855726338808934
0.6912075797256263 0.086930559771911
0.6922518983316177 0.08624211800029213
0.6935415124536433 0.08500618611818589
0.6944532093236246 0.08412395665515393
0.6957447413275446 0.08274511286209907
0.6969347084953259 0.08153691092836035
0.6980474982260746 0.08063985368774917
0.699210045592863 0.07953773608166903
0.7004340643633931 0.07805369759522307
0.7015192164669792 0.07731360843064006
0.7026439647059597 0.07618938190428537
0.7038625218341017 0.0748843073397294
0.7048967069931753 0.07397043180873308
0.7060540754034237 0.07275392964450389
0.7071432072917077 0.07183345320761503
0.7082329345564551 0.07069267461506934
0.7093836394499868 0.06946301449015801
0.7103841340728332 0.0686524775206272
0.711503141383551 0.06759596116794608
0.7127077440786624 0.06634954959100758
0.7137472834545588 0.06535781471304647
0.7148057893477269 0.06434639738521675
0.7158888144917257 0.06322781771904706
0.7170098825882547 0.06227448672803537
0.7180503159120106 0.061380521656167364
0.7192454382965028 0.06007069262998943
0.7202798123426501 0.05890727750764069
0.7211689732848188 0.05801913470972009
0.7222017502047429 0.057094012716758735
0.7233060199947725 0.056253471407723854
0.7243180917892018 0.05525251056415459
0.7253413720226549 0.0544493875791745
0.7264575778129208 0.05318308931005489
0.7276197630599539 0.0519786879604065
0.7284615698061381 0.05127450022314339
0.7295571865630777 0.050119402686433334
0.7305266932651167 0.049182749048859
0.7316169624962168 0.04807008123871692
0.732638594997095 0.04712685233035496
0.7337639842859036 0.04619805711533198
0.7344652416641888 0.045129644859130735
0.7355506141434065 0.0442671498714986
0.7366423184584565 0.043124401857917105
0.7376287612033945 0.042190333890605114
0.7385485475430527 0.04151438565146237
0.739530533047613 0.04041641675421448
0.740462623562415 0.039625752698431604
0.7414926413204797 0.03853476365392661
0.7425819408759983 0.03739540897949756
0.7434161326739739 0.03671835435149862
0.7443299057933203 0.03554855824411918
0.74523484096119 0.03490511732310364
0.7462411912360352 0.03404075516239735
0.7472443550859911 0.03296414049980689
0.7482843664226558 0.031955099315065794
0.7491797194053151 0.03099912196100174
0.7500315430716316 0.03033629484306899
0.7509864175321362 0.029410620200706394
0.7519663478728482 0.028078573426210562
0.752895243870341 0.027297986980022615
0.7539158254251683 0.02654026175770663
0.7548486526463466 0.025508219202212135
0.7556843099609922 0.024668651405801212
0.7565795125247159 0.023878742899569705
0.7574963701384297 0.02298374777589618
0.7583301277690102 0.0219956911757746
0.7593029513652506 0.021305838846847336
0.7602696097478707 0.020233121490758066
0.7611398055747622 0.019260814095375167
0.7619087250254827 0.018817578716744054
0.7629833996701905 0.017431762397306372
0.763748052530891 0.01681552956936827
0.7646534933420714 0.015879362057602542
0.765604231457738 0.01513115203197457
0.7663392368478333 0.014154203330316029
0.7672345408773587 0.01326070766113574
0.7680261781225945 0.012671756704543569
0.7689657304129592 0.011711628845365918
0.769845751514129 0.010845545583105132
0.7707330187701569 0.009942401440080406
0.7716113871669273 0.009104693808848041
0.7724832566678678 0.00818151755317753
0.7731653173406752 0.007578754137655741
0.7740731653247093 0.006808835410397895
0.77511146618235 0.00568978603650494
0.775774956301022 0.005022878722219848
0.7766562109648607 0.00425622145091431
0.7773774555307622 0.0033776818680553156
0.7783569857006711 0.002564653515273907
0.7791641496777203 0.0018293830995440574
0.779910694258549 0.0010500176122578697
0.7807989640804872 0.0002650920773176191
0.7816442594683295 -0.0006521852467946676
0.7823020597556795 -0.0013763168699513217
0.7831501947555165 -0.0022622410192384423
0.7840244887482315 -0.0031530248049667087
0.7848316670232395 -0.0038798474900813007
0.7856118954431237 -0.004819009915628003
0.7864498577368157 -0.005344569451333658
0.7872869267951995 -0.0061390747499771026
0.7880852519355089 -0.007063955381372611
0.7888888896814011 -0.007865959959294844
0.789598172731268 -0.008512021068326936
0.7902268689558254 -0.00895456010344331
0.7910649124106766 -0.010036894129973328
0.7919548505135554 -0.010655583126258028
0.7926793281647345 -0.01144447400699089
0.793468685115515 -0.012395426296783363
0.7942908444330145 -0.013208596680757245
0.7950231627426441 -0.013753413899251887
0.7956576585620192 -0.014494398495954686
0.7965676169354776 -0.015496105011473471
0.79725683801671 -0.016147184077204724
0.7980109827712882 -0.01682173744292248
0.7987935216444624 -0.017662252440541426
0.7996640259932393 -0.018483980127320443
0.8001850456062047 -0.01904228309445255
0.8010817348891651 -0.01981732566002614
0.8016917804830468 -0.02023804490863257
0.8026083835015402 -0.0214796104535383
0.8032136305300634 -0.02174312280725066
0.8039559925881488 -0.02271500926841985
0.8045884648806452 -0.023289112481483798
0.8053446791887993 -0.023949030301191776
0.8060667747503613 -0.024830995303364856
0.8067715862994003 -0.025424771927325507
0.8074183241222921 -0.026174841128680182
0.8083060204316996 -0.02674400792165721
0.8088162695582808 -0.027622044694703307
0.8095978591945274 -0.028141512529463286
0.8103458906283408 -0.028942353247740527
0.8110327866566529 -0.029460424738023905
0.811835434625575 -0.030437326614886295
0.8124195374076922 -0.03123003285343595
0.8131523087870534 -0.03184640950397255
0.8138461662485017 -0.03245429788516052
0.8144574427311725 -0.03307474614973549
0.8151735223693168 -0.03370913300260825
0.8158909046487656 -0.03456957330692767
0.8165947604130067 -0.03533817267580741
0.8173119824987332 -0.03582982161600379
0.8179219363245914 -0.03636390340772644
0.8185651425797165 -0.037080806854945525
0.8193595845125459 -0.03787625114871207
0.8198848401874771 -0.03844064478483855
0.8205370951056696 -0.039109185815380254
0.8212684119642985 -0.03967243923299357
0.821768956532591 -0.04038073510813023
0.8225521555299963 -0.04102423283718293
0.8232060174497622 -0.041452177910566324
0.8240357178129567 -0.04264458043781327
0.8244874930709647 -0.04289401880846877
0.82520950963974 -0.04375726061767904
0.8257954921168315 -0.044262483947022147
0.8265265486446565 -0.04491406190094338
0.8271038473343535 -0.0458775700218248
0.8276634748863541 -0.04610495797550063
0.8283193469747147 -0.04695703317465971
0.8290565514180912 -0.04772362692732002
0.829654863362712 -0.04795969201983208
0.8302285894880905 -0.048767437631003885
0.8309548597723353 -0.04948370732711038
0.8314284779208464 -0.04982844173945178
0.8320037204410456 -0.050478673443030586
0.8328119386472577 -0.051308797864651146
0.8333471895678928 -0.05184638494283855
0.8339196573735699 -0.05230629789119967
0.8346035480976106 -0.05300243101407465
0.8352368672109772 -0.053670431479286074
0.8357816892082748 -0.054368830050422146
0.8364191607286469 -0.05487881296784347
0.8368886828439407 -0.055393017501570996
0.8374895061554353 -0.05576389402382875
0.8381530114649381 -0.05632651880703332
0.8387370088207178 -0.05724364196182097
0.8392880283701849 -0.05769927379450457
0.8399021683199845 -0.05810169332977333
0.8405509357163818 -0.05879617056935982
0.841014772787154 -0.05939289293931749
0.8417509138846221 -0.06026896144195237
0.8422939907284099 -0.06066767168518705
0.8429963856706773 -0.06128967174592037
0.8434553669876496 -0.061719085316556455
0.844110654519495 -0.06231500497033071
0.8445152295721206 -0.06288948905399572
0.8451726796239541 -0.06343299069346264
0.8455887222841664 -0.06390475260760808
0.8461847634058419 -0.06445978321703194
0.8468261532204782 -0.06518802450508754
0.8473762061938898 -0.06581000624130795
0.847954457329505 -0.06622135620842551
0.8485014289651266 -0.06688144545114316
0.8490436023101842 -0.06767598648549256
0.8497747869499022 -0.06823153528495163
0.8502080339666626 -0.06864665482949073
0.850728722036865 -0.0690745514601595
0.8513006516662421 -0.06954432121803811
0.8518113057657762 -0.07005346655755418
0.8523274442979875 -0.07086294465492304
0.8529158344853919 -0.0712672644777651
0.8534076324224605 -0.07174036448496846
0.8539427303044789 -0.0723286169742654
0.8545392359498372 -0.07304610531478573
0.8550367487253963 -0.07341725403885713
0.8554748848323124 -0.07393698957945616
0.8560865194329939 -0.07439024012125683
0.8565885230863849 -0.07491624830234633
0.8572023474985094 -0.0754633669575192
0.8576984337736796 -0.07613416340549295
0.8582147928547594 -0.07657611985474011
0.8585987472387552 -0.07681375694740489
0.8592501221079407 -0.07757158282326149
0.8596514946415656 -0.07803998500521647
0.8602775573913072 -0.07865611893411806
0.8607434778931276 -0.07905598347555443
0.8612850836272112 -0.0794836049818004
0.8617718771682257 -0.08015495456962207
0.8622432272003249 -0.08066489748491024
0.862686755923415 -0.08100126739735058
0.8631922734052259 -0.0814555034024248
0.8637496811572749 -0.08216638116635178
0.8642107017028399 -0.08245845884574676
0.8647347121560347 -0.08285884822705913
0.8652424592213902 -0.08368309735154777
0.8657480129603848 -0.08390081092596835
0.8661981108998802 -0.08448806366806094
0.8667083841344014 -0.08506658166769032
0.867160492873706 -0.08556992302438915
0.8676380687141881 -0.08610169014658353
0.8680981807545567 -0.08661061782935975
0.8685780051568787 -0.08697209713076026
0.8691379272048045 -0.08756460654354736
0.8695399168026345 -0.08796081274355472
0.8700159125556951 -0.08843805912299707
0.8705407753581088 -0.08871311050483943
0.8709495163820273 -0.08942365893528592
0.8715148984705727 -0.08999872567933975
0.8718498758525903 -0.09030994704065654
0.8724126520433226 -0.09095526428107403
0.8729402091017014 -0.09144944471877381
0.873343284400726 -0.09181415205744525
0.8738612072803452 -0.09215904742737313
0.8742816921128376 -0.09275958742740409
0.8747212039114854 -0.09310576067517384
0.8751463916300283 -0.09361908271707964
0.8755612734159027 -0.09394484329714914
0.8760022053689622 -0.09426120052421383
0.8764250268910124 -0.09489853404395021
0.8770199049421973 -0.0953263310234943
0.8774355269485399 -0.09573777858876764
0.8778544618940362 -0.09618719922544472
0.8782894857682839 -0.09665574208778982
0.8788132301685367 -0.09707020302790781
0.8791434111064064 -0.09753918787416016
0.8795699604831319 -0.09794780858669327
0.8801165222503621 -0.09849574655235316
0.8804642961032663 -0.09895536432275254
0.8808817262099845 -0.09938992605464525
0.8813137028478608 -0.09999407193457244
0.8818179321762616 -0.10036909638218039
0.8820951385047977 -0.10063514625855952
0.8826254247009188 -0.10100028510074222
0.8830800176329712 -0.1015010168513184
0.8834876947593375 -0.10197394794989156
0.8837852720755032 -0.10240814970133061
0.8842769903455561 -0.10282209164631895
0.8848130407980378 -0.10328885197968851
0.8851256767191494 -0.10370136296319166
0.8855230816268008 -0.1041720887049139
0.8859062969328393 -0.10445642809664779
0.8863669196622149 -0.1050132105493945
0.8867963434641951 -0.10507905055727618
0.8871913555778883 -0.10568829048140427
0.8875550839600113 -0.10613888548791484
0.8879716599523738 -0.10639846272787057
0.8883603892663543 -0.10691013851540188
0.8888157616727872 -0.10743530832119985
0.8893181789848656 -0.10785536372466997
0.8896716510141903 -0.10833323618503632
0.8900665766740972 -0.10855391508001766
0.8904808575114957 -0.10914657320279808
0.8908479811512694 -0.10939929009594918
0.8911741627943706 -0.10980656191751925
0.8916383422355176 -0.11007509121016046
0.891964443627752 -0.11051910970309298
0.8923179290457967 -0.1110105596959049
0.8928275557545369 -0.11123928838997621
0.8930794849463483 -0.11178162704590677
0.8935184163799201 -0.11216557974624308
0.8938878164423529 -0.11249070409122308
0.8943777466326018 -0.11302087763682411
0.8947344451141972 -0.11324177890235454
0.8949986739513974 -0.11360623567415662
0.8954386147903408 -0.11400151896383148
0.8958585893916663 -0.11460453712701735
0.8961937350344761 -0.1147216879163574
0.8965467920385394 -0.11531689073863294
0.89698624537723 -0.1157113023547377
0.8972742517206489 -0.11592287075794983
0.8978136605790377 -0.11660163603754437
0.8980438264863599 -0.11685465822434304
0.8984452149242234 -0.1173717243790956
0.8987215152232907 -0.11740373781340974
0.8991584741530269 -0.11791023490463048
0.899457607730577 -0.11827799051216636
0.8998387250589964 -0.11871031029439194
0.9002797464721513 -0.11899564179210809
0.9005943568206378 -0.11932645965945099
0.9009835758462023 -0.11984470118225732
0.9014325145850174 -0.12004372410134423
0.9017211905900988 -0.12038763277303866
0.9020190495530277 -0.12064669842860265
0.9023550759729595 -0.12105301151421011
0.9026501648164994 -0.12124768837198563
0.9030290866699318 -0.12186171764315734
0.9034066362884389 -0.1223091420210386
0.903751107417349 -0.1227404366568301
0.9041623588895524 -0.12321208960273089
0.9044785477990401 -0.12327603670914178
0.9048712573942702 -0.12375943163882852
0.9052539183325781 -0.12420828360826452
0.9054977355159131 -0.12446003837351749
0.9057738727778831 -0.1246335367707142
0.9061890263393501 -0.12519450550125433
0.906499897868138 -0.12541137651187673
0.906861554735744 -0.12571455250879227
0.9072415147132663 -0.12619051863257458
0.9075472986313786 -0.12648541309325534
0.9078207835242984 -0.12691366300753026
0.9082527993954963 -0.12727933836048266
0.9084830125675479 -0.12763896756922344
0.9088523166578166 -0.12792421815490296
0.9092697378958117 -0.1281652836946221
0.9094448048039777 -0.12858265313975858
0.9098677987018963 -0.12897350783332662
0.9101940710044726 -0.12932431248967202
0.9104765519074429 -0.12954866085464567
0.9108381686449387 -0.13007269602675708
0.9110616333502711 -0.13032025106596967
0.9113831553248511 -0.13061414525698611
0.9117893100335646 -0.13108226198854145
0.9120063798097888 -0.1312099888201499
0.9124136849566726 -0.1316315688230134
0.9127010604478852 -0.13208460750479245
0.9130709787234266 -0.1322835423717963
0.9133183342432855 -0.13272895870277723
0.9136235484994597 -0.13298359233365153
0.9138960054912424 -0.13324853498568912
0.9141711470357122 -0.13353776616151392
0.9145221813610032 -0.13395786938457777
0.9148300928039338 -0.13416730115757314
0.9151763105998241 -0.13446319672496898
0.9154241005435175 -0.1349714638143933
0.9157867183604962 -0.1352094998035902
0.9160429260686681 -0.13547749164231038
0.9163948611474992 -0.1359320086156819
0.9166986458645194 -0.13616019006118596
0.9170431026395413 -0.13661263663992596
0.9172113129302251 -0.13690043981817324
0.9174950751595997 -0.13690880412379436
0.9177731941558464 -0.13722122812321758
0.9181459405858743 -0.1379236799768715
0.9184074402190596 -0.1380532673101953
0.9187426580496796 -0.13840257494236763
0.9190083528210338 -0.13868494189307756
0.919232558444616 -0.1388552188894855
0.9195673521721734 -0.1393241458897445
0.9199624244356467 -0.1397918624484028
0.9201936259303258 -0.140076685252847
0.9204609828818773 -0.14036212999202347
0.920779422804949 -0.1404879941308207
0.9210249711852955 -0.1409163111966344
0.9213233912527721 -0.14111698383618365
0.921515697452813 -0.14146109595463152
0.9218422301176846 -0.14172533194479187
0.9221486733640432 -0.141979681361466
0.9224242415848022 -0.14229343551956852
0.922787726000117 -0.14282590262658423
0.9228823813668131 -0.1430024182812809
0.9231980221451962 -0.14322696901181897
0.9235664753515792 -0.14359022387987375
0.9237823706691113 -0.14381691312490363
0.9240751859742693 -0.144156313363917
0.9243665438493694 -0.1445277904445602
0.9245978411947174 -0.14489052382305967
0.9248881855401606 -0.14510352717142816
0.9251733740323572 -0.14547886692247236
0.9254510888287939 -0.14577926378768669
0.9256738099796537 -0.14606202345402008
0.9258808372365108 -0.14626376285631149
0.9261738163774275 -0.14662168411391463
0.9263840530720412 -0.14670582876910687
0.9266808590483266 -0.1472320376812739
0.9269644926898233 -0.14740783752909392
0.9272656713636851 -0.14772353704194785
0.9274936064894835 -0.148198446752701
0.9277552464412492 -0.14849362454858495
0.9279968469873223 -0.14864924851607686
0.9282130952073525 -0.14892478892489291
0.9285046167911138 -0.1491708679239917
0.9287642959745885 -0.14934338456785556
0.9289729638145275 -0.1497718943135894
0.929255603252952 -0.15006201994578983
0.9296184573430616 -0.1506288599381157
0.9298003184578703 -0.15065875831377662
0.9300182166105435 -0.1511125972160947
0.930298996426504 -0.15135802568624812
0.9305546353952838 -0.15167012868271312
0.9308154043828418 -0.15196557653139697
0.9309984760044181 -0.15209876154360447
0.9312915043205467 -0.15259657691134465
0.9314609661110984 -0.15261660865405346
0.9317263581431453 -0.15316245912070114
0.9320204462661636 -0.15333929467598373
0.9322655780662068 -0.15355892264503646
0.9325220624304738 -0.1539293684847982
0.9327750508012638 -0.15424854507330021
0.9330366324610853 -0.15474736441038695
0.9331960765853539 -0.15483573154577857
0.9334914839881673 -0.154955880478303
0.9336938276751398 -0.1553043641564359
0.9339428979272579 -0.1556878105822599
0.934172205141684 -0.15599150575745246
0.9344134974279786 -0.15622974538821166
0.9346224364358313 -0.15635871559150227
0.9348653360394569 -0.1565837818533643
0.9350427494565682 -0.15688127600065893
0.9353221854659848 -0.15737767756018273
0.9355966510875463 -0.15767658696093612
0.9357551967120237 -0.15777336460553615
0.9360337407222504 -0.1583528576393335
0.936253744433859 -0.15824156472767625
0.9365284427840472 -0.1587190300538388
0.9365956311415665 -0.15881611449298372
0.9369703291128941 -0.15912060444829423
0.9371188004388524 -0.15945472757356827
0.9373759898306021 -0.15973980678502164
0.937579190673057 -0.15999546682931343
0.9378540918832807 -0.16037151523182502
0.9380956607350698 -0.16064097216357476
0.9382250491500854 -0.16060010125577562
0.9385072107331034 -0.16107432889303408
0.9386240394122052 -0.16132666215410474
0.9389302833165176 -0.16185934606229102
0.9391584525459961 -0.16203101270593712
0.9393401379059977 -0.1621489889460045
0.9395317832720651 -0.16258833428884523
0.9398171701441226 -0.1628412031062184
0.9399800935726862 -0.16296576013812414
0.9402529953849278 -0.16351023673303267
0.9403605991884062 -0.16356327474417343
0.9406627863555737 -0.16402064995120313
0.9408242090867444 -0.1640846796460126
0.9410293462682054 -0.16447027641306622
0.941261259424375 -0.16472483639147706
0.9413882524183461 -0.16518531806307024
0.9416771064607771 -0.1653567017423142
0.9418859877751203 -0.16553436616229467
0.9420707628079672 -0.16569527521388716
0.9423217177555375 -0.1661124499923633
0.9424709642395366 -0.16640714503681497
0.9427129063513373 -0.16662402970025636
0.9428505104826395 -0.166837337254518
0.9430128593708453 -0.16703536160954413
0.9432312700827441 -0.1673024303635795
0.9434662361262428 -0.16781061015860954
0.9436657307022304 -0.1678699431307783
0.9438931470485739 -0.16838964833583692
0.9440584511190407 -0.16849799336969007
0.9442096640504853 -0.16875515015900944
0.9445143161240752 -0.16900643654465464
0.9447227606516065 -0.16937387513459534
0.9449272046234747 -0.1696016986578095
0.9451137103469456 -0.16992206156284673
0.9452408444728404 -0.1701029958854765
0.9454814296455903 -0.17060892420200668
0.9456307799272852 -0.17066051897746481
0.9458490844794417 -0.17114989604379816
0.9460539037756447 -0.17134144840882393
0.9462298151868243 -0.17161863454311588
0.9464417835218168 -0.171805274994433
0.9465774430703099 -0.172110471143618
0.9467732637028471 -0.17233711350666947
0.946961187111815 -0.1726581426890944
0.9471763654212373 -0.17272363746314356
0.9473549243330555 -0.1733246991786872
0.9475796475820233 -0.17357795859278524
0.947714525069917 -0.17370238445321395
0.9479819351807527 -0.17433540417982807
0.9481157652942254 -0.17422296131829085
0.9482865207116037 -0.17461674795205495
0.9485006913458678 -0.1747896029038789
0.9486145269881997 -0.1750100002581113
0.9488549907022824 -0.1753417734002961
0.9489731119836111 -0.17559037384924925
0.949183199550919 -0.17605718511904134
0.9493560984827552 -0.17624819618426169
0.9495106428768174 -0.17636763565394764
0.9496453896927497 -0.1765993173720568
0.9499293051597217 -0.17697357144229264
0.9500517060821932 -0.17728180772095803
0.9502788858419582 -0.17750573077974563
0.9504486288007441 -0.1778662141929055
0.9506103186084092 -0.17838089597412976
0.9507802081550911 -0.17847035877657746
0.9509597279708522 -0.17873443988249793
0.9511638019324602 -0.17910845796235098
0.9513193699110386 -0.17916987284415742
0.9515113853397824 -0.1793598352520115
0.9515885934429404 -0.17980915261739994
0.9518214727711852 -0.18014639660585552
0.9518980447952486 -0.18023798450585982
0.9521432790951091 -0.18061560939022325
0.9523138675655052 -0.1808484052056043
0.9524852844761952 -0.1812772514011577
0.952672560111149 -0.18161145176190585
0.952833021419514 -0.18183793700509754
0.9529891098433109 -0.18183682209743524
0.9531558098531455 -0.18233072295572128
0.9533190077732443 -0.18277932444799694
0.9534947207154895 -0.1829621272828107
0.9537081952923723 -0.18307363555119327
0.9538167378797606 -0.18355325726300964
0.9539866066224068 -0.18391431239477707
0.9541278313750593 -0.18401082874830788
0.954290586789628 -0.18439085623123208
0.9545040553459538 -0.1846575176409344
0.9546071311512625 -0.18502376706616674
0.9547575938109989 -0.18522685050438703
0.9549836533610871 -0.18555145038847587
0.955073422172363 -0.18564471801751792
0.9553415796705355 -0.1862801455606412
0.9554177122115327 -0.18636145975149343
0.9555062221004272 -0.18659421880661353
0.9556452362329323 -0.18692278283574038
0.9558433468314721 -0.18719780644910522
0.9561100894406462 -0.18782435744121995
0.9561356183281013 -0.1877953861277435
0.9563840710450023 -0.18835468313582726
0.9564374530428994 -0.1883442152961603
0.9566905970913715 -0.18867901484792782
0.956841191493651 -0.18906733535610565
0.9569646158513083 -0.18930121089018748
0.9571135067804227 -0.18954068573676353
0.9572813966841406 -0.1898359888335327
0.9574263212066592 -0.19023104871794883
0.9575448038894124 -0.19051140774748376
0.9576959149065353 -0.19076690387492612
0.9578686903009047 -0.19114574616668734
0.9580525194533281 -0.19152593534922058
0.9581098934945843 -0.19147600642149698
0.9583123195740447 -0.19204359163960671
0.9584084245020975 -0.1922516611651105
0.9585368933628257 -0.19249929968638801
0.958732201742454 -0.19303287341644593
0.9588843889793126 -0.1932041751195539
0.9590678783281708 -0.19356015895431145
0.9591166054055451 -0.19385107371230026
0.9593450049856932 -0.19401023653238514
0.9595159369664631 -0.19451077365410907
0.9596273230075858 -0.19468780321034984
0.9597615967100884 -0.19503668956562026
0.959843151144664 -0.19537642555466583
0.9600113769434561 -0.1956181291521918
0.9602091671670152 -0.1959748935447394
0.9603247710706693 -0.1962921747906159
0.9604599922088448 -0.19657598771861529
0.9605271683457626 -0.19675411716419977
0.9607428857727784 -0.19727597938699604
0.9608998829151255 -0.19763055612848668
0.9609675871100274 -0.1977149458778531
0.961152721083589 -0.19809563059578383
0.9612709583056389 -0.19857829264556015
0.9614049453987479 -0.198832678628593
0.9615401898146992 -0.1989677034835805
0.9616743317079949 -0.1993444272119539
0.9618104176220023 -0.19973724714918129
0.9619756634248481 -0.200027643016902
0.9620732446764073 -0.2002772199095697
0.9621865932196011 -0.2005555639073856
0.9623421129720606 -0.20108489440324107
0.9624605489452305 -0.20115837977436657
0.9626275971664788 -0.20169458023791687
0.9627085877107113 -0.2021894461995175
0.9628704030816412 -0.2022644338727667
0.9630248881609228 -0.20271604064077453
0.9630700307784669 -0.2027801777182997
0.9632175445890224 -0.20328614397786937
0.9634044302076796 -0.20365623503414287
0.9635399653174757 -0.20391188177748099
0.9636008839857052 -0.20441846150941523
0.9636971558536633 -0.20437747789225869
0.96387367149705 -0.20496945673506406
0.9640582730748292 -0.20536465202913623
0.9641193648384712 -0.2056545978526787
0.9642633492117085 -0.2061239151811265
0.9644056952675258 -0.20639424701354392
0.9645156989890679 -0.206567799909947
0.9646824966935225 -0.20706183945364998
0.9647421026720169 -0.20719606932650603
0.9648576995858358 -0.20757897130990166
0.964994516145753 -0.20799528777356058
0.9651726222112559 -0.20831222058653587
0.9652707924299605 -0.20869575183899725
0.9654071501730176 -0.209248139808487
0.9655341407781146 -0.2095056232759187
0.9655982493201866 -0.20983832331738583
0.9657427427175865 -0.21011794115124494
0.9659225468297824 -0.21057986016086871
0.9659701874397508 -0.21090956247443082
0.9660756596573605 -0.21107020240911245
0.9662109177733686 -0.21146761625592614
0.9663557788411038 -0.21181881907618505
0.9664493897232586 -0.2123437568150498
0.966556433500805 -0.21254174985919483
0.9666708087762561 -0.21291503494226482
0.9668184345722053 -0.21330179491711854
0.9669332200958518 -0.2137831222953317
0.9670473742305521 -0.21420691964903726
0.9672117278343048 -0.21454836805186372
0.9672538352751203 -0.21478587538060334
0.9674199463472123 -0.2150805739488063
0.9674853003175728 -0.21570795949851862
0.9676465431619704 -0.21602243142347766
0.9677724477811673 -0.21632426154720408
0.9678354247209452 -0.21665384766995566
0.9679128107125309 -0.2169087357301488
0.9680559000171126 -0.21748428709660217
0.9681364771059109 -0.21774879942486347
0.9682960482863175 -0.2182294196403426
0.9684453869200239 -0.2185332321418355
0.9685522951053804 -0.21902284952845275
0.9685980236645498 -0.21918351259969449
0.9687529144710314 -0.21954537766447157
0.9688176894763292 -0.22001589689087897
0.9688583087530901 -0.22034714010486345
0.9690190039286564 -0.22073096737404407
0.9691383447390942 -0.22119158851584309
0.9692943176334994 -0.22180088053659341
0.9694014314964694 -0.22199373964138824
0.9694951984244851 -0.2224477930455473
0.9695185727701625 -0.22272222959456567
0.9696520525880079 -0.22301839365984755
0.9698369373137212 -0.22350355450636505
0.9698738418439684 -0.2238384146032354
0.9700138044671248 -0.22443526375714395
0.9701526354027321 -0.2246219160956846
0.970204879386589 -0.2251814722889829
0.9703198812586735 -0.22564246445581904
0.9703884553059979 -0.22602019870458234
0.970520285646816 -0.22651716751154627
0.9706322454910431 -0.22684578445604286
0.9707109684131668 -0.227223937796189
0.9708458687307437 -0.22768933529700575
0.9709240753229219 -0.22800227729259703
0.9710457253030916 -0.2286149195770718
0.9711710262336887 -0.22892420702768523
0.9712424114558839 -0.22939858892316833
0.9713350835166271 -0.22963069026925542
0.9714520621086353 -0.23030263810790075
0.9715591493352362 -0.23064752970794578
0.9716339694592013 -0.2309768026175003
0.9717216138437444 -0.2314603787605244
0.9718609469998187 -0.2318023759114587
0.9719686794682563 -0.232178903028045
0.9720009278126681 -0.23268417202312885
0.9721163367059488 -0.23321266763752846
0.9722329264167613 -0.2335889964825799
0.9723385049980551 -0.23401587120561884
0.9724089177959989 -0.2345287157564142
0.972549887009715 -0.2350300006313225
0.9725843073482906 -0.23528695346307515
0.9727233820361507 -0.23595743850241058
0.972826812800127 -0.2363704256562742
0.9728997190709481 -0.23667874762556407
0.9730017369421743 -0.23705178572470087
0.9730664265226007 -0.2375357889594224
0.9731990000083824 -0.2380003203364639
0.9732585724436239 -0.23855116070348348
0.9733280332918778 -0.23884953176188695
0.9734631973012462 -0.23930020131891494
0.9735674616584693 -0.2399646301039966
0.9736653206230494 -0.24050663458213872
0.9737676634573168 -0.24081943512650994
0.9738600934116084 -0.2412443948924461
0.9739250610782073 -0.241790329880609
0.973981026779233 -0.24222542534210523
0.9740772894763372 -0.24267679237244466
0.9742144656534388 -0.24324577934290237
0.9742868615771885 -0.2436679129864303
0.9743776552916987 -0.24437222158747485
0.9745064107935199 -0.24473456110447522
0.9745699120344596 -0.2450558985386052
0.974631246890062 -0.2455176843741238
0.9747141330716617 -0.24617234377218844
0.9748156468156536 -0.2465711305017816
0.9748424098912694 -0.2469496462976053
0.974986778651374 -0.24774652880016323
0.9750000877696196 -0.24791621792192042
0.9751743148234121 -0.2486320144051436
0.9752407635766107 -0.2491348919437757
0.975375964394905 -0.24969885522624657
0.9754017069547852 -0.2501534832702005
0.9754938078339035 -0.25056173317733066
0.9755815206495314 -0.2510132734084406
0.9756790055976623 -0.2516543319459932
0.9757566295054889 -0.2522229480359568
0.9758074678515273 -0.25273176791645147
0.9759803554194255 -0.25322416243638934
0.9760653781850755 -0.2538065742766017
0.9760949812685017 -0.2541715484106347
