#C1_inf,C2_inf
0.0 0.721368082721455
0.0009999820212009689 0.7206751908442413
0.001999965858739074 0.7199322299534948
0.0029999507468307495 0.719270726141747
0.003999936034523313 0.7185470447890152
0.004999920398500349 0.7179711099670125
0.005999902502128665 0.717008469795408
0.00699987648736239 0.7164635806349083
0.007999859399207412 0.7156617476574971
0.008999858691437134 0.7150180194602925
0.009999841697444955 0.7143083312891542
0.01099980122596067 0.7134691597414374
0.011999792639089114 0.7127944391472463
0.01299977113473216 0.7120453409082993
0.013999755675514893 0.7114249581695088
0.014999741674030335 0.7106829739251084
0.015999741764492512 0.7098742122887226
0.016999721219541297 0.7092941135180137
0.017999699787945307 0.7084646806178698
0.018999684324891585 0.7075584762444399
0.019999682693135044 0.7069980172881278
0.02099964526739907 0.7062768846971442
0.021999616820430022 0.7055737145017247
0.022999656977721012 0.7049471474253275
0.02399958683208298 0.7041372897813821
0.024999590036535072 0.7033881400322743
0.025999568365892567 0.7027524374614587
0.02699955041395297 0.7020146806606318
0.027999541726423972 0.7013089083660816
0.02899954587846009 0.7005713847415087
0.029999490628823792 0.6997237132956791
0.030999509695150095 0.698834402145922
0.03199950734290967 0.6985071621373604
0.03299949371091919 0.6977312212536577
0.03399946167796559 0.6969888302613733
0.03499940644019334 0.6962350152026758
0.03599942491438251 0.6954895505724875
0.03699936949536321 0.6947541568369844
0.037999369247159305 0.6939631616480157
0.038999371011713274 0.6932624332884715
0.03999934445794273 0.6926683845467828
0.04099931303540235 0.6918354826479785
0.041999325599523164 0.6911628393767077
0.04299924429103263 0.6904127079416815
0.04399923524621505 0.6896867020241532
0.04499925260620086 0.6890667855617666
0.04599922485807237 0.6882525337010076
0.046999191493537984 0.687547306609979
0.04799921936338631 0.6867280659027069
0.04899914099442597 0.6861734558579242
0.049999151184417154 0.6853592755050936
0.050999205014547036 0.6845458384524651
0.05199907145318036 0.6838533915138707
0.05299909978862241 0.6831432518738828
0.053999115058651355 0.6824620768214582
0.054999070361761944 0.6818536130064167
0.05599902616265058 0.681054874744697
0.05699903661969716 0.6803412523902158
0.0579989461746347 0.679693440897722
0.05899903383431015 0.6788359157300384
0.05999899147753949 0.6781626217703014
0.06099899516808928 0.6775666951072762
0.06199907583602106 0.6766313340110738
0.0629989670025832 0.6760959874541533
0.06399893415533095 0.6753628687674245
0.0649988820339038 0.6744876482614521
0.06599893858048639 0.6737781422263989
0.06699882037912834 0.6732109386010406
0.06799884268107381 0.6723433914051409
0.06899882795300284 0.6716660665878403
0.06999888155889793 0.6710311012856235
0.0709987679584071 0.6703347784535953
0.07199877180846709 0.6694044402061691
0.07299872088386032 0.6687638169354005
0.07399876812884834 0.6681053261820219
0.0749987914468665 0.6673321806647681
0.07599883875916831 0.6665382085195974
0.07699875790221018 0.6658149668309201
0.07799870190090076 0.6652396164740205
0.07899866182726807 0.6644389838205764
0.07999865555874942 0.6637304558335796
0.0809986390997195 0.6630691624793216
0.08199867352704254 0.6624057241049901
0.08299851046290664 0.6615606871649259
0.08399866918504367 0.6607846722842848
0.08499854502920647 0.6600037539304183
0.0859984868681855 0.6593306998286468
0.08699865740793121 0.6587288631827498
0.08799850397876743 0.6579671080978103
0.08899839317082395 0.657157752901953
0.08999853960723114 0.6565727233188857
0.09099851592892383 0.6558952568845798
0.09199852905840196 0.6551753759423611
0.09299860594741301 0.6544089728514435
0.09399838878357875 0.65370003601337
0.09499857382368448 0.6528215826567859
0.0959984104574407 0.6522472532446405
0.09699839850507191 0.6514442437947433
0.09799835417945643 0.6507528926115005
0.09899842410056281 0.6502184981985261
0.09999826036164552 0.6493231968452517
0.10099830481506565 0.6485867687373117
0.10199818202027468 0.6478341723638746
0.10299834343632348 0.6472321140282898
0.10399828349530349 0.6464136788893182
0.10499827109660444 0.6456729205742079
0.10599837041626087 0.6449665743292003
0.10699831761394543 0.6442688707794367
0.10799822202024334 0.64351290848646
0.10899807005341358 0.6428027183292403
0.1099982565175405 0.6421078816807082
0.11099817164253241 0.6413350457710902
0.1119982693196122 0.6406783104095859
0.11299810084245858 0.6398865718227666
0.1139979687840188 0.6391083471598272
0.11499793995165963 0.6384533877869969
0.11599808659644066 0.6377739296824522
0.11699797911094696 0.6370221619851828
0.11799814240385491 0.6363443484106783
0.1189981004029552 0.6356428931981117
0.11999793259691352 0.6348320120201871
0.12099795073994563 0.6341850821830055
0.12199789484317283 0.6334388795284561
0.1229979940707994 0.6326116521865695
0.12399789875667229 0.6319516793130149
0.1249979117623167 0.6312498358786136
0.12599772571744378 0.6305945081309777
0.1269978355192908 0.6296592552156304
0.12799782987393116 0.629181215651073
0.1289978337676455 0.6283852520909343
0.1299977984796686 0.62776689195551
0.13099787901498847 0.6268543693926762
0.13199783827224668 0.6262485658027331
0.1329976772128793 0.6255250985989191
0.13399789144299176 0.6247324180726184
0.13499776498491958 0.6239557987979297
0.13599795603577183 0.623353736191278
0.13699778057758394 0.6226873863941765
0.13799768213158684 0.6218776971647275
0.13899779431675577 0.621179776448455
0.13999796035467815 0.6205234866085996
0.14099739366678968 0.6197220684518416
0.14199772289685103 0.6190214492556443
0.14299767671049346 0.6182382695964707
0.143997562895153 0.6176785749645826
0.14499751324330964 0.6167125114248221
0.145997620156128 0.6161180993802764
0.1469974482589402 0.6154083247995626
0.14799779373561028 0.6146609194800227
0.14899745002800194 0.6139571586305612
0.1499974111088131 0.6132364421721661
0.1509975428564368 0.612478939471292
0.1519975861378794 0.6117988103501466
0.1529975144499419 0.6111446877665428
0.15399760982431582 0.6103477972576687
0.15499755371204094 0.609698368923677
0.15599733204244104 0.6087785195667933
0.1569975127450619 0.6081537558665097
0.15799714665372983 0.6072921489915505
0.15899727607238057 0.606849680534256
0.15999708944101732 0.6060227148769335
0.1609971234618961 0.6052394936824692
0.16199716071907685 0.6045927663589877
0.1629972090432195 0.6038744937685306
0.16399730119743844 0.6031648983229727
0.16499728016004403 0.6024354913846102
0.16599720198556514 0.6017851687105851
0.1669971751248084 0.6009487875364647
0.1679969821771611 0.6002440491903268
0.16899729883559111 0.5994642213443578
0.1699972788790009 0.5988822827366536
0.17099710858133618 0.5980579695194929
0.17199697398880834 0.5973751114731456
0.17299712635881145 0.5966081498205421
0.17399718556949972 0.5960056715966285
0.1749971163471048 0.5951403308554822
0.17599699759573698 0.5943381030236291
0.17699724504261122 0.5938368470892361
0.17799697873588777 0.5930170092262879
0.17899709749313766 0.592279756241213
0.17999702018473987 0.5917745647352571
0.18099717163744405 0.5909162720836317
0.18199698938308623 0.5901749308043008
0.1829967679547371 0.5893686742740349
0.18399692204127815 0.5886506661897685
0.18499684717340562 0.5879429107061526
0.18599691117007497 0.5872670305507518
0.18699686368853516 0.586550986059583
0.18799693033773554 0.5858376686216077
0.18899683423738756 0.5851466568577747
0.1899969547557206 0.5842756783569447
0.19099687246815752 0.5835960926280869
0.1919969288619191 0.5828756654368947
0.19299686038683816 0.5821749026402596
0.19399687006436467 0.5814380886652227
0.19499672877863322 0.5807264797657771
0.19599654150958518 0.5800661937626743
0.19699681074484143 0.5793910585772967
0.19799663839056572 0.5785455109287295
0.19899662559047085 0.5779040453598476
0.1999967981647116 0.5772134632994963
0.20099657933287457 0.5764393993857697
0.20199690955909733 0.5757671216158675
0.20299659192457606 0.5750043460953489
0.20399665850832066 0.5742735251072415
0.20499648494103698 0.5735941410394237
0.20599642183576664 0.5727827326094421
0.20699669821279226 0.5720279039838124
0.2079961976817008 0.5714691895000744
0.20899675115955466 0.5707428864836079
0.20999645515748874 0.5699538868650096
0.210996455841924 0.5692531804892197
0.21199658132820973 0.5684631835440443
0.21299659957619008 0.5677342199897034
0.2139963758902595 0.5670375521687566
0.21499643578533356 0.566322063491948
0.2159962917241719 0.5656410974818571
0.2169966104532165 0.5649326000952816
0.21799645234888862 0.5642008333456532
0.21899617122874285 0.5634802571540555
0.21999636208759954 0.5626990892812483
0.22099619177124985 0.56201242812825
0.22199632596531105 0.5612222352012743
0.2229967160405305 0.5605307998580221
0.22399650277258984 0.5598670699576294
0.2249958534890902 0.5591628431967255
0.22599589281860274 0.5583737859564312
0.22699627854772247 0.5576388944428143
0.22799617206776882 0.5569915236979514
0.22899634771750652 0.5562544343351125
0.2299964168570493 0.5555624517096244
0.23099603944281974 0.554734553724434
0.23199622219611257 0.5540657265417024
0.23299569042255916 0.5533174092301768
0.23399621147128197 0.5525724350808161
0.23499585596203917 0.5518953881967072
0.23599635491422088 0.551144775184929
0.23699575938252523 0.5505355082283324
0.23799600002996169 0.5497053445156704
0.23899611530900097 0.5490622728025141
0.23999628062794612 0.5482680703856379
0.24099629926888547 0.5475405722741523
0.24199615040994715 0.5468635974625704
0.24299582454700946 0.546143764013141
0.24399580105899915 0.5454384060261888
0.24499612466324974 0.544795771626293
0.24599624992411043 0.5439885485025602
0.24699597503170057 0.5433620510774726
0.24799595490161497 0.5425067218980753
0.2489957115032372 0.5417752969997945
0.2499956329007884 0.5411574535088579
0.2509957547848642 0.5403418648993981
0.2519960085086764 0.5396282772644525
0.2529956913924593 0.5389195764313529
0.25399553375268236 0.5382647881486773
0.2549958108502349 0.5375630805101242
0.2559958925333318 0.536650464269953
0.25699598628662895 0.5360527991284918
0.25799593858801434 0.5353063002751796
0.25899564015507276 0.53445137870803
0.2599958123025041 0.5339940682203637
0.2609956847292761 0.5332019995863903
0.2619958372294212 0.5323796975560373
0.2629957431854965 0.5316022520183619
0.26399526647732696 0.5310026831371771
0.26499545481551523 0.5302353146287224
0.26599571662974647 0.5294691948581448
0.26699519639874897 0.528861236129645
0.26799529996647187 0.5281118235126014
0.2689957281295688 0.52743017234232
0.26999534827349786 0.5266347260980646
0.27099547830000786 0.5259199243451436
0.2719954979541955 0.5251844155491607
0.27299568115034856 0.5244676085359642
0.27399558102874516 0.5238109921269142
0.27499525262526076 0.5230981085069306
0.27599560137236806 0.5222628438545536
0.276995567587777 0.5215704202985324
0.27799525681938175 0.52083530750716
0.2789954331151911 0.5203066185330542
0.27999532262536786 0.5194165665117142
0.2809951358051857 0.5186905347798765
0.28199518219025743 0.518034456094539
0.2829954405136806 0.5172379690750478
0.2839953125576559 0.5166564910532946
0.28499541159670433 0.5158618600078081
0.2859954727339837 0.5151255506930473
0.2869952004527612 0.5144568626404885
0.28799538430000476 0.5136567820573862
0.2889956473285397 0.5130125022425253
0.2899954474482434 0.512250181560472
0.2909951985395212 0.5115348295412835
0.29199541958086983 0.5107949015100559
0.29299532912854903 0.5100247662374093
0.29399523586422605 0.5093705029556146
0.2949950151222026 0.5085683764857922
0.2959949247152089 0.507875592279847
0.29699529016992415 0.5071601417077767
0.2979946938417997 0.5064430566743369
0.29899532278123586 0.5056817867914833
0.299994931714447 0.5049726387241669
0.30099505627207856 0.5042328324032437
0.30199524211522455 0.503668990417663
0.3029949240171274 0.5027683782011976
0.3039946554585134 0.5022103569885604
0.3049945950376432 0.5013444299675488
0.30599537484222267 0.5007024138156757
0.3069950207556722 0.49998333255575694
0.307995067001965 0.49922129534508347
0.30899474174602604 0.49856085677283424
0.3099948858174703 0.4977773372756503
0.31099503250764826 0.4970386145750818
0.3119944793133243 0.4963919880880147
0.31299506050384107 0.4956288764680364
0.31399454749717925 0.49490327631182257
0.314994953325604 0.4941021970362808
0.31599460134298946 0.4934710735611826
0.31699450702394416 0.4927868789982934
0.3179947392428291 0.4919903118585916
0.31899476743765987 0.49127223502663714
0.3199946903102924 0.49058178887891857
0.3209947894419372 0.48986283912155854
0.3219942054690833 0.48915784289935693
0.32299456496131124 0.4884377898230283
0.3239944011238689 0.4876782466256564
0.324994635168215 0.48696527335146256
0.3259948651314421 0.48622963872133257
0.326994660940044 0.48552787308612777
0.32799431411557206 0.48485404844567265
0.32899421381337285 0.48413834880757056
0.3299945190721296 0.4833567179077781
0.33099464292826525 0.4825957180037162
0.33199434859259286 0.4818795343445839
0.3329943242340591 0.4812199093844136
0.33399423308258386 0.48052439179593703
0.3349942974433193 0.4797052504805062
0.33599460392054603 0.47901695441933695
0.33699412148861824 0.4783449364945723
0.33799450357215505 0.4776373470614461
0.3389944665907865 0.4768529987393364
0.3399942526846168 0.47617911566643745
0.3409942746523882 0.4754239982436363
0.3419938065745285 0.47469959795889066
0.34299457848947784 0.4739685632231895
0.3439943301622566 0.4732938854368014
0.3449939411572116 0.47264222256639904
0.3459938941258024 0.47181517429500547
0.34699388925141406 0.4710670557091107
0.3479944242743158 0.47045043366878747
0.3489939198506316 0.4696695404967971
0.3499943437623071 0.4689611137735324
0.3509944149763681 0.46816686139246066
0.35199401520470025 0.46752089842063144
0.35299408760771867 0.4667601186313
0.3539939559105699 0.46601586715656657
0.3549938923242481 0.465326383166732
0.3559940806201576 0.4646456877730934
0.35699424951024783 0.46386187304040793
0.3579941552229233 0.46320103980146277
0.35899432095624834 0.4624810531539817
0.3599936771205542 0.46166658237056846
0.3609934523425598 0.4609723203778263
0.36199388572612584 0.46026546969372295
0.36299356946496336 0.4596205047801548
0.3639937407258623 0.45889518972780086
0.36499365756012264 0.45818893005405126
0.36599383606076763 0.45745688744720703
0.36699396050490346 0.4567251681455158
0.36799377936052907 0.4559195908762558
0.3689936158084673 0.45515051977231913
0.3699935389118551 0.4545529875311076
0.3709933346701087 0.4537416504049035
0.37199335202647443 0.45309410471880374
0.3729931236615853 0.4523481067806244
0.37399379421054 0.45157753211435503
0.37499321864664864 0.4508537625214906
0.37599362614854265 0.45021787472236363
0.3769935374319701 0.4494896380530841
0.3779936892268321 0.44871689210801835
0.3789932366832894 0.4480447686376228
0.3799942454795513 0.44729618457831916
0.380993585692261 0.44657876438815086
0.38199342316275603 0.44587360418512223
0.3829933961204773 0.44509249657238015
0.3839938872145109 0.44450854092233794
0.3849928851067319 0.44362349439459753
0.3859934002564381 0.44295943994878023
0.3869933978838643 0.44218768050466073
0.3879939516792341 0.44151144553459365
0.38899324110463607 0.44077818586349515
0.3899930733794495 0.4401750541572299
0.3909934362953593 0.4393422826031759
0.39199327285428703 0.43865239903501346
0.3929931024503128 0.4378528610965835
0.393993315138001 0.43713499620375434
0.3949935090199978 0.4365192036529733
0.39599352516275943 0.4357442543278543
0.39699356976491046 0.4350165094876109
0.3979935934858657 0.43432833197194093
0.3989933474940454 0.4336687203370261
0.39999384578595787 0.43286116921000467
0.40099321656568 0.43222020134066036
0.4019942459175817 0.43141069453670844
0.4029928970505236 0.43072622459881077
0.40399326444273287 0.4300319607905757
0.40499341894742275 0.4292377627733728
0.40599283701510536 0.4286181627857135
0.4069928544302341 0.427866223428917
0.4079929499358802 0.4270824634266594
0.4089930896424071 0.4263985161271627
0.40999313949747557 0.4256833744193706
0.41099233720818545 0.42489266054297586
0.41199362752923124 0.42423830326631384
0.4129931556766558 0.42353822047949846
0.4139929927729284 0.42281230359790734
0.4149931878008696 0.42197323626645294
0.41599295266754394 0.4213020355186296
0.41699247794901384 0.4206217293206232
0.41799306826362775 0.4198435582384739
0.4189933793262387 0.4191467708311468
0.41999242145822085 0.4183803098569444
0.42099327432745803 0.4177165700082739
0.4219929056590132 0.4170078635651096
0.42299275340574405 0.4163437789634147
0.42399303014405737 0.4155890952383348
0.4249923133162346 0.41481431190428886
0.42599299938637886 0.414148990829285
0.42699298212002645 0.41339935243282844
0.4279929651404546 0.4126583217616958
0.4289929023214214 0.41181950501895
0.4299926820642069 0.4112020733740019
0.4309932627115036 0.410588071696143
0.43199232565864415 0.40976745990846697
0.43299341938217734 0.40896687241031804
0.43399243588122166 0.40829904337381523
0.43499278920008455 0.40763536097223146
0.4359924936586061 0.40695344822413443
0.4369926888256128 0.40606614048369355
0.4379925603345076 0.4054454054427116
0.43899309289704447 0.4047927470852036
0.43999238246060035 0.4039583442006159
0.4409928145015097 0.40324450911909904
0.4419923274519781 0.40257562460004853
0.4429926994429964 0.40183804762544323
0.44399309975692 0.4011270911589357
0.44499274867664007 0.4004584086145392
0.445992631632174 0.39960768632897875
0.4469929009612999 0.3989300174121986
0.4479927165708316 0.398317864540386
0.4489930222969571 0.3975360938502895
0.4499922605630233 0.3967879878883221
0.4509919535150529 0.39609575303111483
0.4519918714917998 0.3953999315450241
0.4529929154107214 0.394621821499801
0.4539924325335499 0.39396346795866405
0.45499220685796443 0.3932427752053462
0.45599307543536266 0.39245916029228844
0.4569929514567574 0.3917288281275397
0.4579918262484219 0.39100360634253406
0.4589924374036473 0.3902754575872506
0.45999244214980084 0.3895713458062261
0.4609920932700174 0.3888896936994737
0.46199261704830286 0.3880895042426386
0.4629921590558041 0.3874130601610507
0.4639920026995729 0.386616094019224
0.4649914671140427 0.38592376734048833
0.4659926500584549 0.3852905529909248
0.4669925706980437 0.3845029152189646
0.4679926974944985 0.3838501032869668
0.4689912599932981 0.3831247126050956
0.4699917287018901 0.3823495745910425
0.47099265096720905 0.38161879638253005
0.47199180113461997 0.3809514875848198
0.47299158673059816 0.38024877805192486
0.4739925258577411 0.3795400687396725
0.4749916804549527 0.37875790438517754
0.47599201475333436 0.3780827605306871
0.4769924492828336 0.3773123924469025
0.47799236496868386 0.3765672187804009
0.47899209484140176 0.3758339050471154
0.47999198886309336 0.3752032879678015
0.4809913570817613 0.3744839920150706
0.4819915458702573 0.3737832958815357
0.4829925019669065 0.37303503913227004
0.48399144024287827 0.3722813389923899
0.48499249966679625 0.3715364090756955
0.4859916637737262 0.3707759119033738
0.486993259256033 0.37007903019596455
0.48799246939867374 0.36938606740598934
0.4889927312946491 0.3686172856708454
0.48999211585849467 0.36791407245728525
0.4909917298926416 0.3672008125622273
0.49199232192485204 0.36642682019213463
0.4929911164414072 0.36576189967889294
0.49399134300820746 0.3651119214570012
0.49499176460490396 0.36437811388661995
0.49599172968858624 0.36366327845029073
0.49699038238717347 0.36299672850919995
0.49799160322274627 0.362193861696048
0.49899213625769845 0.3614698042849259
0.4999920144435352 0.36078297966379413
0.5009915831143734 0.36002906941763674
0.5019913573155917 0.3593540940561206
0.502992223034389 0.358538037812358
0.5039916256321545 0.35783957784557385
0.5049908434785202 0.35714242404911967
0.5059918859327449 0.3564063640146458
0.506991756914709 0.3556521838287618
0.507991574575466 0.35496813634174684
0.5089920611751723 0.35420017218638417
0.5099913360926523 0.353503956025166
0.5109917241740386 0.3527753535022972
0.5119917041430914 0.35207773916416585
0.5129914924089028 0.3513413729091412
0.5139918916230328 0.35064889202445637
0.5149912803435233 0.34987665764426057
0.5159912981483112 0.3492676982702982
0.5169917441908386 0.34850782594374924
0.517991310123633 0.3476962668491828
0.5189912652326581 0.34703638008755844
0.5199911569126029 0.34634744473456686
0.5209910402365763 0.34554187202037084
0.5219914125470474 0.3448342792655462
0.5229913737936014 0.34408879288848065
0.523991653385202 0.343429250908833
0.5249917167244383 0.3426377106154137
0.5259912770484672 0.3419956325626875
0.5269909251494268 0.3412058651776375
0.5279915589121579 0.3405213543525966
0.5289914765607292 0.33980052920828646
0.5299908797614188 0.3391383318264674
0.5309909052996901 0.3383404565958366
0.5319906321976078 0.337629129634159
0.5329914870474897 0.33692606937321723
0.5339920673800514 0.33625621260705935
0.5349915415545853 0.3354902113158369
0.5359913559669269 0.33476401790059496
0.5369911343077813 0.33405059359815753
0.537991314127815 0.3332892228081335
0.5389909702777526 0.33253686503937235
0.5399910231259817 0.3318775478651319
0.5409906247209381 0.3310957647211272
0.5419915399589263 0.3304871422040777
0.5429911105351073 0.3297230094555987
0.543991377099713 0.3289951037254457
0.5449910222643832 0.32829174664303
0.5459913486192215 0.32756797969352675
0.5469906936209428 0.3267904431116313
0.5479910255129228 0.32606878844680715
0.5489906342223521 0.3253867300877763
0.5499913994721303 0.32467131902832563
0.5509911561192156 0.3239259826921033
0.5519906651554704 0.323189649827991
0.5529911253696692 0.32248332205457914
0.5539910294387393 0.32170132958944186
0.5549914804442692 0.32099953535854825
0.5559909047675814 0.3202491110360106
0.5569909366953262 0.3195606167223322
0.5579908298278485 0.31891631377169016
0.5589908722404769 0.31814738381776386
0.5599908597128582 0.3174583630794474
0.5609905874547506 0.31673494878157893
0.5619907091738655 0.3159948601501759
0.5629909841577014 0.31525030828352024
0.5639906779898912 0.314591522111843
0.5649901441454327 0.3138490121973129
0.565990915038246 0.3130895054922797
0.5669904188205195 0.31242170009806763
0.5679907904568524 0.31165680533166523
0.5689901768831782 0.310879122381655
0.5699905782351518 0.31019476470713786
0.570989914718447 0.3094921194407091
0.5719904430751803 0.3087770082153077
0.572991322839145 0.30806501747541903
0.5739906890713333 0.30734047361373484
0.574989872205759 0.3066315100440553
0.5759905064435441 0.30589499853850965
0.5769905774492113 0.3051549639964268
0.5779901533591582 0.3044563659358004
0.5789906403404924 0.3037321046678421
0.5799903017910732 0.302977583283028
0.5809898930288321 0.3023171935016579
0.5819901949658756 0.3015798923451491
0.5829897231076949 0.30088812734931847
0.5839898466044037 0.3001169634091396
0.5849899231314158 0.2994012225699632
0.5859894869083903 0.2987128943164805
0.5869904946942999 0.29796462211844094
0.5879903097717641 0.2971979653607275
0.588990114129582 0.29651537370779585
0.5899903512141288 0.2957901378886675
0.5909902187022869 0.29512441402616285
0.5919907122927179 0.29435082897956527
0.5929901880245197 0.2936692437376037
0.5939909975458921 0.2929195470692993
0.5949891870031815 0.29214351485631085
0.5959904539554461 0.29148394788796794
0.5969898693686099 0.2907403033048647
0.5979900061273195 0.2900167804478049
0.5989894520145338 0.2892978681157903
0.5999902558500649 0.28860022205091335
0.6009898379369447 0.2878787297344576
0.6019892043306391 0.2871474407651178
0.602990320016658 0.28632883987439417
0.6039903727729589 0.2856990927739847
0.6049900881859833 0.28495465226267463
0.6059895723040161 0.28429007937904405
0.6069908660156944 0.28355628662009974
0.6079887649098228 0.282842283994414
0.6089898114257707 0.2821405127772494
0.6099897946594875 0.28130995678522347
0.6109903837644789 0.2806382880082681
0.6119898713248195 0.2799330333827228
0.6129902621580395 0.27921359972998655
0.613989893092891 0.27848262658752415
0.614989836672678 0.27774017131578876
0.6159898204943445 0.2769955810963093
0.6169903092154301 0.2763188024961824
0.6179891346114426 0.27555561167927517
0.6189889140535931 0.2748392715481821
0.61998991011419 0.2741610678355519
0.6209892002285167 0.2734384959277543
0.6219898028196114 0.2726874312379473
0.6229905972575064 0.2719791024519511
0.623990344477429 0.2712340696654488
0.6249900420714818 0.27056188225044053
0.6259898203979869 0.2698321460645824
0.6269887085995473 0.26908374129751533
0.6279887648853262 0.26835642544489186
0.6289885609379775 0.2677078556730083
0.6299896173883627 0.26694979770153165
0.6309897558115809 0.2662518640163757
0.6319887835503205 0.2655124744665833
0.6329889058772235 0.2647664640908897
0.6339899097424244 0.2639567018703646
0.6349894705876897 0.2633814597043141
0.6359893069629884 0.26261114834666394
0.6369901434612676 0.2618922341764408
0.6379902946783937 0.2611675671374169
0.6389889488194473 0.26043103081985153
0.639988169490036 0.25970223947840787
0.6409889358304114 0.25901334131464765
0.6419895880979793 0.258290125463035
0.6429892399359052 0.2575405263898215
0.6439886491097996 0.25681714946675677
0.6449889766814124 0.25609424191308366
0.6459888539719937 0.255395622807858
0.6469895887750949 0.2546552720266819
0.6479892982495058 0.25396794132664463
0.6489894478458142 0.25324755573429997
0.6499891386845811 0.2524902660948276
0.6509886394487192 0.25176535344763057
0.6519887123897166 0.2510310127140965
0.6529897622759271 0.25036043456786505
0.6539901143282563 0.24958644275546785
0.6549887462493438 0.24894394315712423
0.6559879563276866 0.24820195989033367
0.6569895104947299 0.24745433620127677
0.6579886800255642 0.2467498084577139
0.6589888873132571 0.2460226783475094
0.65998838655856 0.24529993562126357
0.6609894295917942 0.24455423257694017
0.6619888382716523 0.24388657307813377
0.6629891147008771 0.24312539687414025
0.6639886977190563 0.2424112320673809
0.6649893013328203 0.24165323475030967
0.6659889731346014 0.24096705658822132
0.666988966507606 0.2402535620121019
0.6679885534347977 0.2395459292466212
0.6689896009291546 0.23879286723015403
0.6699892950017944 0.23808690421506343
0.6709886743859934 0.23739075446402572
0.6719883372856731 0.23665439187710288
0.6729896349724975 0.23591679905249055
0.673988323685388 0.2352164800711671
0.6749887069969663 0.23448325372812004
0.6759884376893988 0.2337007205077952
0.6769896249809166 0.23303080277055677
0.677988747185088 0.23231103139907747
0.6789876871793074 0.23155011933553313
0.6799880835969467 0.23088663137796203
0.6809883888103359 0.2301801693023075
0.6819895436207637 0.22944709073128994
0.6829878617485331 0.2287073987162311
0.6839874566558555 0.2280252975189887
0.684988297277828 0.2272529989099632
0.6859879135992092 0.22656214472329586
0.6869892078100786 0.2258186017958958
0.6879879845880316 0.22512039075367535
0.6889883754313268 0.22435787081533864
0.6899888299280562 0.22367297576397227
0.6909884042647105 0.222924230170711
0.6919882818591089 0.22220944855613733
0.6929885933345008 0.2214893918002645
0.693988248140506 0.220782432745208
0.6949883767930872 0.2200720197583479
0.6959891552560243 0.21934468473426094
0.6969883741923973 0.21861342890551497
0.69798786134916 0.2178599221554523
0.6989879482764721 0.21716294582636805
0.6999885037227971 0.21647004037201417
0.7009878841815268 0.21571924377884757
0.7019887661103283 0.2150059623734532
0.7029881135609779 0.21430929463062656
0.7039879699869862 0.21358625200136908
0.7049887540077828 0.21281583943992988
0.7059879652916943 0.21211805915990278
0.706988569542436 0.21137891207307322
0.707987936800703 0.21068897723505253
0.7089878591378103 0.20994370989184896
0.7099889123961586 0.2091892703870848
0.7109879917774942 0.20851982070370972
0.7119886130220853 0.20776843249896818
0.712989058741667 0.2070509133173413
0.7139875765582948 0.20639478676257858
0.7149879520454288 0.20556742745152168
0.7159875859464754 0.20487872707033145
0.7169877554070031 0.2041767617110415
0.717987426466705 0.20346503797504553
0.7189874238148499 0.20273572676098198
0.7199874375259145 0.20197919347114116
0.7209877703266936 0.20127283031616947
0.7219881455603901 0.20055587528104987
0.722987107564348 0.1998410387727742
0.7239864856814563 0.1990901607423575
0.7249865877729292 0.19842765311993096
0.7259870445977296 0.19769043722193533
0.726987113486793 0.196939356306273
0.7279872361524674 0.19626952495285374
0.7289882579485442 0.19551754782007402
0.7299887457866537 0.19479768274987655
0.7309889902079781 0.19408689689063094
0.7319882539740036 0.19337540433307976
0.732987869768424 0.1926251581675788
0.7339874254463387 0.19193453481088268
0.7349882721549896 0.19121175884122915
0.7359886327484035 0.19047336023055397
0.7369878748039618 0.18969101721878073
0.7379876562728698 0.18900966153741133
0.7389886572972223 0.18830544518008452
0.7399877722920276 0.18758788108961105
0.7409885423677648 0.18687337404250806
0.7419877236309516 0.18611215781439344
0.7429872242300255 0.18540599435922311
0.7439876265638783 0.1846811010385045
0.7449871328606658 0.18398653719988384
0.7459879314032037 0.18323114265224968
0.7469878025935646 0.1825549766060608
0.7479870493594521 0.18182156582341133
0.7489865198996623 0.1810556171633791
0.7499870619405598 0.18032624156150645
0.7509880303257224 0.17965153301115414
0.7519878280758799 0.17889831908375775
0.7529876649307045 0.1782052044723916
0.7539871824662258 0.17746018167262745
0.7549861535779874 0.17674692771963071
0.7559870496808899 0.17602083803158394
0.7569865210358903 0.1753178236069826
0.7579878294065387 0.17460453460270906
0.758986372835797 0.17383575580988156
0.759988115538198 0.17313287581840936
0.7609868236622638 0.17244212462288497
0.761987517132177 0.17171141343648633
0.7629872520550264 0.17100064877679721
0.7639871908237125 0.1702415588282166
0.7649866832389873 0.16954337897323168
0.7659865710253414 0.16881266676675952
0.7669876787172802 0.16810004645726012
0.7679878877179197 0.16739141915987094
0.7689875600494208 0.1666591475883885
0.7699868112221023 0.16594182577334154
0.7709870425181122 0.16522130238831795
0.7719864861665835 0.1644798276392548
0.7729872696347753 0.1637627701014438
0.773986280618505 0.16304579006744302
0.7749869382548643 0.16231873011611864
0.7759860844386559 0.16165564319092166
0.7769875455698051 0.1608892425918564
0.7779870413290987 0.1601767553160313
0.7789868646670236 0.15941764622128202
0.7799869166805359 0.1586970969714221
0.7809876048006265 0.15801545226611774
0.7819864009619041 0.15727901395553287
0.7829853985868205 0.15655554358515003
0.7839868885596383 0.15584620500490085
0.7849868726405252 0.1551337858922477
0.7859875148867925 0.1544104335465443
0.786986710416935 0.1536665625313447
0.7879864587528265 0.15291452766083777
0.7889871752632355 0.15221907324161332
0.7899867046740592 0.1514981247877278
0.7909880223751188 0.1507840475551916
0.7919868619510888 0.15004917648862268
0.7929865536118247 0.14936832231896163
0.7939860124448231 0.14859596832155625
0.7949869260496145 0.14786789800965278
0.7959877130857864 0.14715821920245276
0.7969876129038131 0.14644726870005387
0.7979864157075832 0.14572750407433716
0.7989874534067958 0.1450312662102898
0.7999868540227952 0.14428948731826655
0.8009852076401646 0.1435820182486274
0.8019868857274873 0.14283611271675734
0.8029873850842904 0.14210015589192826
0.8039874590548982 0.1413779053085456
0.8049868259186178 0.1406814391123091
0.8059859813205531 0.13995920354087826
0.8069862187792397 0.13920552771885158
0.8079867606518302 0.13852586737222278
0.8089863906623844 0.13779338878677136
0.8099857517515789 0.13707411150060045
0.8109868334618349 0.13635298209293667
0.8119872002357178 0.1356428099111208
0.8129863431608254 0.13490868161965955
0.8139862420007397 0.13417772121734836
0.8149856406354097 0.1334647615241582
0.8159869933366536 0.13275170818495738
0.816986413648271 0.1320209606825734
0.8179846562315131 0.13132354422754117
0.8189862193031472 0.1306048470487079
0.8199865707191568 0.12984326934376475
0.8209852278818254 0.12913350892508413
0.8219857444466327 0.12842060930266974
0.8229868617385884 0.12768911447711678
0.8239871486012262 0.1269643526044367
0.8249860123268479 0.126247315495632
0.825987249439618 0.12554581701682158
0.8269859611864571 0.12482444576224806
0.8279867724103865 0.1240954926902764
0.8289873224474518 0.1233857278791793
0.8299862631832668 0.1226505575200539
0.8309861919953709 0.12192891490841457
0.8319857937846081 0.12121581753805369
0.8329860420085146 0.1204636638916083
0.8339866768663561 0.11977328935209305
0.8349861354156701 0.11905727463500419
0.8359851957895962 0.11830540594900002
0.8369857201572974 0.11759713690262079
0.837986641232609 0.11688305744238989
0.8389865208833666 0.1161711392679074
0.8399859853735631 0.11541568854389825
0.8409853475449386 0.11473527649638124
0.8419862906357701 0.11397645870986137
0.8429861545703525 0.11323923349889045
0.8439856589188522 0.11255315869421756
0.8449855243855549 0.11181901724133587
0.8459860600134813 0.1111099788120851
0.8469866175261811 0.11036789517749318
0.847985373374634 0.1096298242936849
0.8489859380414061 0.10893415349551926
0.8499850441719892 0.10821623295842797
0.8509856185285565 0.10750257644523406
0.8519851531727556 0.10676907784631477
0.8529854926843126 0.106056866205611
0.853985086713469 0.10531902796688095
0.8549849582009275 0.10460595938094877
0.855984564059004 0.10389959034466692
0.8569857388304283 0.10317969718152595
0.8579854407383753 0.10244376371646896
0.8589847081275049 0.10172681555566292
0.859986355426175 0.10100698215895161
0.8609855497497648 0.10026771740240226
0.8619843878530065 0.09956865327424219
0.8629853710516138 0.09884488767365462
0.86398488367585 0.0981242087095134
0.8649866132122682 0.09738816547122964
0.865985473298442 0.09667440718869225
0.86698444971998 0.09596149380376609
0.8679865098529539 0.09522851656280432
0.8689860741669816 0.09450750144191349
0.8699855336959933 0.09380876210419684
0.8709857395584111 0.0930637118857708
0.8719854377573358 0.09233833479929734
0.8729847167939843 0.0916316407050981
0.873986167289691 0.09091486414835345
0.8749845859473461 0.09018361382024122
0.8759861348296893 0.08946495258596639
0.8769858500316 0.08873190368591427
0.8779861997841002 0.08800143230314242
0.8789852844454551 0.08729591560464861
0.8799862195146827 0.08657410081997287
0.8809848545119998 0.08586446613607399
0.8819855234963309 0.08514510527473079
0.8829848460301161 0.08440529702442016
0.8839856563528325 0.08367344906608011
0.8849848185447036 0.08296405209930605
0.8859856977847832 0.08224268939098867
0.8869861801112457 0.08153364029102594
0.8879857055909748 0.08079657010386525
0.8889833736796215 0.08009377315059428
0.8899852359811717 0.07936903157830699
0.8909848169501855 0.07863521202362422
0.8919847928303563 0.07792313807000949
0.892986031523375 0.0771831849774091
0.893984981750466 0.07647910063371298
0.8949848316371317 0.07575022106403469
0.8959855230404151 0.07503514288046564
0.8969853510064039 0.07431023175085644
0.897985058265541 0.07357760159256528
0.8989848135094903 0.07286975091503514
0.8999837959110931 0.0721524414062633
0.9009860220183662 0.07143763080881801
0.9019863949820306 0.07071464754102212
0.9029852877377119 0.06998194708104447
0.9039850079269284 0.06925958852051761
0.9049857235527563 0.06853415703184276
0.905984358783115 0.06781814593672586
0.9069848333922439 0.0671055371696442
0.907984912318557 0.06637464307794756
0.9089847734452311 0.06565480073836415
0.9099836970303082 0.0649332896067842
0.9109841437879906 0.06421085488692663
0.9119850644518002 0.06349015153865972
0.9129847787014366 0.06276504262369775
0.9139851203980282 0.062040303272231784
0.9149855632117968 0.061320956154785326
0.915984914895173 0.06060240879648116
0.91698466799373 0.05987544884738439
0.917985130968302 0.05915507046395603
0.9189848889453777 0.058431429802791764
0.9199835829156138 0.05771541748953253
0.9209842431117091 0.05699686169067946
0.921984490286087 0.05626439048977886
0.9229848292466983 0.05555703845213205
0.923984480681038 0.05482162476242945
0.9249846073286486 0.054105580783285076
0.9259846965584094 0.05339210750145281
0.926984432683563 0.05266498146591808
0.9279851324736654 0.05194013686050655
0.9289830518494224 0.051233689480108
0.9299854424976953 0.05050237278521238
0.930985083602403 0.04978234660521666
0.9319850357231649 0.04905915890865946
0.9329849054137834 0.04833945607498185
0.9339852972121145 0.047619794510069424
0.9349831864751484 0.046894626745758256
0.9359836592510706 0.04617602094579282
0.9369850503412892 0.045455059300261384
0.9379844330835116 0.04473324952637398
0.9389836482038257 0.04400567079788595
0.9399832568736136 0.04328642311270618
0.9409851963332172 0.04256745637536063
0.9419838273466011 0.0418400311749409
0.942984522807985 0.04112808425799767
0.9439843855906934 0.040395799268846726
0.9449850077970643 0.03967864784275198
0.9459842780989498 0.03896354149456494
0.9469837670173978 0.03823082164801318
0.9479858858660626 0.03751293242559384
0.9489839200510907 0.03679740421683935
0.9499840682155937 0.03607547554204018
0.9509836225572468 0.035354607095449485
0.9519838734934815 0.034630303021959685
0.9529832615078329 0.03390682701318925
0.953983065323031 0.03318061366038105
0.9549849372651446 0.032464132380643426
0.9559847577772995 0.031746037164244
0.9569847003741326 0.03102092563419994
0.9579833271166558 0.030295987273126747
0.9589842816621085 0.029576473902763335
0.9599840632313339 0.028858055948935996
0.9609834670218182 0.028141400037751296
0.9619839128057153 0.027413169449782483
0.9629840229114756 0.02669890349913512
0.9639843745770843 0.025975764002842152
0.9649839946804055 0.02525248403339687
0.9659841377494915 0.02452642118168067
0.9669845124431404 0.02380769788401033
0.9679822034017813 0.023085189961644537
0.968983629452807 0.022363074127669563
0.9699833971939646 0.02164287740076957
0.970984324072263 0.02092593449665904
0.9719825146296693 0.020202113844411587
0.9729848192792034 0.01947861344709043
0.9739839446459648 0.018759390437990926
0.9749839077864352 0.018036501683133206
0.975984065413283 0.017314050239291515
0.976983073232736 0.016592629325064244
0.9779824250989706 0.01587134265824395
0.9789844967703781 0.015149651122212306
0.9799845280127484 0.014430333123320715
0.9809842351700163 0.013711464010736703
0.9819827108712202 0.012986160216285748
0.9829833232334427 0.012266198267748617
0.9839832992894944 0.011542531523559394
0.9849828143429334 0.010821417881850747
0.9859825871697819 0.010101101862782434
0.9869848696823696 0.009377417899125483
0.9879832833178993 0.008657960128856067
0.9889838510917477 0.007936219148327497
0.9899844979962983 0.0072171792426370725
0.9909841551818469 0.006492064982652717
0.9919821110639432 0.005771885800512793
0.992984650701498 0.005050236333371188
0.9939836543948832 0.004329051126770305
0.9949829081414108 0.0036073245749709652
0.995983822292171 0.00288538422443557
0.9969828711789684 0.0021644675177446048
0.9979830451639075 0.0014428921436820546
0.9989827422947813 0.0007216214287110306
