#C1,C2
-0.18015553835527906 0.7901257114528928
-0.16587892933955803 0.7762528179792322
-0.15186885119243262 0.7625898083708027
-0.1380980444087688 0.7494121502760142
-0.12463599747671358 0.7363030305548591
-0.11140719558242237 0.723400327290359
-0.09838718410107147 0.710876088738196
-0.08565170537900221 0.6985410250406918
-0.07314803285340529 0.6865277168789372
-0.060836105174659406 0.6746760635270811
-0.048767845210963535 0.6631239637537606
-0.036916812349425655 0.6515290350902145
-0.02518345174489265 0.6402816528904253
-0.013748183126010094 0.6292138281429397
-0.002400854723849521 0.6183606475108298
0.00869208855514938 0.6075279006816472
0.019655500865205087 0.5969793122567153
0.030380000868669786 0.5867528633206635
0.040948521124879365 0.5765522416894192
0.05139429902430261 0.5665401274798714
0.06167381168902244 0.5565973193914987
0.07147252880696289 0.5473431113327605
0.08163741361446145 0.5374550158915622
0.09127577862216787 0.5281630932354322
0.10096517978057998 0.5189404823833668
0.11022569670415397 0.5099413685795775
0.1196461336737267 0.5009888604815522
0.12890519976692819 0.4922546066782425
0.13779607912168448 0.4836625080830358
0.14665747243252972 0.47516141217150765
0.1554383359201457 0.46661021291715565
0.16410061047579308 0.45841214854478085
0.1725669052561092 0.4502480091461665
0.1809338401052644 0.44230098327889655
0.18903052935631207 0.43469887393598394
0.19719440944143676 0.42689932730579094
0.20517263827530433 0.4190129696555289
0.2130834397592453 0.4115945767281185
0.22075226903026837 0.4043315204159803
0.22839266417983897 0.39689186330233783
0.23606032831899773 0.3896258597129634
0.24349947785936368 0.382592202167897
0.25079323525271047 0.3755763576961564
0.25794930139416117 0.36878746841914056
0.2650094237498587 0.36211200190958837
0.27223137256184005 0.35517624435555517
0.2789813253471649 0.34875898738045286
0.2859104099556503 0.34236499557993516
0.29256148435366847 0.3358578446160815
0.2991338850938028 0.3296030214055272
0.30565410352160916 0.3234924153455274
0.3121097210920013 0.3172845940144059
0.31862205672238586 0.31119896422708626
0.32479218974746504 0.30518288372425584
0.33101362843522764 0.29953380646280636
0.33712040700348844 0.2935572237242984
0.3431774930080348 0.2876730780697926
0.34894403211973946 0.2824532553872674
0.35498848687000173 0.27672890717437726
0.3606820588660562 0.2713385632113898
0.3662840305748978 0.26603530221297844
0.3718941051813148 0.26070121698672344
0.3775208726997883 0.25545908444466736
0.3829367803275585 0.25012971455799904
0.38835342815914986 0.24518841975612027
0.3935720893645285 0.2402064018840404
0.3989127860458308 0.23511671711875826
0.4040962826270371 0.23040186692681175
0.4091225139754031 0.2254673385642767
0.41418188824379243 0.22074429787088823
0.419188140410796 0.21618456018948407
0.42408352216946055 0.21139729277592934
0.42881479960387847 0.20706833693768845
0.43363451924776353 0.20245549055643286
0.4383440120730002 0.1981004003861535
0.44292897007641474 0.19379915633089362
0.4475533452192162 0.18955408983130018
0.45201844720762274 0.18532230655431214
0.4566410754957626 0.1808352780554061
0.46092444220528583 0.17697586853779956
0.4653892561511441 0.1727214962072292
0.4696457789749031 0.16873470858659023
0.47366932252723193 0.16508383144310423
0.4779367891128885 0.16101719328616038
0.482111639344007 0.15714885943430557
0.48628435118429014 0.15330309242255724
0.4901595043595094 0.14964090164688393
0.4941187393957587 0.1457985319054671
0.4980239609609449 0.14194350485244356
0.5019332347205963 0.13839041245071027
0.5057811012830109 0.1348786397100774
0.5095312173091535 0.13134938485015746
0.5131575285653659 0.1281517556997126
0.5168412323743045 0.12478784986892222
0.5205083052854237 0.12131525797568032
0.5241174061068096 0.11762163796724556
0.5274097005618029 0.11473255413601147
0.5311510021206375 0.1113159040837376
0.5344722567016414 0.10810021020853766
0.5379309899835204 0.1049895244023521
0.5413149878923748 0.10193668388709642
0.5445615423548017 0.09886394328320425
0.5479270556308821 0.09570133066834996
0.5512333813543219 0.09265905605121871
0.5543114235372036 0.08990007681111256
0.5573219737732483 0.08698729500748936
0.5606899817968022 0.08395483087208222
0.5636033217400039 0.08109544665373625
0.5666726822855933 0.07839690048708758
0.56960754548736 0.07583105939197698
0.5725544215069648 0.07300255801898203
0.5755029386402047 0.07022767773350302
0.5782828915475223 0.06774067847709941
0.5812045314365496 0.06490023748029106
0.5839266072758224 0.06241010539930436
0.5868255499601519 0.05969673622730365
0.5896220389065899 0.05717416132693398
0.5922292494527891 0.05482552875479263
0.5950806532258585 0.052137491347217124
0.597637575981785 0.04972971817353622
0.6002422551319898 0.04744579983786312
0.6028878439985844 0.044848649980017474
0.6052032327281315 0.0429329039599321
0.6077970263887583 0.040435423976967866
0.6104441705225022 0.03784530727519686
0.6129066665624797 0.035766158395385994
0.6152514239083645 0.03365217986679736
0.617582503136974 0.03135601720062897
0.619971450535929 0.02927980771726102
0.6223390661478115 0.027183910283362978
0.6245422508809496 0.025199314709809406
0.6269052757967829 0.022977457904704512
0.6290901942078354 0.020863324688180973
0.6312347089851936 0.01897480554619635
0.6334975682236995 0.01698917668506661
0.6356770607906747 0.014915253316281407
0.6377998442940606 0.012927065312228536
0.6398704333513524 0.011039015502081084
0.6419890399605624 0.008926897689846336
0.6441273523796519 0.0072272831764822465
0.6460912432174525 0.005416832228260726
0.6480441709544765 0.003578800047579711
0.6501661700035676 0.0016399072750551413
0.6520034583335134 -8.359950490832713e-05
0.653972878659438 -0.0017214667797985639
0.655910262153708 -0.0034108093917651905
0.65785442673586 -0.005425211104672978
0.6596705676794253 -0.006901242502943661
0.6615936604508298 -0.008763423549158378
0.663347358600029 -0.010284694326784805
0.6650521707163305 -0.011649027213478713
0.6669168164427718 -0.01364046061592672
0.6687963102391835 -0.015364462150993519
0.6705579194528496 -0.016897336130243468
0.6720937194829447 -0.018196855593619055
0.6739249616326478 -0.019962187743059023
0.6755450955137118 -0.021292426689023203
0.6772321564851859 -0.02284667533783946
0.6788418109303355 -0.024316742433706406
0.6804040705441426 -0.02587509570131974
0.6819680120641701 -0.027125830479446722
0.6837025721270077 -0.028809163360277723
0.6852395453259891 -0.030131292616673133
0.6868567596397531 -0.03162473300739521
0.6882863021923059 -0.032886247373647204
0.6898089565579154 -0.0343164047684702
0.6912082744683886 -0.03562343443098637
0.6927670466917683 -0.03697877980877162
0.694218388185735 -0.03827105920367424
0.6956107316725569 -0.03946592624555356
0.6970002792630942 -0.04068057622768062
0.6984325341772984 -0.04212062608706846
0.6998052523579578 -0.04325337216346414
0.7012395108514612 -0.044510169053035065
0.702494183137805 -0.04585160409231748
0.7038811257491254 -0.046857914607544404
0.705275902212735 -0.04815061577448587
0.7064469826866352 -0.04931095200038926
0.7078979559546353 -0.05055501267594498
0.7091290225079584 -0.05153989107515555
0.710297151880316 -0.05263990759008619
0.711501333744668 -0.053824268689748433
0.7128035523446713 -0.05488089830042708
0.714032391132219 -0.056075338575017786
0.7152989653242309 -0.056920173586740064
0.7164193269954972 -0.05800153627499072
0.7176083791655637 -0.05904176622050994
0.7187702957111389 -0.06026203006023978
0.7199043781035869 -0.06118199036556582
0.7210717880275287 -0.06240086065284112
0.7221978090690658 -0.06310207372385668
0.7232380059483371 -0.06424174081293732
0.7243141470754667 -0.06512036974542756
0.7254598754887395 -0.06633892353757453
0.7265326404677638 -0.06726675813457172
0.7275259328327089 -0.0680455805352117
0.7286256526215583 -0.06922164093121153
0.7296979058587284 -0.07013450065650362
0.7306990571237865 -0.07073175503198492
0.7316391791896658 -0.07167891501987678
0.732599360703993 -0.07250428578913481
0.7336838829493185 -0.07358463132924864
0.7346717846686602 -0.07431226224026977
0.7356600795557847 -0.07526533856767104
0.7365952743179828 -0.07612757476022625
0.737481862150844 -0.07680053268016829
0.7385114476495996 -0.07776457986818508
0.7393679016114943 -0.07858558849137876
0.7402784638736247 -0.0793496949382152
0.7411219247747968 -0.08015159934720495
0.7420244904218388 -0.08092931302452355
0.7428324859330296 -0.08166236214410583
0.743782160323076 -0.0824711934247141
0.7445904066080199 -0.08311768570659284
0.7453901787632725 -0.08377147960743858
0.7462923990278186 -0.08472094263716345
0.7471898982035979 -0.08540972966999016
0.7479490114839834 -0.08616032124679995
0.7487500509639243 -0.08682947113413364
0.7495889494686591 -0.08774797723627892
0.7503591744193475 -0.08820024685928385
0.7510797511026227 -0.08887833919430677
0.7518965578219311 -0.0895149423753342
0.7526064698626677 -0.09020239281342268
0.753359192383167 -0.09089184488060786
0.7541765001858806 -0.09164971835643365
0.7548365095210064 -0.09221813482132124
0.7555819614420788 -0.09278501000130623
0.7563746143047138 -0.09344646538162771
0.757062464382846 -0.0941957996133399
0.7577923062719777 -0.09490909910157963
0.7583851753720326 -0.09518717605985916
0.7591273550570276 -0.09612028477779477
0.7598272953149005 -0.09678898138966685
0.7605224833169731 -0.09717668481261177
0.7611095546552525 -0.09773528547170696
0.761799803787475 -0.09827553955880364
0.7624522906622083 -0.09876604201339922
0.763091328172767 -0.09939948697166356
0.7637113860747339 -0.09993185041438235
0.7643434342174865 -0.1005190794574945
0.7648522522908413 -0.10093703644454333
0.7655592713153924 -0.1016931435217655
0.7661945609662274 -0.10214655372495518
0.7668009023169579 -0.10264869329697157
0.7672900472007324 -0.10329167042583298
0.7678829273366367 -0.1035702250503635
0.7684909220024795 -0.10422374110853061
0.7691397011707252 -0.10484324687983204
0.7696357648769413 -0.1051900887063798
0.7702992690702973 -0.10574600000783863
0.7707604059104017 -0.10619635413450046
0.7712934131497456 -0.10676442481093706
0.7718126348286122 -0.10708099635970225
0.7723794359221358 -0.10750191185573066
0.772901889768289 -0.10803244624462105
0.7734402857965604 -0.10857367805675666
0.7739365327752862 -0.1089359426652795
0.7744195047255543 -0.10931269487709472
0.7749189114224434 -0.10969539554213592
0.7754415841763432 -0.11018090220464416
0.7758923983156255 -0.11060393076673847
0.776432879273867 -0.11102381352829294
0.7769070954819332 -0.11144729446254475
0.7773410072526513 -0.11189653726809123
0.7778312079464046 -0.11222944030728998
0.7783452327267032 -0.1126051270898819
0.7787535481335278 -0.1131418853735563
0.7792342336895238 -0.11333723987794053
0.7796896601892521 -0.11391347654455053
0.7801398403288607 -0.11414227383388587
0.7805702356265823 -0.11457290693358713
0.7810095445140687 -0.11498596168559494
0.7813783213476485 -0.11543537104635371
0.7818021693192175 -0.11565805605409174
0.7822416516870595 -0.11599439784935484
0.7826816074188602 -0.1165669172869338
0.78307909706748 -0.11683021390138848
0.783476171538286 -0.11710975230238929
0.7838213510114894 -0.11759835218362047
0.7842346374916175 -0.11801168478996027
0.7847534857358273 -0.11834746426385767
0.7850793791368224 -0.11870254080086229
0.7854897652541609 -0.11903486802945251
0.78581339193807 -0.1193337183194888
0.786193220732602 -0.11951092376519357
0.7865847851848894 -0.11988424126755637
0.7869814179565237 -0.12025214148854302
0.7873128615602468 -0.12041227612603678
0.7876274864227023 -0.1208762367369044
0.7880671141980363 -0.12130049486179428
0.7884211312802855 -0.12146452648564121
0.7887042620738688 -0.12192050550547695
0.789103780227956 -0.12225619270647281
0.7893723566284362 -0.12224625076588091
0.7896990959160938 -0.12268538360653347
0.7901028094355916 -0.12287391191289176
0.7903707966864896 -0.12323150223728419
0.7906925336903777 -0.12356142332156306
0.7910172405218813 -0.12394787535219887
0.791278035887183 -0.12400123277786046
0.7916983571363677 -0.1245754265939899
0.7919475598613516 -0.12460821286676038
0.7922609236168058 -0.12476122213272689
0.7926125222583823 -0.12503633331108788
0.7929141212452117 -0.12556661464228303
0.7931755344973471 -0.12571607509384786
0.7934957674707664 -0.12602718154678072
0.7937535934935481 -0.12609697105239082
0.7940987223184547 -0.12654831804017352
0.7943554026438263 -0.1268023787291518
0.7946270231700497 -0.12690049237878542
0.7949356248010847 -0.1271210344238548
0.7951964579113421 -0.12748931343248138
0.7954295391638194 -0.12750053851261212
0.7957348073719704 -0.12794203908087665
0.7959938231635041 -0.1280239341950834
0.7962424347319755 -0.12813132778254344
0.7965187084622737 -0.12856346423893694
0.7967697295032393 -0.12887689872892827
0.796946136842236 -0.12883464722931148
0.797230049222302 -0.12911621633786108
0.7974665397068016 -0.1293381628403224
0.797731590562533 -0.1295569107734139
0.7979790020688035 -0.12974421330670294
0.7982032752781781 -0.13004579528802018
0.7984534168086089 -0.13013575712863645
0.7987020646554411 -0.13027651094032178
0.7989026322525136 -0.13061789203516205
0.7991879566282755 -0.13098201394442055
0.7993761120799209 -0.1309898679613063
0.7996122019660442 -0.13114546293663987
0.7998299047351639 -0.13135457008108176
0.8000465157188096 -0.1316308094401698
0.8002611198533441 -0.1316413268585982
0.8004267484471125 -0.13189982009533952
0.8006640846670522 -0.13215629034021215
0.8008733653957553 -0.13236449451604282
0.8011037539553229 -0.13254441665047267
0.8013280617144675 -0.1327604693596821
0.8014746946100227 -0.13302813660134605
0.8016830099866893 -0.13298926229076902
0.8018799176090275 -0.13338270531939334
0.8021248671085571 -0.1332601079799759
0.802255792423909 -0.13350324646078848
0.802519940016926 -0.133887800505622
0.8026666570523949 -0.13380307593747431
0.8028203140426852 -0.13389304705694138
0.8030587678733639 -0.13426352343597336
0.8032171331386667 -0.13423539092050263
0.8033790828711239 -0.13438548632401914
0.8035625852763754 -0.13464859376535154
0.803751011173259 -0.134919471633569
0.8039172157915823 -0.13491428364552427
0.8040852640373134 -0.13515484345798
0.8042660305098285 -0.13544586785962542
0.8044035378628588 -0.13529527871442404
0.8045969325325247 -0.1356348746165742
0.8047619772862028 -0.13580811414179073
0.8049287634538792 -0.13590091917691038
0.8051031815860071 -0.13609025662025875
0.8052510172810624 -0.13608331802876072
0.8054130528591356 -0.13622216325596403
0.8055616148721797 -0.13631095250790504
0.8057624717866355 -0.13659132595515977
0.8058622387714448 -0.13667782389318506
0.8060398572503732 -0.13688817631092032
0.8062005556947606 -0.13698059856414269
0.8063306285558102 -0.13709361868845094
0.8064609825448276 -0.13740304813149062
0.8066165885908102 -0.13724842620855016
0.8067632892116715 -0.1374328784429092
0.8069252966576125 -0.13769869308340377
0.8070325484663693 -0.1376201979857966
0.8071830761073263 -0.1376933428188417
0.8073141749872635 -0.13808841220366597
0.8074539123403001 -0.13817598690045363
0.8075954158725521 -0.13818864287419552
0.8077625314655167 -0.13838768093721876
0.8078802241926223 -0.13847531062582596
0.8079686902716395 -0.13857815068369195
0.8081299763715856 -0.13877207660343804
0.8082978462946401 -0.13881437343707292
0.808376184559266 -0.1391057763525151
0.8085130562132831 -0.13891313631951385
0.8086407624501216 -0.139214744951058
0.808733936539067 -0.13911846157504038
0.80884008438743 -0.1393943635495366
0.8089962906014713 -0.1393165999019047
0.8091105174055656 -0.13969934644845916
0.8092042371499429 -0.13968280779339481
0.8093227615983779 -0.13979959460497515
0.8094302116187636 -0.1399526899651432
0.809539725918636 -0.14000764607345662
0.809639969940826 -0.14002467657173023
0.8097487217481255 -0.13997904626134938
0.8098656540761607 -0.14035539491173543
0.8099708311021362 -0.14030647419528564
0.8101000913315443 -0.14032281884903608
0.8101849073240296 -0.14038491614519522
0.8102615681779767 -0.14073556422276423
0.8104234864356533 -0.14090532188484983
0.8104986652451504 -0.14096769479159488
0.8106069264772716 -0.14095933663450932
0.8107268805727842 -0.14106346214170473
0.8108111248514168 -0.14114552550073622
0.8109158457468816 -0.1411255649988149
0.8109805317392483 -0.14131743897173055
0.8110905372731453 -0.1412977152323659
0.811183615634124 -0.14137048489235704
0.8112851966074573 -0.14130931513403222
0.8113811291596812 -0.1415158676552596
0.8114493737406513 -0.14159654583060288
0.8115517107533877 -0.14180595944696972
0.8116671545114394 -0.1418121147636736
0.8117399624524048 -0.1419345995014364
0.8118101675827997 -0.14201092144431204
0.8118840316612016 -0.14205570075074359
0.8119843451242234 -0.14214973169818934
0.8120916596792965 -0.14207264975457934
0.8121589590817008 -0.14234234331636098
0.8122504499751187 -0.14242078550836912
0.8123090135186618 -0.14234066385205957
0.8124076204638776 -0.14233831063684999
0.8124730028003714 -0.14254133255884283
0.8125519569936027 -0.14266232860799588
0.8126463938686509 -0.1428865025861633
0.8127465295367177 -0.14280898982169232
0.8127816075228832 -0.14296017690196183
0.8129045603733819 -0.14303611552790996
0.8129477290666983 -0.14301610728759961
0.8130212818035866 -0.14307423152841314
0.8130893966665941 -0.14306170387513706
0.8131758460886175 -0.14343452457669936
0.8132322473105004 -0.143137856417758
0.813325252852832 -0.14346805139600438
0.8134028320335095 -0.14361400731362306
0.8134677266521454 -0.1434518168000093
0.8135272613854155 -0.1436631806496077
0.8135865935597132 -0.14367773622152302
0.8136565252681008 -0.14397478493429283
0.813715616541902 -0.14377138273358836
0.8137975618988228 -0.14352753033889332
0.8138604344630579 -0.1438415235793452
0.8139391173386082 -0.14405391703476111
0.813981026986237 -0.1439009904495504
0.8140558659015366 -0.144247716871163
0.8141125249465252 -0.14409088597194641
0.814168568354582 -0.14394280934727777
0.8142171153717407 -0.14430118426748761
0.8142994337221693 -0.14429314464039733
0.8143601641931667 -0.14423080969710111
0.8143884458849672 -0.14430731476727765
0.8144590192006332 -0.1442588837804727
0.814513365235238 -0.14444411837306614
0.8145850975413366 -0.1447037747965082
0.8146156663847225 -0.14444852092216676
0.8146944648355571 -0.14458952936112845
0.8147486500802893 -0.14463136503932705
0.8147967870103404 -0.14477188711761368
0.8148472683701001 -0.14461455921755972
0.8149234195724654 -0.14471049730660124
0.8149494096407951 -0.1449011141031341
0.8150001868567901 -0.14513740441367273
0.8150689651905233 -0.1448388853910204
0.8151203765912133 -0.14499995327767212
0.8151695354099538 -0.14512940766266913
0.8152310580165903 -0.14520849657719792
0.8152928082622982 -0.1452195289537429
0.8153131035898068 -0.14515453269798362
0.81539283942886 -0.145308226266334
0.8154053155966995 -0.1451983641788125
0.815468782325243 -0.14538327498084647
0.8155154154898544 -0.14537547093503866
0.8155554515188145 -0.14543098017631528
0.8156218664414142 -0.14554809879128017
0.8156365141682073 -0.145496117905754
0.8156974429765417 -0.1455826699260684
0.8157415340336688 -0.14566421398884322
0.8157703163731368 -0.1456997322627086
0.8158172915893317 -0.14571256450071768
0.815854310733182 -0.1458137202753521
0.8158857443000366 -0.14576747148083713
0.8159516246694304 -0.14568947973804824
0.8159852976424004 -0.14579038074170636
0.8160431137067153 -0.14587725230836612
0.8160804425877418 -0.14600811875157904
0.8161066279852484 -0.14589499267899309
0.8161577623698791 -0.1459130630465061
0.8161814651094387 -0.1459306125232983
0.816239336732476 -0.14601410301251339
0.8162642329184892 -0.14622970297071614
0.8163144534790646 -0.14645176275135252
0.816343498016905 -0.1461218866880417
0.8163875701073348 -0.14628006044078934
0.8164159852127327 -0.14635464069445725
0.8164516780773764 -0.14632919006130185
0.8165021938432743 -0.14650555119126862
0.8165349635647304 -0.1463804915150585
0.8165625010077678 -0.14631670471302793
0.8165708905984225 -0.14636129998245562
0.8166389344675605 -0.1464372668152406
0.8166550476020004 -0.14658072001491818
0.8166950799758858 -0.1466550235025451
0.8167301221169408 -0.1467379662229259
0.8167939846693225 -0.14669035222546
0.8168119416889722 -0.1466289091021845
0.8168627161550522 -0.14670261890478475
0.8168620800399459 -0.14667282750693478
0.8168802787746078 -0.1468191734277432
0.8169244006452773 -0.14672550766658243
0.8169520486446259 -0.1468576829235343
0.8169986753938422 -0.1470387251622277
0.817028923229047 -0.1468826625432974
0.817061245927544 -0.14694928361232995
0.8170665165349403 -0.14691103153900487
0.8171065623983526 -0.14707737698504497
0.8171329382646325 -0.1470191876011554
0.8171743940954169 -0.14698095010188272
0.8171959871546982 -0.14708354471794893
0.8172246304813607 -0.14698007275827452
0.8172690877472527 -0.14704219593711765
0.8172931938310583 -0.14707773572509752
0.8173119520669462 -0.14730989661396465
0.8173332698322734 -0.1471091576617728
0.8173632670293985 -0.14723116976768413
0.8173933662957079 -0.14712873548165006
0.8174121701932923 -0.14723151696434889
0.8174400706162835 -0.14732383251482817
0.8174711096602688 -0.1472228881735621
0.8174894350945717 -0.14728281654755493
0.8175023251095132 -0.14739466965106318
0.8175315690793058 -0.14748124638312377
0.8175674993173138 -0.14744211078560332
0.8175824199923053 -0.1475303612872071
0.8176274072730948 -0.147637471140443
0.8176366267179472 -0.14773312062989963
0.8176623300859832 -0.14738349026057607
0.8176869245058299 -0.14744957565223127
0.8177008550422938 -0.14742864945447198
0.8177218494863513 -0.14766699521664328
0.8177546422305536 -0.14763035723446583
0.8177592691643486 -0.1476534410657312
0.817796997108475 -0.14757193748230046
0.8178169427037772 -0.1477643813089181
0.8178450908221883 -0.14784313991856968
0.817857129482151 -0.14769907813376026
0.8178694228131264 -0.14776115920086708
0.8179118969896698 -0.14783978677563436
0.8179293032307181 -0.14794801410317604
0.8179367142612658 -0.14773595153505903
0.8179597567096072 -0.14784010020006189
0.8179911224144437 -0.1477649866514793
0.8180062690532369 -0.14802885189488058
0.8180236623302525 -0.1481329836068389
0.8180581017958365 -0.14798209399974793
0.8180701575033217 -0.1480963360480877
0.8180931389319474 -0.1481146965223169
0.8180917181932373 -0.1482143635569445
0.8181165387774859 -0.14790841946307587
0.8181300204393601 -0.14824735137990463
0.8181612780274757 -0.14824467451737522
0.8181765454319486 -0.14827781696024844
0.818189365383985 -0.1480231538080906
0.8182033629672053 -0.14814309933725422
0.8182222921486478 -0.14841630408977047
0.8182556425896012 -0.14841680181265204
0.8182684209027397 -0.148319398912362
0.8182902140185276 -0.14848609239452693
0.8182823601148351 -0.14855832435810712
0.8183171118808427 -0.1482334129869073
0.8183183797583057 -0.14840672595018078
0.8183369866150555 -0.14842934790747664
0.8183528224855786 -0.14824282083670248
0.8183703774364238 -0.14851384543709367
0.8183938308510154 -0.1484318001285031
0.8184036496392947 -0.14852308610611475
0.8184193617664958 -0.1483825622141105
0.8184372302735502 -0.1484838879102236
0.8184544789216374 -0.1483842322212977
0.8184650082133301 -0.14862276253258544
0.818484816869434 -0.1485726563431461
0.8184973431513208 -0.14864982970833907
0.8185032769087627 -0.14848058351829152
0.8185265171831205 -0.1485899927385973
0.8185278899744678 -0.14872719479224916
0.818547435590195 -0.14857699921881007
0.8185717804527427 -0.14873474635065487
0.8185853477152464 -0.14863448768201148
0.8185916702595973 -0.1489687155907896
0.8186127394510018 -0.1488355765375936
0.8186180168718963 -0.14878765863780619
0.8186309636197925 -0.14883889427171393
0.8186469957216759 -0.14901824150503928
0.8186486171539392 -0.14893634330937056
0.8186671406383389 -0.1488385050767428
0.8186806021861314 -0.14935770830301343
0.8186733586389751 -0.14907511336152524
0.8186976234995916 -0.14900067060649824
0.8187226332450591 -0.14902199034340236
0.8187338841804385 -0.14900268227012903
0.8187387883948575 -0.14916789506831518
0.8187608331241844 -0.14902911033125654
0.8187592828756592 -0.14907185544988144
0.8187820458467708 -0.14926794854108072
0.8187935625591246 -0.14927312188800557
0.8188012467074964 -0.1488854159188998
0.8188045887191421 -0.149234048034511
0.8188272022750797 -0.14900658701783265
0.818831375672341 -0.14928377797384396
0.8188345427331397 -0.14939248333654265
0.8188559292047292 -0.14937320969553147
0.8188694253493102 -0.14942407158037085
0.818871912704921 -0.14938175278050003
0.8188843072724022 -0.1493234357020411
0.8188952266066948 -0.14930513394754963
0.818907927089911 -0.14942834511979564
0.8189172028941919 -0.14958283324408173
0.8189352871177168 -0.14950848223538127
0.8189344124481489 -0.1494148269773069
0.8189418703395354 -0.149289485190511
0.8189458607922379 -0.1496363286685195
0.8189551697281553 -0.1495021957015673
0.8189673432139043 -0.14956042420778293
0.8189812000412079 -0.14954319859336185
0.8189888389945214 -0.14970916341832308
0.8189978434121173 -0.149720278752835
0.8190066747736732 -0.14965407116914464
0.8190168393599192 -0.1496668697387008
0.8190171196347905 -0.14974214228779903
0.8190312192105219 -0.1498959701497652
0.8190539727926315 -0.1498233687648164
0.819046113920589 -0.14983275110530403
0.8190514244601897 -0.1498985813387107
0.8190612770652214 -0.14979051949567757
0.8190730856785918 -0.15006817656578242
0.8190794483619822 -0.1499822007736854
0.8190902895086717 -0.15004326005922664
0.8191006117691234 -0.14989097666970996
0.8191059668694417 -0.15019199249597326
0.8191054075039038 -0.14990066295505178
0.8191241785501252 -0.14991106732040727
0.8191270506233043 -0.15014401723031245
0.8191335558735325 -0.15004057720807717
0.8191459683653411 -0.15019180024468504
0.8191493068605614 -0.15028888456065437
0.8191662568337278 -0.15011572043463473
0.8191676127593787 -0.15012749942814685
0.8191798556030444 -0.15009400319965083
0.8191810225017674 -0.15022500925881832
0.8191916822454847 -0.15030491955013192
0.8192042625986914 -0.15041457047529783
0.8192084131121572 -0.15033742382483528
0.8192092318397942 -0.150288318559327
0.8192211239079968 -0.15043435497932423
0.8192154337297076 -0.15057215533275092
0.8192300663985502 -0.15034913929251703
0.8192370575818221 -0.15039580637652217
0.8192400913209824 -0.1505299078616552
0.8192465303797668 -0.15064452872264555
0.819252911490184 -0.15064730687559746
0.819259888741615 -0.15042246796753556
0.8192660286627252 -0.15066981344087294
0.8192754614490393 -0.1505918917436183
0.8192811878797007 -0.15080682812061663
0.8192896482311077 -0.15076230141606273
0.8192828208085957 -0.15103562229989553
0.8192920710290369 -0.15082168503672755
0.8192988307864243 -0.1508788780040261
0.8193186194496703 -0.1509087835605113
0.8193156754809902 -0.15104927075187857
0.8193262083514364 -0.1510409705348844
0.8193260046228467 -0.15107524838938147
0.8193362922898672 -0.15110567584122114
0.8193272971334719 -0.15107587665180267
0.819340064244244 -0.1512344710538761
0.819344323173748 -0.15123779321434216
0.8193464699166152 -0.1513543730821446
0.819350644774037 -0.15127971305140953
0.8193510573985417 -0.15128573197654183
0.8193678544346975 -0.15146050799538202
0.8193687222068157 -0.1514480417745524
0.819381608850052 -0.15145650983755476
0.8193867043396094 -0.1512965164316814
0.8193908636551249 -0.15165250806336428
0.8193932225607817 -0.15166939001497737
0.8193984013024497 -0.15150885294219985
0.819398680659912 -0.15147798674113766
0.8194093126357304 -0.15157619823253443
0.8194085449555614 -0.15160012495851516
0.8194189437420555 -0.1516984503501767
0.8194115179232385 -0.15176631796046036
0.819420370945038 -0.15183236857614746
0.8194271293166769 -0.15191365121435296
0.8194322834736959 -0.15198307638298936
0.8194402466208691 -0.1518729618150726
0.8194412735456845 -0.1520295772768233
0.8194443303302598 -0.15205883389441321
0.8194457841677839 -0.1519795393097193
0.8194516586003463 -0.15210585439410218
0.8194607263512711 -0.15231221828274288
0.8194661328648508 -0.15208297983326446
0.8194625449948282 -0.15223315505231605
0.8194683616121826 -0.15237056902719248
0.8194677041426942 -0.15244577317588204
0.8194783476017876 -0.15228283738226012
0.8194826000236334 -0.15240780138492316
0.8194839412526479 -0.1524210622314245
0.8194820124795897 -0.15252102541700363
0.8194923747039345 -0.152759278562694
0.8194956156904788 -0.15278498699725185
0.8195007813667924 -0.15270491515350193
0.8195028275423221 -0.15290182894036575
0.8195077244474948 -0.15287217080606263
0.8195162631078056 -0.15274394957421566
0.8195233406150967 -0.15293652033630833
0.8195153544215114 -0.15284554063152067
0.8195253044735759 -0.15304507498497133
0.8195234434053807 -0.152963525723388
0.8195277904862347 -0.15297553764733263
0.8195304280405363 -0.15332541674258804
0.8195389272806021 -0.15331812856349203
0.8195441211194142 -0.1532648131163693
0.8195342985016602 -0.1534304748628209
0.8195440186967401 -0.1534324792651406
0.8195459688106853 -0.15342009988663385
0.8195509017745995 -0.15375944108255857
0.8195594038551172 -0.15358353811276848
0.8195524037213527 -0.15370042187864874
0.8195607349407149 -0.15377103384734625
0.8195663778436509 -0.15366310819388074
0.819565334273577 -0.15375543591552276
0.819569140382772 -0.1538533516883548
0.8195731997445909 -0.15395017891104057
0.819576400671192 -0.15402868921954982
0.8195834197396615 -0.15413684376031178
0.8195782325988722 -0.15394618717558928
0.8195836076087625 -0.15396643677121757
0.8195860841740671 -0.154285303501552
0.8195852315891635 -0.1543098963542312
0.8195943975611814 -0.15445501257733263
0.8195938009775022 -0.15448567219518605
0.8195940474188971 -0.15459932660220665
0.8195976639641539 -0.15468653747772498
0.8196007207791857 -0.1545847807099937
0.8196016615930305 -0.15472764416514073
0.8196068575025118 -0.15461882850331576
0.8196109830744535 -0.15495310331989154
0.8196107058778069 -0.1549197451798715
0.819615841049336 -0.15506189958967675
0.8196185255308707 -0.15503295335170175
0.8196185820740226 -0.15496373112936224
0.8196237540113506 -0.15517731597016116
0.8196211696163113 -0.15538839466234922
0.8196266990822477 -0.15544007633938184
0.8196258610426922 -0.15537136047408617
0.8196311053573045 -0.15541364233885424
0.8196334951971226 -0.1557308358291779
0.8196359318579715 -0.15558060817436126
0.8196350824700486 -0.1557946309502799
0.819638427966152 -0.15584209116598646
0.8196418014370918 -0.15600133824057305
0.8196403770280573 -0.1561632076406415
0.8196450136444545 -0.15599287377523263
0.8196487697038278 -0.1562740006962432
0.8196488725247325 -0.15619285179932663
0.819652733370846 -0.15639812777933082
0.8196486479017767 -0.15644015571169712
0.8196540738666424 -0.15667251332590582
0.8196540962250681 -0.15650553474170492
0.8196569866127913 -0.15666114745632453
0.8196627076811595 -0.15674940532228765
0.8196553186989629 -0.15683652035912476
0.8196679922639808 -0.15697423082220652
0.8196712075985472 -0.1572212598181152
0.8196695951067102 -0.15718463378729697
0.8196766585476368 -0.157257983149527
0.8196725417883862 -0.15734454766374084
0.8196722278786387 -0.15731082561412524
0.8196786517440257 -0.15754540949997142
0.8196788835223389 -0.15751242339554927
0.8196815780270722 -0.15765585303213225
0.8196837069805988 -0.15766169793942153
0.8196864563259897 -0.15776589234721194
0.8196868344481206 -0.15800832408615062
0.8196829821273631 -0.15809524902543737
0.8196854280498292 -0.15817168497434497
0.8196907816521314 -0.1583164395657567
0.8196928793492203 -0.15832893909813406
0.8196898910913403 -0.15846330942163844
0.819694030911854 -0.15843235715233972
0.8197003766529364 -0.15875796527626684
0.8196974128320959 -0.15882989848021511
0.8196971424729599 -0.1588383567949242
0.8197020610482654 -0.1592888068065793
0.8197045550427465 -0.15906507643686318
0.8197029590710564 -0.15914201558885488
0.8197032181524867 -0.15940081078947588
0.8197010041460872 -0.1594294687364749
0.8197064273390354 -0.15954887734159928
0.8197106553092196 -0.15946013134910253
0.8197071151146872 -0.15974257166514938
0.8197122981647057 -0.15967979574682534
0.8197137325979728 -0.16010175559980133
0.8197150761457933 -0.1599405563827102
0.8197169270559054 -0.16013533173354488
0.8197150246952262 -0.16037203285082147
0.8197207468428295 -0.1604332524645492
0.8197194722606401 -0.1604608987440469
0.8197217517202567 -0.16068811475093703
0.819722407474181 -0.16079473838611025
0.8197237165497872 -0.16094516075610998
0.8197265799150254 -0.1612921097976795
0.8197260228171207 -0.16132245067752693
0.8197261835824575 -0.16127166848752983
0.819731372062647 -0.16141323433946353
0.81972988413488 -0.16166125073914805
0.8197323176335657 -0.1617906962969361
0.8197352003663597 -0.16184617246520994
0.8197311599354992 -0.16213603333390825
0.819732829351601 -0.16191350771760005
0.8197348664996328 -0.16230516700506337
0.8197366472578717 -0.1623597874752497
0.8197401362969444 -0.1625176723278975
0.8197400006212937 -0.16252128805425514
0.8197401625530026 -0.162731495388723
0.8197427005405008 -0.16290090825849302
0.8197407647110414 -0.16325709644735487
0.8197415687827693 -0.16309468519907433
0.8197430929065165 -0.1632071984317217
0.8197461470991118 -0.16343843904306044
0.8197452431326996 -0.16368652171136444
0.8197503294070455 -0.16377604468986828
0.8197455773697963 -0.1640562981963113
0.8197546336907199 -0.16405188123127024
0.8197499178201785 -0.16420911341100874
0.8197504908781673 -0.1641647282750286
0.8197540510898528 -0.1645878735762244
0.8197537791755044 -0.16467250451906923
0.8197550363169764 -0.16488902434559238
0.8197579514649848 -0.16513426108648732
0.8197606980462565 -0.1651903094073922
0.8197563742110562 -0.16524634951858863
0.8197575558568216 -0.16540083895551383
0.8197602561589846 -0.16569173754447697
0.8197611746134904 -0.16576461806282794
0.8197650855437341 -0.16590161061134323
0.819759327228314 -0.16609187666271052
0.8197632037325547 -0.16618517796579646
0.8197667028665897 -0.16635280160832344
0.8197637380961772 -0.16646947939364443
0.819765857620106 -0.1667938458812851
0.8197671962297509 -0.1669752316323495
0.8197645860107748 -0.16718919557651069
0.8197673951646957 -0.16720990338229902
0.8197711009972309 -0.1672809532715639
0.8197699458466762 -0.16774497213443518
0.8197710867593294 -0.16771738009915238
0.8197686306889519 -0.16793664813804277
0.8197722623605269 -0.16812974873282382
0.8197712786029608 -0.1683926310695797
0.8197743535931109 -0.16828237154597547
0.8197720354435231 -0.16869973091235957
0.8197766007821784 -0.1688713012162274
0.8197715353357989 -0.16896752086577072
0.8197744817417828 -0.1693455482539098
0.8197801400549211 -0.16939189439042635
0.8197769642157212 -0.1694603599742911
0.8197785685703217 -0.16975951536626932
0.8197785164280252 -0.16987501454871234
0.8197803747184641 -0.1702951737357271
0.8197811064385677 -0.17039450488611385
0.8197822211484912 -0.1705355977978883
0.8197806128154851 -0.17073768875893947
0.8197826871961634 -0.1708201392913754
0.8197824190090016 -0.17120186671553939
0.8197832887247362 -0.1712860790447378
0.819783642106305 -0.1715584179272821
0.819783774951964 -0.17171226274658447
0.8197848251780425 -0.17186116364392812
0.8197856088883125 -0.17222634643172496
0.8197881016846392 -0.172340167353504
0.819785569075394 -0.1725257937922554
0.8197878843115601 -0.1727804675915764
0.8197895983683022 -0.1728570733088296
0.8197893082623534 -0.17321190805202036
0.8197901852845478 -0.1734367491401657
0.8197906286001854 -0.17355596209082058
0.8197914671183287 -0.1738552422370251
0.8197898982868569 -0.17407924174629386
0.8197928401380391 -0.17436457190538535
0.8197902691226681 -0.1744539059137179
0.8197916843927492 -0.17456132911679212
0.8197938592431818 -0.17514953817634804
0.8197957943557311 -0.1751355426574127
0.8197934036057405 -0.17546282814532577
0.8197941093075821 -0.17562274568770808
0.8197969136236011 -0.1758357670589753
0.8197934419393821 -0.17609289180723853
0.8197973234425476 -0.17640989548474784
0.8197977252606169 -0.17644278071120933
0.8197975824864837 -0.17679299211951893
0.8197960721106207 -0.17708092696782873
0.8197974068047135 -0.1773623867385018
0.819800309829101 -0.17772740470715698
0.819798646623409 -0.17771960078040194
0.8197984098489807 -0.1780100698949888
0.819800096059223 -0.17846516823991843
0.8198006867896418 -0.17860194649804317
0.819802290246821 -0.17889602557769224
0.8198021612527363 -0.17912055632433466
0.8198017274861086 -0.17948632742773174
0.819801024193563 -0.17949445060319646
0.8198048608638006 -0.17985086374300907
0.8198029740639688 -0.18019600051636842
0.8198052181553553 -0.18031837658675698
0.8198034830557398 -0.1807060086639124
0.8198045898964536 -0.18097446681042906
0.8198079916471591 -0.1812559940289552
0.8198048201317739 -0.18134029018397102
0.8198065676439145 -0.1815774709521628
0.8198064068225038 -0.1820452574725383
0.8198052261532324 -0.182273901664321
0.8198064513809232 -0.18259840130753136
0.8198073558111317 -0.18277485734289323
0.8198073937059166 -0.18308860039982944
0.819808778496632 -0.18338107023029326
0.8198073397706614 -0.18380832958648197
0.819809775535478 -0.18379833443175142
0.8198088858495137 -0.18421599313234893
0.819808896571511 -0.1843892844439231
0.819811212102406 -0.18479649885801452
0.8198106689301602 -0.1850175790579175
0.8198107705323626 -0.18537550278449155
0.8198100412313686 -0.18566231039168424
0.8198126465642722 -0.18595825464576088
0.8198121224392513 -0.18626975060514195
0.8198126014386421 -0.18657509900488523
0.8198126236458138 -0.1868141495795156
0.819812744067748 -0.18715981911956792
0.8198141870645038 -0.18750452972299814
0.8198137401752353 -0.18769387702563856
0.8198137187769438 -0.1881204216140283
0.8198150185655274 -0.18846254539726404
0.8198144201202541 -0.1887414894302747
0.819813762361442 -0.189103057468608
0.8198150123220321 -0.18928019485545133
0.8198161978412454 -0.18973459880575094
0.8198151795330199 -0.1901393006351081
0.8198169386801041 -0.19038665792201093
0.8198160130541393 -0.19073808222223188
0.8198170345895132 -0.19107209782185908
0.8198176096027342 -0.19135429962240125
0.8198186618468236 -0.19168716723612744
0.8198179977017633 -0.19205649839221872
0.819816852549137 -0.19258699730467954
0.8198165560532925 -0.19264358862280007
0.8198164185309548 -0.19303294125050263
0.8198190491797915 -0.19347928933957392
0.8198184515190649 -0.19360619565166115
0.819818505098051 -0.1941096850167493
0.8198189630292018 -0.19436901282413455
0.8198212883367088 -0.1948292982383929
0.8198185279701325 -0.1952897936621515
0.819820147260376 -0.19559316592251597
0.8198205665632382 -0.19583493423197174
0.8198208896899372 -0.19632237459123358
0.8198214679075783 -0.19648860353854658
0.8198233159255929 -0.1970142903628792
0.819819958661251 -0.19737280937211887
0.8198210614176028 -0.19774881783620601
0.8198198942833436 -0.19809712612713481
0.8198220015849219 -0.19839600947370772
0.8198231891777149 -0.19874310446732746
0.8198218318767393 -0.19903017040427196
0.8198226253907629 -0.1993866921941142
0.8198240333016772 -0.20002273807316928
0.8198238543548605 -0.20036568965324364
0.8198235525264422 -0.20059455530861203
0.8198242182412742 -0.2011675591959613
0.819825374411188 -0.2012671052278937
0.8198238176794531 -0.20208503111180265
0.8198245396295126 -0.20249072569672
0.8198232620161331 -0.2026994298758028
0.8198244982028658 -0.2031307448486358
0.819825768866515 -0.20355081909902883
0.8198239053952235 -0.20391664662172804
0.8198258579192078 -0.20427750561956104
0.8198268215610413 -0.2047502259778181
0.8198251786268146 -0.20524021913305301
0.8198258982540206 -0.20559407071424773
0.819826750959158 -0.20607183870797663
0.8198257077415637 -0.20638607726296188
0.8198262765898713 -0.20684775127085808
0.8198264450776774 -0.20723889998532952
0.8198277061639293 -0.20778117377415073
0.8198268741676317 -0.20810639732223646
0.8198273255857563 -0.20853503352827352
0.8198268220335357 -0.20910514387438883
0.8198283244571895 -0.20942177941779871
