#C1,C2
-0.1752982902137794 0.7853418104618421
-0.1707395550969787 0.7811785973153315
-0.16624547021731606 0.7771828079741044
-0.1617594101061911 0.7729858549871612
-0.15730238492091098 0.7689683187165157
-0.15284766477680434 0.7649603215300346
-0.14841756715875587 0.7610042812007013
-0.14403090582713485 0.7570804210153713
-0.1396487779109098 0.7529744354729021
-0.13539184668298876 0.7489907130780632
-0.13102354342663247 0.7452240063232223
-0.1268287430156534 0.7414022443723405
-0.12253093890481548 0.7377354632300592
-0.11830572942616169 0.7338470049888149
-0.11409711142734102 0.7299521383169894
-0.1099777956196869 0.7262122131646248
-0.1057734837240395 0.7226041936598103
-0.1016345259148752 0.7187141828697454
-0.09746788670198336 0.7148148178730815
-0.09334517054669278 0.7113023116234831
-0.08935519982114093 0.7076226702256542
-0.0854471809599926 0.7040865937769483
-0.0813958357653134 0.7005079612506461
-0.07731328182525476 0.6968375153360001
-0.07333875996072237 0.6932038050434276
-0.06952071982575381 0.6898508461874345
-0.06550193604778931 0.6861403186893666
-0.06162317381445504 0.682555908967035
-0.05779456832868735 0.6792341560306843
-0.05387133556245228 0.6755519362854701
-0.050031960888199285 0.672175486696344
-0.04626462728224324 0.6687784513516587
-0.04247184356768564 0.6654399607061421
-0.038703572132371085 0.6618407013880073
-0.03491205575834667 0.6586155878672384
-0.03115025666274563 0.6552071267649345
-0.02752249390284634 0.6518886442120778
-0.02379396693577685 0.6484169085292762
-0.020160814960371705 0.6452249498435226
-0.01651408431898494 0.6418791573219834
-0.012797502255163079 0.6385648275759598
-0.009222413515787347 0.6354320784231778
-0.005746194311563873 0.6322200452823402
-0.0020449649416731715 0.6287794956674413
0.0015839163591826414 0.625561084325265
0.00507624565985953 0.6223516291804857
0.008524703672258655 0.6193900094334606
0.01205202309247832 0.616083991017174
0.015545554483518348 0.6128716726535508
0.01893802603537053 0.6097686907526035
0.02247932667953067 0.606610023545272
0.025741670751205918 0.603883624293178
0.029211562737579737 0.6004769944334687
0.03270546267771967 0.5973509767902221
0.035974749224408346 0.594209486205345
0.03942457106099528 0.5913342377407313
0.04277558806354053 0.588221732377747
0.04613383315737884 0.5853632614722062
0.04930065707506447 0.5824042565489567
0.05258053028149511 0.5793748993619615
0.05599672721180459 0.576359325261924
0.05914872417065253 0.5733331159338042
0.0625120670134861 0.5703305467643182
0.06568278774853498 0.5676119060723442
0.06880196816286333 0.5647574531251094
0.07212532049343034 0.5617147181602583
0.07526372058746666 0.5588953155651604
0.07833130222602702 0.5559720286295269
0.08147006259200107 0.5532451893715065
0.08463703361274133 0.5502986310447788
0.08768006345321455 0.547691661505118
0.09073711644848659 0.5446145429584947
0.09390591109203017 0.5418111064758675
0.09688458122670984 0.5392522644369884
0.10000189599383369 0.5364411121679215
0.10297345215255871 0.5339086233852035
0.10599358547032844 0.5310505444326221
0.10901091296072463 0.5282986553620059
0.11208089741450644 0.5254774304571912
0.11491087543361023 0.5227961094645802
0.11792445303265198 0.5202376503026647
0.1208389601709049 0.51764042629516
0.12385495035580918 0.5147877707602903
0.12683406423006394 0.5120543631860216
0.12974013151421915 0.5094590245286751
0.13253865882156202 0.5067920935936243
0.1354544315356907 0.504136547570762
0.13845818418665967 0.5015629321499755
0.1410912213472867 0.4991453243502416
0.14393469364639044 0.4966005131876371
0.14676434318863651 0.4939621217620658
0.14950970346521353 0.4914946313029096
0.15227892580489455 0.48890773165425505
0.15517439309309045 0.4863201519056335
0.15792708538580713 0.48389783556608224
0.1605387385252669 0.48137790522834434
0.1633951079104221 0.4788219028944938
0.16608802049552807 0.47642945817040394
0.16875449685293287 0.4739671462385342
0.17144691428562975 0.47145554772562537
0.17418473001552737 0.4691630285831053
0.17701516539818685 0.46641353491928994
0.17952551897822877 0.4642303702836734
0.18211258851312195 0.4616643477124688
0.18509909379156275 0.45892007022487846
0.18735818206689725 0.45702469455913675
0.19006957378783595 0.45453317031133733
0.19274678990665928 0.45199048327928093
0.19533858432367024 0.44981969912230746
0.19784425307520026 0.44756573526582466
0.2003267188072082 0.44515403924292696
0.2028562163365767 0.4429111925756025
0.20550525128575514 0.4405071466581121
0.20796503956535362 0.4381399854543604
0.21046952044026446 0.43590625972054897
0.21295033168713384 0.43372847547276383
0.21548563560174883 0.4313172129408175
0.21795458126318956 0.42890476877029116
0.22052897972419305 0.4266895712404618
0.2229539916899187 0.42444377287503887
0.22541784192173164 0.4220738606186927
0.22764439505972023 0.4202721628698416
0.2301968647621676 0.4178791266430125
0.232543326499558 0.4156895546900832
0.23489922880219138 0.41361425991799927
0.23732939100694894 0.41130916877478496
0.23985324500505478 0.4088270849451858
0.2421612186795018 0.4069210644985587
0.24458094653693452 0.4047369728008282
0.24695149665002258 0.402563961535378
0.24924216346320083 0.40054461571665245
0.2516595232784341 0.3981161435432815
0.2538881721197207 0.39604882123842844
0.2560356402767685 0.39413917970752754
0.25848062375957326 0.3918677575825614
0.2606355906255271 0.39000624806532724
0.26290041393690405 0.3879781318028492
0.26510824776541003 0.3858577587320063
0.2675212587411239 0.38378924353661464
0.2697842686732386 0.38143900050591845
0.2719854573498404 0.3794028021532369
0.2740510210337436 0.3774727708316941
0.2762445011312739 0.37564856237470085
0.27860035172638925 0.37333786572956545
0.28085065147342975 0.37124555394725095
0.28296235831778066 0.36939232359353996
0.28505450955797135 0.36736974955655616
0.2872497972588411 0.3655426927087037
0.28943548300236516 0.36329886435797926
0.2915010443859594 0.36146340121758186
0.2936053658426117 0.35962945927996265
0.2959576282940682 0.3573723606965557
0.2979933403885204 0.35572179782162144
0.30003494717655027 0.3537097156607049
0.302014823573261 0.3518754197475262
0.3041580631624012 0.3499242638621201
0.30624257708002717 0.34801552173973654
0.3083400374199799 0.3458694397022634
0.31039382578039215 0.34398171856112786
0.31243487792467955 0.3422944416941837
0.31455912796874824 0.34021845630660447
0.31664201448023127 0.33818982517538215
0.31854189639971914 0.3364482724660062
0.32047708453397455 0.3349597904559188
0.32272712292045974 0.33256084905949385
0.32449242302243503 0.3311787778141629
0.3265191924782879 0.32899000743204115
0.3285198445465782 0.32733032419884084
0.33038461139088743 0.3257079352141968
0.3325072901428779 0.32366603000332
0.33436447115388995 0.3219691772364642
0.33636629669018087 0.3199984636449064
0.33823966735297434 0.3181334223757695
0.3400256017214213 0.31686398086633855
0.34211973985834726 0.3146752206250077
0.3440099446636717 0.3129762250170803
0.34593338640532184 0.31124153563993645
0.3477664667317088 0.3094933682479853
0.3497575919444493 0.3076195618263083
0.3516268213216555 0.30580532105185415
0.35345065469213793 0.30408462601688274
0.3553490592527219 0.3023974541627235
0.3571024056381597 0.30067432993178717
0.35897119396412686 0.2989850312838232
0.3606445825349996 0.29751332717787266
0.36267099891520965 0.29566957964145263
0.3642806446351405 0.2941134187393167
0.3663330072865216 0.29203900078326944
0.36805678086075394 0.29056770371141544
0.36990326077189545 0.288916324009356
0.3716843939348093 0.2872076439826808
0.3733779564003565 0.2854240263633792
0.3752556016086485 0.28381637828118206
0.37690817736062104 0.28243949757520964
0.37871295177061753 0.28079396555363895
0.3804599788585726 0.27912211402800596
0.38219227169150866 0.27738026618722517
0.38382752855850993 0.27585477780203954
0.38578450200175646 0.2740372209625886
0.38753347880316075 0.2724975598424591
0.38913803535946306 0.27100004566980435
0.3911119756411498 0.26893443286452695
0.3924805567293594 0.2676470902246793
0.39410435073677136 0.26639740525310135
0.39599149340216483 0.26454811755153346
0.3975279210548142 0.2632939200128654
0.39921026056954706 0.2615963306376304
0.40077552063794725 0.2599531600447012
0.4026953795877248 0.2582688355670982
0.4040442198097614 0.25701283664391833
0.40594258866149596 0.25524030408855675
0.4074636104131309 0.2538010199328841
0.40893603371254333 0.25241983676353424
0.4108082336449376 0.25081327286589233
0.4122335663054046 0.24923980605186352
0.4139378717606845 0.24781860568206776
0.415480550953458 0.246312682834738
0.4170398332340341 0.24482074920977542
0.4186987381728064 0.24305029308233955
0.4202247675083592 0.24175469584398918
0.4218523729767191 0.24025657694752495
0.4234633659731872 0.23868683641193839
0.4249571464978125 0.2371623067503324
0.4264817161004892 0.23601621076554952
0.4280463335817983 0.23451809526430473
0.4295462393126536 0.23302848946045712
0.43118458037804114 0.231438884185375
0.4327155991374431 0.2299365597019976
0.43406635490197915 0.2286447699914183
0.4357211982219558 0.22696615374429302
0.4370940971652488 0.22586474187231015
0.43858457294239556 0.22459851012165816
0.44029796954034645 0.22280253892527763
0.4417441887162596 0.22151093788710013
0.44313971750198705 0.2201503781934558
0.4446112041447782 0.2187487469413068
0.4461655479679771 0.21726871508238227
0.4473709396231004 0.21620156156451414
0.4489079138583048 0.21471642325810442
0.450383167309704 0.21333939918574069
0.4519506657458136 0.21184339514759493
0.4533609606730626 0.2107311789667004
0.4548375082448293 0.20920242595903632
0.45615935303819727 0.20790886630535038
0.457639970277212 0.20632702102496087
0.4592254156912125 0.20484144621645833
0.4603627173999247 0.20397270994350275
0.4618765568119551 0.20259252508240083
0.4632816611069857 0.2012852419691235
0.4646205353878227 0.19971633646329195
0.46614969320063276 0.19844569454426814
0.4674674151666877 0.19715555315469518
0.4688039006293692 0.19606661576545176
0.47015680787981967 0.1946694552135289
0.4714724716757643 0.19328706448073768
0.4727989371564593 0.19202171248642036
0.47415304053084534 0.19081039607234712
0.4755425949316567 0.18938152282223225
0.47690815431214456 0.18812560061984124
0.47818901850075163 0.1870766334213591
0.47951698908514867 0.18559448066631484
0.4809584421834295 0.18431497235834743
0.48218544951282355 0.18319441490690863
0.483451945063413 0.18180629141821875
0.4847741425748943 0.18077122814186636
0.48624194196772524 0.17937898561940707
0.4873825301721237 0.1781474100541945
0.4888060286331783 0.17685019580260924
0.4900642781774022 0.17559850319850573
0.4912145544237671 0.17459096097061028
0.4925482684266736 0.17327835053764779
0.4938478649204136 0.1721379070782963
0.49528821520242355 0.17068897354531415
0.4962711638186174 0.16977496792679486
0.4975823179469813 0.1684748053996284
0.4987632946159882 0.16735585599895825
0.5000213873610165 0.16616207877475764
0.5013619429125651 0.1647381776863317
0.50253921212149 0.16375259720648394
0.5037921182987155 0.16254437641117758
0.5050309852821371 0.16153053988096722
0.5063387648419082 0.15999604827119418
0.5074916857804028 0.1590503909358758
0.5084986534351396 0.15794451483418281
0.5099734980380419 0.15676022394613254
0.5109404191749569 0.15566919782546074
0.512313376182143 0.15408930196224047
0.5135399008840766 0.15319670002019592
0.5146335368383593 0.15221776432370138
0.5157432123810162 0.15106525592062137
0.5169888853101889 0.14963733661044043
0.5181942686905405 0.14872308214502583
0.5192843023544877 0.14748001343949846
0.5204019299531 0.14654212970667646
0.5215243167119885 0.14548246043379498
0.5228833398868478 0.1442288891740644
0.5238715151887698 0.14309144596964796
0.5251936023835603 0.14205127932637496
0.5261648527551204 0.14099559808877626
0.5273151621437384 0.14009207522189326
0.5284034043966034 0.1387877598231827
0.5296199821596289 0.13754861934862095
0.5308173189036048 0.13648998326480732
0.531884241727853 0.13538352699322165
0.5330290276117127 0.1344004014552933
0.5339790378052041 0.13338599665461492
0.5351376167981667 0.13219243011117077
0.5362807064753841 0.13113445998987538
0.537249446192192 0.1304250420645381
0.5383040870233116 0.12931049248402182
0.5394848727293337 0.12817920663812254
0.5406279606025681 0.12719379513459983
0.5416757767270479 0.12603717048046548
0.5427522385747887 0.12490994051416804
0.5438422667425415 0.12396052660186152
0.5448865064662032 0.12298980190741648
0.5459341160797182 0.1217871454703614
0.5470008096318402 0.12097366174755497
0.548014251174997 0.1199694817200807
0.549176022579839 0.11875539481836128
0.5500985944409061 0.11795794991306996
0.5511665376325697 0.11708378449664336
0.5520685639484071 0.11591277839033265
0.553217886025334 0.11525474689090431
0.5541894095389626 0.11400654520348019
0.5552899132095976 0.11288472123806526
0.5561999789238732 0.11211082613573908
0.5574052667823046 0.11085241275004387
0.5582216083501718 0.11002445256247173
0.559223672589284 0.10907675922451976
0.5602328793372819 0.10820192689401598
0.5612120456560453 0.10717547095662405
0.5622280566681199 0.10611132202306672
0.5632738007628271 0.10518928837867758
0.5642137903710379 0.10429834508694935
0.5651955175339548 0.10328196185010563
0.5662472783922752 0.10236946033275007
0.5671986460899838 0.10144038130762234
0.5680622579383037 0.1006154291243333
0.569038731679389 0.09955305449306717
0.5700646720242514 0.09843319926827554
0.5709337589659523 0.09778084301432843
0.5719839605963242 0.09673586215843466
0.5729956878127841 0.09560028143583887
0.5739706677820675 0.09492612853867732
0.574795797791765 0.09381803252268472
0.5758230711992814 0.09292544350660237
0.576597129424837 0.09229676849445745
0.5776506129994219 0.0911445432622644
0.5786841977275927 0.09005007704555412
0.5794791912021777 0.08930401943787625
0.5803839040329126 0.08857468920283917
0.5812013517514764 0.0878291823442211
0.5821461215896719 0.08673732477229579
0.5830815306621416 0.08577162922735126
0.5839176384889386 0.08525510718202689
0.5848368534423178 0.08420462816654828
0.5857075226697589 0.08321754268468318
0.5867962151276911 0.08234623265765029
0.5874927939349573 0.08152101750872565
0.5884628196317545 0.08060737640221793
0.5893145679360314 0.07980640426727592
0.5903396205296636 0.07869771124187297
0.5910840510573605 0.07808099810832303
0.5919492182708678 0.07743992177481596
0.5928598602151864 0.07640801431788402
0.5936783171349452 0.07536321938703339
0.5945272144021783 0.07483327772201886
0.5955170301982995 0.07370906648683939
0.5963219628180207 0.07295457595774013
0.5971407393539643 0.07228369853657268
0.5979003715675718 0.07151404466121647
0.5987303160464466 0.07065770862903875
0.5997087187970946 0.06938933863482011
0.6004658710975264 0.06893360255111447
0.6013696090642271 0.06788950253154291
0.6021176538027047 0.06723512136091503
0.6028221156644296 0.0664530941410666
0.603851885834393 0.06554234636796352
0.6046289540671611 0.06457047647350567
0.6055016714602592 0.0640283967730173
0.6062781800900585 0.06327335654001409
0.6071606655602783 0.06233735067216062
0.6078822785124478 0.06166102389143524
0.608617561434661 0.060836544425250105
0.6095506674663668 0.059889406605090234
0.6103370740657683 0.05943291064934675
0.6110606211410432 0.05842654513314982
0.6119589786673434 0.05749869854597334
0.6125842049554238 0.05711580198483146
0.6134665027055496 0.055938570234076335
0.6143507460032158 0.05532985929209966
0.6151278229712855 0.0544884850186389
0.615868741963301 0.05357326961513509
0.6165707491586307 0.053081745397616675
0.6174827433992278 0.05220585025222402
0.6181529036468427 0.05137572599613027
0.6189275863215065 0.05066249428848413
0.6195670920776513 0.050144394738859344
0.6203520173587993 0.04942814466938916
0.6212196066791923 0.04842254280813807
0.6219073386956779 0.04772568528865495
0.6227575296741373 0.0469063613507138
0.6234990258668137 0.04633327298992873
0.624285339618174 0.04542314928324376
0.6250023593522945 0.044712971207388263
0.6256660637822967 0.04395579897324298
0.6265103826008783 0.04319611240848509
0.627104245056795 0.042764667659807465
0.6278925808461606 0.04192811478660041
0.6285089294738235 0.04145830355804647
0.6293366614298788 0.040446538991918635
0.6301591811487315 0.0396981517713888
0.630916214139945 0.03869859182097113
0.6315288125499232 0.038415473938156586
0.6323265753152276 0.03760783281405278
0.6329959475849962 0.03690517181041586
0.6337254742495246 0.036070486258689805
0.6342748598173418 0.03544489719366117
0.6350393764785474 0.034732584555456025
0.6358275673048897 0.03410476223750725
0.636529028190391 0.033313411168754525
0.637201913220069 0.03280306437576841
0.6378776769902771 0.03208254686249157
0.6385858903004364 0.031212413554797314
0.6392739466594795 0.030689428858272638
0.6398689893487866 0.03013107820016203
0.640674223368332 0.029261211526937725
0.64143002049995 0.028366745189935982
0.6420226840696303 0.027964468248485752
0.6425589141454331 0.027564624341851474
0.6431899601141764 0.026726394522270214
0.6439502418706877 0.026004065668784326
0.6445992443885091 0.02518776252068
0.6451770590909454 0.024986645974207633
0.645857521166828 0.024198916821391858
0.6465855674089163 0.02328595422430202
0.6472408508621201 0.02267011767735161
0.6478729615207297 0.021905457380580362
0.6485080697912249 0.021532922937489207
0.6492839511651126 0.02076809273980229
0.6497944006101155 0.020211263358719256
0.6504791224491973 0.01968596058162686
0.6512456907899409 0.018731542084426733
0.651845399013617 0.018171118331319125
0.6523856312703147 0.017668518066560335
0.6530051872396091 0.017080117836756892
0.653761270018331 0.016310398446798602
0.6543788338989155 0.0156731592323206
0.6549319702405382 0.015091916122346505
0.6554740796790866 0.014542401188052168
0.6563239331114971 0.013629190550881076
0.6566625949324305 0.013252449301421443
0.6573505857830024 0.012698113314395076
0.6578494193679854 0.012150914959823345
0.6585690589158747 0.011483839971520138
0.6591772612821805 0.010904417659707066
0.6598185160703636 0.010190061510506387
0.6605252847263736 0.00959706300337304
0.6610957665026409 0.008986817204218234
0.6616599952388553 0.008409705025714587
0.6623753698729925 0.0077008242443018515
0.6628984504693696 0.007201682744141014
0.663421135425057 0.006622272345792712
0.6641268213539132 0.0058758369007833045
0.664689746922292 0.0053277820063267756
0.665257605343164 0.0049066707706815205
0.665827598663139 0.0043141310169836355
0.6663333030031926 0.0037106978182233075
0.6669449272603404 0.003115054574971743
0.6675482294808016 0.002609009784483196
0.66818242995759 0.0019026907910779656
0.6686700569935514 0.0013281246008235437
0.6693163388865505 0.0009499341621180823
0.6698692337426287 0.000253366045451453
0.6703872592767395 -7.930351741136654e-05
0.6710443653434301 -0.0007180264376405177
0.6716116785206838 -0.0015470590688404506
0.6721775274735877 -0.0020395372367529863
0.6726268743395261 -0.002556906621727917
0.6731736408957236 -0.0030353825632745135
0.6736318059035399 -0.003293940936532791
0.6743275006049088 -0.0041507304273695755
0.6748606799032104 -0.004967900577454998
0.6754242858523548 -0.0051821451004497865
0.6759065094052885 -0.00580904738582988
0.6764637562129081 -0.006153280816207696
0.6770468263576901 -0.006956471895980032
0.6776836624299598 -0.0073538996113808874
0.678257015080382 -0.00800846656245413
0.6786310741820941 -0.00861553534334425
0.6792333642991464 -0.009037517080559443
0.6796960398479658 -0.009486214249007863
0.6801770222795357 -0.010070620114197681
0.6807593160791802 -0.0107064837041283
0.6812835153687574 -0.011477068903649523
0.6819283592812644 -0.011592194712750858
0.6824163782507826 -0.012291272125997565
0.6828579602596494 -0.012897929995912882
0.6834494777187821 -0.01327249210689696
0.6838940939042598 -0.013793368147885121
0.684328965489832 -0.013973644084169679
0.6848272625024456 -0.014799913419688338
0.6854404136435714 -0.015259694661802659
0.6859743559946012 -0.015765151691754964
0.6864767384687067 -0.016452547616528923
0.6870022458746283 -0.01688172500993157
0.6873592355296136 -0.017114471822568422
0.6880460899417267 -0.017787426060148492
0.6884758280214414 -0.018329162866146165
0.688968114245456 -0.01885174760911057
0.6894132436155527 -0.019286675502014017
0.6899117665707808 -0.019710718321503284
0.6902747894255808 -0.020179849395857263
0.6908802620101251 -0.020621708704351205
0.6913221270284963 -0.02141730196819236
0.6919663739779991 -0.02192880030657207
0.692272945569407 -0.022110925175387708
0.6927442195287882 -0.02274443703735407
0.6933375969104207 -0.023176988973806933
0.6937598796287605 -0.023744718169620205
0.6943898092914631 -0.02407353949642088
0.6948030774359744 -0.024648708950884668
0.6951907080268229 -0.024963167045972234
0.6957427533296487 -0.025810274888662832
0.696214619752828 -0.026221266638530083
0.6965705730150034 -0.026407468060810402
0.6971787181389713 -0.026966840299663675
0.6975168634580057 -0.027546977723066024
0.6979878326020494 -0.027924152361633592
0.6984530491977453 -0.028130689992663105
0.6989325336632244 -0.028918968044128412
0.6994380945019034 -0.029247988728156704
0.6998556653421345 -0.029804930207159575
0.7002696604416383 -0.030067436973706174
0.7007491524498897 -0.03050717383341084
0.7011959580836078 -0.03109391549929219
0.701595313804068 -0.03145758517873043
0.7020780757476124 -0.03192081670180058
0.7025448120208926 -0.03257657168561745
0.7029590682903873 -0.033107345444148506
0.7033451428382429 -0.03329839737024298
0.7038923436512033 -0.03370240728539187
0.7042313525073218 -0.03407789702543851
0.7047167809319881 -0.03472763892892883
0.7051326565397894 -0.034973157243689657
0.7055866884666196 -0.035534793085633676
0.7059936566606446 -0.035862800576247134
0.7064908536936897 -0.036484920899373496
0.7068923130855403 -0.03673551872830749
0.7073097913254452 -0.03731306786104349
0.7078044357948132 -0.03778919993578467
0.7081641565105093 -0.0380163201335465
0.7085729180613494 -0.0386265603916518
0.7090794799738481 -0.039010306670355877
0.7093815788316523 -0.03943168932323571
0.7098199528856547 -0.03970233188707495
0.7102106011675015 -0.04012081235908915
0.7107010713954774 -0.04059144712455087
0.7111398999608417 -0.04110274061694186
0.7114705951779386 -0.04131780235015492
0.7118625072141493 -0.041860169083596244
0.7122029445232773 -0.04219024116750891
0.7127441780258454 -0.04295101863437867
0.7130704940143479 -0.04300038952624796
0.713533561576155 -0.043563315696436455
0.7138876235189907 -0.04389388603558053
0.7142737195015283 -0.044125293908835905
0.7146036307929876 -0.044828250393010305
0.7151082461674352 -0.045209256227267014
0.7155234932796991 -0.04555556120904025
0.7158699667503773 -0.045913682964411895
0.7162767293170856 -0.04630214333058846
0.7166730539277182 -0.046699181691631786
0.717161718983313 -0.04717413684127547
0.7174644346379131 -0.04755802550012578
0.7178798007398789 -0.04813307730754535
0.7182181377542725 -0.048298561356483916
0.7186334584088095 -0.0487820753585525
0.7189952867814033 -0.049002189524463
0.7194583257210774 -0.04948166667601406
0.7197349398664415 -0.04982689890950487
0.7201542217582232 -0.05039332983080491
0.7205435293072047 -0.050715886682006106
0.7209173951415402 -0.05113645538031286
0.7213544863291437 -0.05138282177372511
0.7217123160689705 -0.05182723511106935
0.7221127868738936 -0.05237295232624717
0.7223911131205959 -0.0525929281432852
0.7228126596558797 -0.05293009661474546
0.7230434468223061 -0.053242589848605304
0.7234846860437528 -0.05352044288359614
0.7237943757850862 -0.053960563834617004
0.7242951972957663 -0.054481691938228494
0.7245829573536456 -0.05468882722869062
0.7249063606898594 -0.05505049109817528
0.7253585273329283 -0.05580423449060079
0.7256135874853661 -0.05591595354217904
0.7259578861271538 -0.05632929123484365
0.7262974691079198 -0.05651116378094967
0.7268021419760411 -0.05717761841880642
0.7271017651948004 -0.057473353325288024
0.7274183897421119 -0.057822007390630925
0.7277946495082093 -0.058129746103286584
0.7280837890023785 -0.05859424294178994
0.7285160116497355 -0.058703773911769175
0.7288585716464778 -0.05945100533759684
0.7291298511862562 -0.05955921277561116
0.7295183596665312 -0.06012336695444265
0.7299004971890932 -0.06046411813108454
0.7302258633279662 -0.06062287606433647
0.730522820010887 -0.061014140405344475
0.7308901813145262 -0.061523492380536005
0.7311794153570648 -0.06162644582065502
0.7315008480660138 -0.06193008243031517
0.7318733231205171 -0.06235933446369135
0.7322697836197251 -0.0627436787153478
0.7325290671535597 -0.0629834578506715
0.7328585327070943 -0.06340762252194032
0.7332330114746478 -0.063714812514169
0.7335786530108835 -0.06406163391900244
0.7338804880243566 -0.06445363203135046
0.7341570529298909 -0.06484442212624164
0.7345894996743849 -0.06541412733202279
0.734792150288902 -0.06536819032188135
0.7351302247374201 -0.06589001689793328
0.7355357372514123 -0.06606065326237498
0.7357651886374689 -0.06664959897455602
0.7361089023295834 -0.06669607947455336
0.7365097759770234 -0.06736753418946395
0.7368187843546128 -0.06744461077703168
0.7370169238722101 -0.067928208783128
0.7374598432535817 -0.06841339952145709
0.7377512083779023 -0.06859764387923728
0.7380087957217479 -0.06878851015976661
0.7382641681540603 -0.06909869577044536
0.7385967514904442 -0.06941125776910073
0.7389783134961075 -0.06995238484538258
0.7392622602828174 -0.07010827449884727
0.7394559677500472 -0.07033339818322326
0.7398254393323416 -0.07098525585060322
0.7401449033388422 -0.07097323622909546
0.7404345285742481 -0.07139372394120003
0.7407050315595776 -0.07150826544240507
0.7410521371312881 -0.07210817959325677
0.7413363242874949 -0.07250513587131757
0.7415868952301983 -0.07264859933700207
0.742025206921218 -0.07291439812968459
0.7422551055649805 -0.07330576194668426
0.7425890672409954 -0.07370363781855294
0.7428398681903027 -0.07394118129155458
0.7431508208305112 -0.07424010221092836
0.7434795208307511 -0.07470733577185051
0.7437148461685147 -0.07471731087363842
0.7439761463094865 -0.07535298731183837
0.7442890435522317 -0.07560702075228043
0.7445815019243689 -0.07576892526873702
0.7449462342194342 -0.07632778758605063
0.7450739743553417 -0.07645895709065498
0.745410548164564 -0.07655903425001653
0.7457004200801415 -0.07708733545409407
0.7460186617324063 -0.07757776205797473
0.7463170749028655 -0.07778327573747046
0.7465568439951376 -0.07793883233629506
0.7468672501938236 -0.07832139935940852
0.7472324008811033 -0.07874838724532007
0.7473953093277588 -0.07883546568976807
0.7477036394497059 -0.07918037258513477
0.7478881796109664 -0.07963346172050323
0.748239723875082 -0.0799737776648064
0.7484283472814165 -0.08000258576167207
0.748757740616054 -0.08033092830629796
0.7490569942290256 -0.08078988738564352
0.7492515019783871 -0.08087762263666576
0.7496570018756772 -0.08137591372073816
0.749891470869515 -0.08165649766143712
0.7501204489432448 -0.08183793008501417
0.75045027581641 -0.08227991130160062
0.7507015183679359 -0.08247753383216228
0.7508800762265501 -0.08302081382372462
0.7511494467580971 -0.08319616449595901
0.7514523707708443 -0.08345931870872136
0.751701805223483 -0.08366152144119732
0.752013625732805 -0.08419023139714366
0.7521865928018412 -0.08409344071202551
0.7524592779638777 -0.0846486704103322
0.7527931462430079 -0.08492202317668285
0.7529331358848138 -0.08503559731112043
0.7531667589787308 -0.08532060132746744
0.7534679312565652 -0.08551475949454634
0.7537129179610583 -0.08603906784387083
0.7539841116809399 -0.08618993937636177
0.7543554059646114 -0.08658514977434639
0.754559173612333 -0.08696513257126537
0.7547518909871092 -0.08717189980026441
0.7549636442247414 -0.08761774143737133
0.755258940808331 -0.08786104172658837
0.7556166325507139 -0.08815733286695648
0.755791691590243 -0.08854438783960394
0.7559969021216877 -0.08857980072005556
0.7561965241807747 -0.08880850294938014
0.7564125926121782 -0.0890828207699027
0.7567007200007554 -0.08956126521120011
0.7570031237953128 -0.08977418531919512
0.7572521343887207 -0.09025857182572683
0.7574944200684381 -0.09040839554760605
0.7576278638822924 -0.0906846666833836
0.7578859279819326 -0.0910169086928665
0.7581104054474246 -0.09098022078423007
0.7583717701782737 -0.0915063815293804
0.7586798353199697 -0.09191630515544169
0.7588433744287532 -0.09199166978928341
0.7591021091935043 -0.09244577100732154
0.7593023199425122 -0.09285424653907515
0.7595600099496587 -0.09281020794811012
0.7598165268964473 -0.09318867549100152
0.7599752909759327 -0.09353545417886222
0.7602858237749892 -0.09368010662185489
0.7605114116967333 -0.09408411538875794
0.7607292029263868 -0.09415454873270002
0.7609286006960844 -0.09449850293395257
0.7612076090443967 -0.09500321591029137
0.7614688810435594 -0.09505023941991053
0.7615926082575197 -0.09549073383891815
0.7618377222331834 -0.09590748737162547
0.762126229895972 -0.09610708705678339
0.762242835779312 -0.09601327609931343
0.7624828398542446 -0.09658638033611144
0.7627416303867831 -0.09664017374808087
0.762961358678356 -0.09715879278082296
0.763149983270621 -0.09737441036011973
0.7633777684833374 -0.09758368131157846
0.7636296712927038 -0.09790028260473904
0.7638113085027062 -0.09829052131616922
0.7640690082259476 -0.09871169880841735
0.7642564998899322 -0.09886851076689762
0.7644874986567787 -0.09900256164378818
0.7646732694196497 -0.09930571227759388
0.7648644988713659 -0.0995333526358354
0.7651490633653734 -0.09982555383024694
0.765315121620336 -0.10004365690304651
0.76556070902236 -0.1003564513373636
0.7657664734327969 -0.10073683856057403
0.7660197980734003 -0.10084183688327442
0.7661730388883511 -0.10131979334055907
0.7663303774648268 -0.10151551618566457
0.7665442589837433 -0.10168550107968277
0.7667649041334657 -0.10214083932349372
0.7669514301592979 -0.10234440170212022
0.7671716263300189 -0.10249095669146235
0.7674092921149328 -0.10291244971317093
0.7676153196667338 -0.10314189981129707
0.7678268294482425 -0.10332749860551715
0.7679769960035833 -0.10379084343324363
0.7681976148243597 -0.10377342503509257
0.7683482941889711 -0.10422907885315114
0.7686060627839477 -0.10439205071862512
0.7687867204862563 -0.10481214565655639
0.7689706339192037 -0.10495891486000275
0.7691911825658878 -0.1053422259432869
0.769490110641093 -0.10574015959255534
0.7695845125887444 -0.10593767873811921
0.7697733041635734 -0.10614658199568139
0.7699409385019833 -0.10620799218860388
0.7700892293252499 -0.10657823617930107
0.7703761754603595 -0.1069392748584368
0.7705657036864876 -0.10712611594108201
0.7707761927574975 -0.1075704914686072
0.7709592069167184 -0.1078098836194814
0.7711664763681251 -0.1079635269102589
0.7712992929579873 -0.10831413884159102
0.7714994826890726 -0.1085949766854355
0.7716803531508087 -0.10895579544689937
0.7719009035327871 -0.10909716237401668
0.7721164218265301 -0.1094207640847561
0.772300373333757 -0.10979778070402402
0.7724563271448192 -0.10998205363354707
0.7725800752577909 -0.11019215896410084
0.7727763749002564 -0.11051407268310032
0.7729837969067941 -0.1108068832276845
0.773196691453034 -0.11116171010993259
0.773355905873 -0.11131353267819555
0.7735569000228024 -0.11151036333820996
0.7737445790641247 -0.112046761130144
0.7738510323553234 -0.1120313308754679
0.7740328826853038 -0.11224414812566663
0.7742662954557495 -0.11257555084832593
0.774390112779602 -0.11306381987501224
0.7746324743213107 -0.11314775309578695
0.7747268631116843 -0.11321560702189537
0.7749440866709834 -0.11399744152085356
0.7751430540561246 -0.11405197530205258
0.7752784454571029 -0.11463322322513614
0.775483281161759 -0.1148089061292431
0.775712804768847 -0.11510112297415642
0.7758078999784659 -0.11516148779058444
0.7760466080798103 -0.1154062861646723
0.776177395114457 -0.11584376127190765
0.776344382693254 -0.1160795038331156
0.7764788631410834 -0.11623507272968714
0.7766789820388211 -0.11656111307077399
0.7768253893173793 -0.11692294676609483
0.776998599926432 -0.1171110189475969
0.7772162358268109 -0.11736591460972257
0.77739238133768 -0.11783799735269174
0.7774576607695372 -0.11803252497801586
0.7777325111392511 -0.11829767516852951
0.7778563925911971 -0.11870237135558936
0.7780250096480184 -0.11895842063252515
0.7782218858926501 -0.11915481412903361
0.7783995628995647 -0.11943072317694481
0.778496723068085 -0.1198094578781399
0.7786491470238639 -0.12008296591518808
0.7788082544553296 -0.1202939326917647
0.7790302338546312 -0.12066213262213477
0.779138149731205 -0.12057616829328432
0.7793559770711757 -0.12096181174105725
0.7795462374800792 -0.12150916570703307
0.7796497632525323 -0.12174285333584489
0.7797864743075377 -0.12205363876392383
0.779909527717525 -0.12228614031163021
0.7801199984302801 -0.12253352204288437
0.7803059178095558 -0.12292748916266982
0.7804430218387334 -0.12315138913351154
0.7805279792771292 -0.12356424541123678
0.7807278091209543 -0.12368274789485778
0.7808609320267939 -0.1241881366197557
0.7810533290414238 -0.1242903685846527
0.781218741296419 -0.1247981211220398
0.781347046017782 -0.12478920067808197
0.781509808671202 -0.125183318727339
0.7817427693297162 -0.1256651479965588
0.7818739303056372 -0.12588853287970636
0.7819207248357419 -0.1260823950053659
0.7821331302475955 -0.12648098809777675
0.7822711209825177 -0.12671492492805947
0.7824735155998561 -0.1270231853379824
0.7825574035978644 -0.1272325701183501
0.7826917100474243 -0.1275345262121731
0.782870471972035 -0.12784908775967985
0.7830923376016845 -0.12837681726758254
0.7831167039253518 -0.12845860930132968
0.7833391519348148 -0.1289055912843401
0.7834930255229908 -0.1291271477528111
0.7835933464438265 -0.12924678983547278
0.7837360929370669 -0.12971565066651491
0.7838385324428806 -0.12996372084474694
0.7840397641939256 -0.13036339525089136
0.7841711301298433 -0.1307405694138426
0.7842897236655934 -0.13095350789656057
0.7844556747272866 -0.13129973975392906
0.784610488979324 -0.13161972788738008
0.7846901808866399 -0.13178722258067432
0.784850144630985 -0.13221899759251654
0.7850191196469953 -0.1325110089558763
0.7851398582989723 -0.13282552107445278
0.7852270312475336 -0.13312445739145007
0.7853144770593447 -0.1331749155798706
0.7855649819816258 -0.1337256872396565
0.7857012882503422 -0.13412217372125168
0.7858585692391181 -0.13431474721180658
0.7859278278848202 -0.13480844182088136
0.7860768871956254 -0.13495877441505066
0.7861962553060176 -0.1352498951633967
0.7863951690544105 -0.1355464596213819
0.7866158284123712 -0.13617018278351134
0.7867341059094234 -0.1362817298517095
0.7867875515982925 -0.13649612059391192
0.7869587413871403 -0.13706423926099964
0.7869901776053402 -0.1371804888822098
0.7871039831483999 -0.13731593233878425
0.7873182132285187 -0.13799525903857612
0.7874499271352777 -0.1381179398830612
0.7874975836017423 -0.13835511762293928
0.7877055671752058 -0.13887735323711237
0.787789643440743 -0.13902401221438088
0.787912405142261 -0.1394813530616006
0.7880746504932753 -0.1398916878193167
0.7882239436115971 -0.1401385087104018
0.7883737382165833 -0.1405222990217888
0.7884825214454371 -0.1406949374796339
0.7886092110170987 -0.14113698572507072
0.7886737322127143 -0.14145621685230803
0.788878089022314 -0.1419087118504504
0.7889564988654347 -0.1423042730905637
0.7890970554918038 -0.14251702580222014
0.7892072124582367 -0.14274542185851835
0.7893848536011808 -0.14332309237203134
0.7894814900761616 -0.143614530379519
0.7895911624036723 -0.14389934192999554
0.7897262745392972 -0.14434268890812496
0.7898124305809088 -0.1446310550409019
0.7899598606552651 -0.1450301125823108
0.79008275617122 -0.14521624151624368
0.7902095092678055 -0.14538196582338403
0.7903398570432506 -0.14613821638789737
0.7904741471187323 -0.14633626438465341
0.7905813298841206 -0.14678151465447764
0.7906493795295729 -0.14712859742856954
0.790780360633999 -0.1473561714866788
0.7908760742103893 -0.14768738401451098
0.7911040172949193 -0.14805306639055638
0.7911639798515845 -0.14851913351272594
0.7912882997556304 -0.148691080611688
0.7914039733241188 -0.1491780274241704
0.7915475735899496 -0.1495446666984842
0.7916427682217896 -0.14981328993503518
0.7917601364915114 -0.1501845385910352
0.7918081897804177 -0.1505232393960858
0.791950120642931 -0.1510744080722558
0.7920864647997131 -0.15138411474827873
0.7922334842524394 -0.15166090200221194
0.7923417992518904 -0.1520242584728888
0.7924510368887585 -0.1524495350886803
0.7925480977309622 -0.15289132182242815
0.7926613424532576 -0.15320663578237514
0.7927646130879573 -0.15359071574332916
0.7929011188083916 -0.15383038003477312
0.7930390668533417 -0.15441951054052072
0.793102209774421 -0.15474240789517257
0.7932292352616449 -0.15519717445606396
0.793341378347427 -0.15569281201857854
0.7934522623818433 -0.1559732606704628
0.7935374391931325 -0.15611332614395868
0.793675924031685 -0.1567651640890696
0.7937691476451164 -0.1569656119639965
0.79392071780528 -0.15760361144024737
0.7939581347519591 -0.15777563174613163
0.7940543534633835 -0.15821861533964454
0.794173247095323 -0.15853059696150973
0.7942842048530213 -0.15906795463990442
0.7944375907210038 -0.1594368017192468
0.794489818881925 -0.15982167446988227
0.7946271824673791 -0.16027701459252774
0.7947164513593518 -0.1605478670461501
0.7948280134515012 -0.16108630638020494
0.7948566753145301 -0.1613573903247878
0.7950514771365244 -0.1619147594723408
0.7950934891456547 -0.16228897418158206
0.7952408539006215 -0.16260194432624253
0.7952892807468664 -0.1629955127898225
0.7954789995721021 -0.16345410682867878
0.7955182407177278 -0.16374119096415896
0.795624100153803 -0.16435584294511052
0.7957684716600864 -0.1646733003444898
0.7958851239538268 -0.1650138098010322
0.7959485530565459 -0.1655336140628133
0.7960674934497586 -0.1660838380404518
0.7961547927544619 -0.1662734108211561
0.7962421985851588 -0.16680795660504122
0.7963535201547453 -0.16725082155270699
0.7964535238760798 -0.16757567047267063
0.796520021802356 -0.16787200710050598
0.7966129490001841 -0.16849746741313298
0.7967421781556294 -0.16895040900724623
0.7968299084534015 -0.1694427281608687
0.7969785159126407 -0.1699332976641711
0.7970725230408136 -0.1701320914834823
0.7971455391524013 -0.17079536057468425
0.7971979629919648 -0.17098030950290388
0.7973085611511059 -0.1715919208143608
0.7974754936053148 -0.17199644320802543
0.7975298362701295 -0.1725836430192822
0.7975940989319945 -0.1729884233363237
0.7977339202793138 -0.17343960680608606
0.7977883465687922 -0.17383137285314987
0.7978768354472404 -0.1743276148306646
0.7979547616568561 -0.17476063920278073
0.7980931311557521 -0.17523667844088464
0.7981972211402616 -0.17557832063722556
0.7982651166280338 -0.1762426529835125
0.7983616182433624 -0.17653296081193837
0.798424917742512 -0.1769393417773295
0.7985404255330535 -0.1775038034928167
0.7986752335683982 -0.17796229647615647
0.7986969029008258 -0.17835104415763603
0.7987761298446322 -0.17896383025874096
0.7989091462289495 -0.1794087757519176
0.7989778285925176 -0.17988866153915473
0.7990468458785444 -0.18028125942017137
0.7991704383062519 -0.18083372740040127
0.7992273523961865 -0.18134492284967763
0.7993162232627372 -0.18151678913947722
0.7993615773076301 -0.18229099218847256
0.7995353337742818 -0.1828403118568217
0.7996124514744944 -0.18327751033102468
0.7997097936538169 -0.18370506658122832
0.7997826611101776 -0.18420660352483453
0.7998627757181627 -0.18477848373653005
0.799929084537836 -0.18517846789669634
0.8000169704327282 -0.18579971946065021
0.8000887946759486 -0.18624833960395948
0.800222107743895 -0.18685381829479109
0.8002670498702817 -0.187322667825917
0.8003580719871884 -0.18783827394871333
0.8004600818204003 -0.18838164313591033
0.8005433374457004 -0.1888543487873221
0.8005851597787852 -0.18930972390630174
0.8007122109056417 -0.18978926496374804
0.8007759111217094 -0.19036620385698577
