#C1,C2
-0.23580754850389907 0.802137872908068
-0.232945698346521 0.7996347007745822
-0.23008797391275737 0.7973042976415292
-0.22720371686770602 0.7948772607353647
-0.22437202192216377 0.7925276595995268
-0.22156922630104137 0.7902053106355563
-0.21873995680857672 0.787764244129366
-0.21594537650766055 0.785335406381803
-0.21311353381784004 0.7830962693743319
-0.2103514687100686 0.7806251194173925
-0.20760479442107393 0.7783952151610881
-0.20480692256688737 0.775829560228391
-0.20206340814589718 0.7736348041879212
-0.19937585849690354 0.7712601539850759
-0.19659865831034296 0.7689396577455757
-0.19386098549395514 0.7666707159774473
-0.19117856289525026 0.7644362944733266
-0.18843668697881422 0.761996036391476
-0.1857996158918247 0.759804137039115
-0.18315993288739274 0.7575155913399049
-0.1803955061434338 0.7549748555222677
-0.17778439258723533 0.7529973726382216
-0.17512079259722835 0.750641076707365
-0.17253395109777725 0.7484775822081494
-0.16982984194685202 0.7461030174593072
-0.16721572705217758 0.7439138791579136
-0.1646145950426804 0.7417257463440838
-0.1619998251142869 0.7395585050721788
-0.15947025137812143 0.7371865656902435
-0.15686485341896672 0.7350619650196782
-0.15433414713876936 0.7329008332482881
-0.1517583404223828 0.7305485973848483
-0.1491217777022249 0.7283709397219552
-0.14661547948534537 0.7262159654946317
-0.14404887719681658 0.724096124067453
-0.14149781021222407 0.721749988279246
-0.13896127595356966 0.7196853596581921
-0.13648478365044214 0.7174459285067224
-0.13386380905162032 0.7153330080857914
-0.1314706232876267 0.7132262150665871
-0.12901369093406045 0.7111481141145196
-0.12649514196803702 0.708981145174904
-0.12410806810666641 0.7070327002603763
-0.12166336600291838 0.7049014638353224
-0.11915952683437592 0.7027050859210077
-0.11671259990783578 0.7005596884943791
-0.1143751970537592 0.6986309796479026
-0.11189972093016831 0.696352732691174
-0.10946958451999078 0.6945042428596957
-0.10715660208498856 0.6924874753932878
-0.10477646223232073 0.6903838053115872
-0.10231967988164847 0.6881671030899887
-0.09979735518355948 0.685875409203281
-0.09756039235909142 0.6841135385823753
-0.09519027588335882 0.6820660117136126
-0.0927786928156571 0.6798776828858858
-0.09043305998952655 0.6779531836265356
-0.08811799352444827 0.675920637218817
-0.08580721802527225 0.6738444728409344
-0.08338493773925348 0.6718200562467173
-0.081244956466622 0.6698116850636345
-0.07887337698471997 0.6681335769463321
-0.07663830353631162 0.6661602131288128
-0.07426904343575813 0.6639426528062051
-0.07193229277681445 0.6618898119082389
-0.06968900452478255 0.6599158767209621
-0.06739934510607204 0.6579958574912892
-0.06516031522698473 0.6560038495909548
-0.06288191929335485 0.6540752568217354
-0.06069939211236519 0.6520611573077859
-0.05836580658831758 0.6498957236360741
-0.0562740182123328 0.6484053394244245
-0.053949201667837565 0.6462602403742285
-0.05184166668824397 0.6446026395489343
-0.049573706774365345 0.6423683525325031
-0.047436433602603634 0.6405649083389725
-0.045193276992810505 0.6384791286476642
-0.04298858039050679 0.6365773033551757
-0.040922714045993125 0.6350594831229196
-0.038696248760788365 0.6329242749550295
-0.03651641654453319 0.63095338812615
-0.03446929685168365 0.6292049856959983
-0.032072319145646344 0.627143950090111
-0.0299328243997572 0.6253459681522772
-0.02790612118529834 0.6234274639329547
-0.02583278079763052 0.6214980685135056
-0.023531835350750322 0.6197672185765529
-0.021504207496110598 0.6179037283007933
-0.01932506642328569 0.6159750357353544
-0.017257373056911333 0.6141829280923361
-0.015170214691359932 0.612393090788477
-0.013077114724208808 0.6104415920407268
-0.010981613569178043 0.6086636670070432
-0.008930016616239492 0.6067614401460535
-0.006889943791495327 0.6050801665106685
-0.004801575659080241 0.6032517369033265
-0.0026531299183082425 0.6013243753793729
-0.0007318816195982548 0.5995610344543071
0.0013286197704543944 0.5977553153843613
0.0034169138317864355 0.5959591494921881
0.005423570198839541 0.5941555994682546
0.007358513938735319 0.5923817492953091
0.009447871716384944 0.590560803372004
0.011505063650379729 0.5889133304251749
0.013509293058881041 0.5870752945289903
0.015438503705723968 0.5853541563202904
0.017455626884913086 0.5835081925495743
0.019479812778070756 0.5817178139450827
0.02158656653615942 0.5799966513693787
0.023339412234493203 0.5782964184170513
0.025198334963021925 0.5767995434480837
0.027327051708584734 0.5746204040237564
0.029316933904724226 0.5730582708616279
0.03125333538428465 0.5714628724458588
0.03314639963736854 0.5697141660751301
0.035015120200525884 0.5681092574806506
0.03698250060492392 0.5662725328183091
0.038845892826682826 0.5646910650727975
0.0408826128201254 0.5628061454958954
0.04266725944326799 0.5611456900837392
0.04471524569092722 0.5593521913761516
0.04651843236755715 0.5577512718848027
0.0486504998444699 0.5558451523042817
0.05037647316339022 0.5541566542389579
0.05229183685349814 0.552470416687373
0.054183215937419704 0.5508654547091951
0.05604020841742419 0.54920128460707
0.05784973968638396 0.5476529227251862
0.05979394680179495 0.5458525257462629
0.06157653104478544 0.5443025410930924
0.06332317289843636 0.5428121584690924
0.06514136522619274 0.5411829471054223
0.06706241667883805 0.5393157922997053
0.06898558381405817 0.5377244068972042
0.07063395106707515 0.5362257427485846
0.07249748245421195 0.5344994570349425
0.07435880496078151 0.5328130199549358
0.07609380029217205 0.5314874798287429
0.07792492388293881 0.5296315417981656
0.07975920616853382 0.5279415819667148
0.08157869314035238 0.5262357032369304
0.08337373049261654 0.5245466965703661
0.0852746952949377 0.5230105002107738
0.08698689567944173 0.521492911517414
0.08869559172497499 0.5199885843306592
0.09050761726074363 0.5182679857287478
0.09211084762801314 0.5168463488374966
0.09388288858889449 0.5155020081751819
0.09558367223024744 0.5136526680867649
0.09738283138141968 0.5121333535628061
0.09911864790399438 0.5104918973506094
0.10101093686511198 0.5087448349355826
0.10265793737148532 0.5072557094952174
0.10440727191835386 0.5057322429750546
0.10617379579925201 0.5040428699073045
0.10778014647768464 0.5026042457813235
0.10951538488829315 0.5010734020615732
0.11110387741891037 0.499738066220181
0.11288215891143383 0.4979384487930598
0.11455343837099352 0.49631136279115884
0.11616819170152193 0.4952103866938298
0.11789184649130868 0.4936062269766559
0.11967584201722614 0.4918745490192037
0.12109990079870026 0.4905067845256632
0.12289302029634153 0.48890827441208695
0.12457084097154947 0.4875123154901393
0.12632841058231958 0.48576706956399907
0.12782213901650463 0.48435280249594903
0.12960021652271392 0.4828632970402117
0.13139018194546437 0.48131649632737006
0.13293115241814513 0.47977994656083023
0.13447913070457906 0.47839541888466774
0.13616173600296322 0.4769608915804283
0.13773419990742064 0.47545043012510046
0.13932735303905852 0.4740330959020178
0.14090652182429897 0.4724384416271161
0.1424430825031836 0.4709393559362245
0.14424828328648986 0.46950634745360587
0.14561287825945401 0.46808065192240345
0.14724358594755527 0.46669433110762326
0.1489541511841307 0.4650586964190082
0.15054813142985246 0.4637872130598718
0.15203898079410194 0.4622497743337213
0.15342967068607039 0.4610195633784573
0.1552724632496314 0.45919927567307084
0.15673669375326504 0.458077950425268
0.15853097389717163 0.45624461018098883
0.15986349626511165 0.45521834026081875
0.16141609671327117 0.4536091314495033
0.16295162187397527 0.4524529189875527
0.16470619034067124 0.4505346628683654
0.16617243025543582 0.44936361887571197
0.16754720570126647 0.4479030448022039
0.16904752408238366 0.4465729304884761
0.17063180492714058 0.44510540918865327
0.17209490498016755 0.44385634912121397
0.17366078045559552 0.4423672082351815
0.17509670901659702 0.44101601611187324
0.17647947353695037 0.4396834763968388
0.17817083425796765 0.43822515147839236
0.17983601198201238 0.4365950296759348
0.18118772254082893 0.4355082681380499
0.18271292978642406 0.4341316865701149
0.1841509599262835 0.43249197615082524
0.18554300203610363 0.4314547365742718
0.187046455607351 0.43012500100911344
0.1885779223667272 0.42843744045389276
0.18988912209369535 0.42737266171016797
0.191549880904345 0.42571907672850606
0.19295945347673005 0.4244891223485373
0.1944264494728507 0.42313597241061396
0.19562690261064697 0.4220809144774612
0.19742427730013679 0.42037767531595915
0.19877567735681811 0.4191844863370625
0.20027642480626606 0.4174481547012946
0.2016236203820635 0.4164260866040097
0.20308040181734088 0.4150257306790023
0.20466984678288236 0.41351007554086916
0.20601147698302824 0.4122098811732986
0.20743541370817864 0.41111389969233236
0.2088459253796039 0.4097423232146922
0.21014557973412307 0.40832958101909234
0.21155576867101755 0.4070443870590277
0.21304818507135592 0.40583761862301515
0.21452440860581246 0.4044025341060479
0.2157211251193687 0.40317409570427987
0.21723882087546886 0.40180248015224707
0.2186179949912288 0.4004556525532442
0.219968222468091 0.3993605707223208
0.22141953504895173 0.39798861914868455
0.22271810157507144 0.3965518267148619
0.22400544664603683 0.3954054724282722
0.22544605610147972 0.39434157288376215
0.22696194393200475 0.39261256657507737
0.2280791753561494 0.3916789020235596
0.229471661901278 0.39017184291447327
0.2309447352117051 0.3889812935002682
0.23233091136262085 0.3877309064885738
0.23332875972874811 0.386669173951968
0.2349917926641567 0.38519302797261024
0.23626509383464167 0.38403568587913917
0.2373928940076827 0.3828421190406033
0.23886625071535872 0.38142731952508424
0.24026869581234966 0.37999037830750304
0.24141606954680905 0.37925818082703733
0.2429925319424967 0.3774959771082538
0.24407476163476072 0.376575797635612
0.24544468998477453 0.3752081953815558
0.24669437054250942 0.3741254742263207
0.24808648745913797 0.37287075882390075
0.249517838433703 0.37161535148666114
0.2506163059075769 0.3705577354722771
0.2519138440574836 0.3693551799346537
0.25324877112358346 0.3678490953414777
0.25440833104280103 0.3668209095609807
0.2559175517871215 0.36542345190725445
0.25722616711699287 0.3640867989824922
0.25827044014347467 0.36328472605908857
0.2595989031347349 0.3619722728496262
0.26085549032771127 0.36074265741189837
0.2621868656728986 0.35919047827790584
0.2633487071405691 0.35852697516621646
0.2647553539850598 0.3569319489715631
0.26595112145759403 0.35590696479536776
0.2671838241096882 0.35474511649448914
0.2684308689585857 0.35359215909626307
0.26956142009391115 0.352433701037664
0.2708903013316364 0.35121845390897544
0.2722156956423549 0.34983338136009656
0.2732995070983093 0.34899397708095303
0.2745619898685776 0.34758331107145357
0.2757357056352562 0.3467049522666039
0.2770763851685889 0.34524536767686465
0.27826858703654334 0.3441765054568974
0.27930841184540767 0.3432846624730189
0.2806937072410487 0.34181314275971386
0.2818396537369505 0.3407226280787733
0.2830911914888101 0.33937724102461175
0.28442674401552503 0.3382292835095918
0.28564178740932933 0.3371688083379917
0.28671263646006806 0.3360315521513627
0.2877674405955939 0.3350237739394534
0.2890693434570585 0.33384949526653074
0.2902431005105002 0.3325667274899894
0.29141666343825523 0.3316233196255063
0.2925290533335535 0.3305274475865889
0.2938786331758346 0.32908934590044026
0.29486431437335403 0.3283316951592322
0.29603663243045975 0.3271967084136572
0.2971972536800561 0.3260817865726495
0.2983260378752113 0.3248350670749477
0.29962040722523675 0.32366038762632554
0.3007942412779865 0.3227120440699879
0.30189604570809003 0.3215249719716553
0.3030236591051907 0.32034059097237055
0.30423719741105526 0.3193511610683324
0.3052191352902094 0.31833495646834076
0.3064465346309684 0.31714142047436844
0.30760270552772817 0.31620490047124605
0.3086933405302912 0.31499071328930006
0.30995429969426413 0.3138997001755862
0.3110166894597608 0.3128130799345724
0.31201840440953243 0.3117162900332072
0.3131976460677892 0.31058748821837445
0.3143238903657217 0.3095862654106559
0.3155731770067465 0.30845937938257795
0.31666401693445767 0.3073546673209949
0.31769236179325533 0.30639578056975747
0.3187965135698647 0.305280161117928
0.3200189821588252 0.3041143374286812
0.3210792065155663 0.30295451109101557
0.3221493129896571 0.30198745377844893
0.3232947066068227 0.30090989871205154
0.3242458327708557 0.30005109555472564
0.32535781636185424 0.29874272583496386
0.326485032880967 0.2978042653161824
0.32751463354317845 0.2967546016996362
0.3287682653583417 0.2954195200639472
0.3295987385650374 0.29480234743600164
0.33077790092869885 0.29372192497999683
0.33171334146576115 0.2927381236322947
0.33283361308702664 0.29173514147186597
0.3339634238508362 0.29052074839690956
0.33496416724851896 0.2895941304715741
0.3361252542176353 0.28844261168693697
0.3370922797092394 0.2876448105570184
0.33829697101957557 0.28634690842817034
0.3392297567421617 0.28548946472286696
0.34043731367082053 0.2841734517725648
0.3414703198487523 0.2834745462352878
0.3423951076797622 0.2824409387762893
0.34340974995249485 0.28128426196646095
0.34454006529690573 0.28043037290971584
0.3455565202594657 0.27917779802425857
0.3464810685321127 0.27825518307465635
0.3475710986386158 0.27731886385720583
0.34851923139028196 0.2765293107634361
0.3495990709025609 0.2754150308576254
0.3506371742672466 0.27431286430634905
0.3516196794022013 0.2734100554786424
0.3526140434230851 0.27239675058459
0.35380832832400255 0.2711760150909349
0.35466066508004224 0.27032842589852346
0.35566617618772767 0.2694911591664977
0.35669431864013657 0.2684260950837686
0.3577324672894442 0.26750001132886625
0.3585103066961338 0.2666548539586051
0.3596388754739267 0.2654836252528645
0.3605770983825678 0.2646470292892914
0.36162842975556253 0.26373852719961877
0.3625906843865552 0.26283723008346016
0.3637005478486508 0.26154046445783263
0.36466798343902773 0.2606970869540106
0.36556991751246715 0.25981991456109943
0.3664950515640708 0.25866051250412736
0.3675982947082719 0.25789432717048844
0.3685786660838142 0.25697730044034695
0.3694519557777466 0.2560776221824881
0.3704937650162914 0.25486238396650085
0.3715534071948976 0.2538821757972002
0.37245941272883176 0.2528910575761343
0.3732924872305491 0.25191697086745246
0.3742881499730435 0.25128293139018154
0.37525873302093726 0.25018400871166113
0.3762548383328772 0.24914356774036095
0.3770267928555151 0.24862857277481132
0.37802705994698216 0.2476872148874535
0.3790328744445799 0.2467474823555752
0.3798883517972118 0.24580566183765928
0.3808649808377802 0.2445524363563486
0.3817428321538341 0.24381741012486324
0.3827199441355065 0.24294880410750486
0.3837263073523681 0.2417250043663992
0.38469378738090143 0.24115866172589828
0.38560068884579124 0.2400636428523547
0.3864270834701595 0.23947277953181378
0.387333689120559 0.23852338267551565
0.3883106625227194 0.2374889567319085
0.3890698808484836 0.23674422295675968
0.3900560218680792 0.23575052791680084
0.39108100875858176 0.2348706139983181
0.39192665467774324 0.2339477654832598
0.39311612663277506 0.23271911691405078
0.39386981194388704 0.23205200745695598
0.3946288818983973 0.2311710714776427
0.39570916715942284 0.2302491299371313
0.3965485734237011 0.22933679674791085
0.39738725128743635 0.2283341102050508
0.398428295229194 0.2276469850107462
0.3993750720377618 0.22664968533272856
0.40022859673979916 0.22589205178340255
0.40083920069125545 0.22498361176611925
0.40174287011341914 0.224178645052861
0.40270735457153306 0.22326963045362702
0.40345563417127617 0.22266361408439828
0.4044697532972632 0.22162950337679022
0.40544334226366063 0.2205578110706119
0.4061261677189625 0.21977778783527346
0.40690310613139036 0.2193813709023914
0.40792390700631387 0.2182841571392441
0.40891040850041216 0.21729178980951547
0.40967166963638557 0.21630946272368423
0.4104880948081039 0.2156414789115071
0.41141109557119626 0.21466854641324307
0.41217144958062146 0.21395376768822227
0.4129926950371021 0.21324977594032501
0.41386116735622636 0.21220043291913626
0.4148378260931114 0.2115364740738378
0.415640683440649 0.21068474643796253
0.416414686326109 0.20986429924794225
0.4171980634064605 0.20916321098514368
0.41815791114555245 0.20793158654046906
0.4189464083991522 0.2072687886828528
0.4199703162200674 0.20627132243490276
0.4204581589924268 0.20577501975564327
0.42154463092859906 0.20464861185570504
0.422200743658699 0.20403718053419728
0.42314705389230745 0.20311688914772053
0.4239672706683457 0.20235070215635143
0.424771989577337 0.20150509100382197
0.42565708003986824 0.20073636923917604
0.4264676909030194 0.19988410713101612
0.42733004804070995 0.19889030683009712
0.4280813725414758 0.1981838042332612
0.4289876621810076 0.19732291583231587
0.4298207025523866 0.19661130519482228
0.4304972862994286 0.19571462962697717
0.43123336059344186 0.19507864956427956
0.43202566133441866 0.19435977614645583
0.43288226200860946 0.1935223086811425
0.43362298860313997 0.1928816903050362
0.43445733630297 0.19195232655377692
0.43545512094345995 0.1911618222869218
0.4361031809139506 0.1903809971800735
0.4368356102408125 0.18940755103481677
0.43776057085026987 0.18868783345931572
0.4384982234730721 0.18793429380336646
0.43922857326603704 0.18733475190501225
0.4399831236267049 0.18638176715795252
0.4408844670562393 0.18552399095437744
0.44166731102913637 0.18477120802893432
0.44229169287777315 0.18417720679677585
0.4430597658748673 0.18330131191466115
0.4439677048211108 0.18248127707609896
0.44473567199707764 0.18172724938353768
0.44540880067790445 0.18100066764104106
0.44628192383647636 0.18018592271023992
0.4470608288422133 0.17942865350422565
0.4477790474128235 0.17858675361333987
0.44859463450912973 0.1777113218056341
0.4492911434213689 0.1771539429990957
0.44998473354298363 0.17657889319693754
0.4508370462651743 0.1757047408617699
0.45154345831712983 0.17465494173891993
0.45242631427432856 0.1742316616792029
0.453049596837122 0.17362285150690682
0.4538202465621419 0.17273745703019416
0.4546721603872087 0.1718439337233333
0.4552412654177783 0.17148817807643346
0.456120884688779 0.1704105449765193
0.4565849481345131 0.17003437413533096
0.45741954115184313 0.1689617547643184
0.45827473178998424 0.1683962974917096
0.459039194386889 0.16742362029031022
0.4598200565585038 0.16689872760701496
0.46038642332872404 0.16611845486923926
0.4611141685311414 0.16548283014880205
0.46179714964918617 0.1649876027813716
0.4625453488934903 0.1639393566895183
0.46339898209127195 0.1631171562606657
0.4640192601439538 0.16249580252438411
0.4648025399103404 0.16182235176964588
0.4655805368164092 0.16089685406390875
0.4661544519256149 0.16040685513870312
0.4667874640293479 0.1597757761557771
0.4676409535404433 0.1587485564732326
0.4682672277841653 0.1582970549211994
0.4691092477183838 0.157673059667497
0.4697657711017288 0.15678394282498065
0.4703913546019569 0.1561888505667116
0.47130858039134316 0.15538524789882402
0.47194695953518107 0.15435911615760023
0.4726379274832121 0.15385057792545154
0.473325793833994 0.15322778008065452
0.4740015409241862 0.1526000235095618
0.47465337053256307 0.15174669753048808
0.4753095108606822 0.15111894658540892
0.47603410224226694 0.15046152006102698
0.4766444765774086 0.1500103488743849
0.47743287943524004 0.1491448605337785
0.47801353022512516 0.14858647739989894
0.47882355955933953 0.1476689488984394
0.47949994618977776 0.14703429486520292
0.48009842204168574 0.14654303121119117
0.4808271192717527 0.145883422709026
0.4814633117814686 0.14521557942025642
0.48217195188465234 0.1443354484254139
0.4829632262823218 0.1436545314232166
0.48359094111273415 0.1430394743073783
0.48420627453909293 0.14233502075480164
0.4848010779847862 0.14176799972744025
0.4855467192716232 0.1409444552457434
0.48613238743689036 0.14046441545859023
0.4868758823787813 0.13959258827384435
0.4874316964785248 0.13930655901879574
0.4881709681957809 0.1382862556599994
0.4886603924023909 0.13793446768324424
0.4893691571262202 0.13714969142280709
0.49016054000671805 0.13668136290987842
0.4907184386557143 0.13602453069102038
0.4913718725732832 0.13515544877918118
0.49222985099284533 0.1343664570994373
0.4927685081776316 0.13387703236033566
0.4933236615742742 0.13310293744263435
0.4940353112239909 0.13257598114542768
0.4945768910328998 0.13189730801309174
0.4952386067531016 0.13133819364866428
0.49602086570255977 0.1304760565163129
0.49655136288141666 0.13007273909163575
0.4972944438633189 0.12915230500118813
0.49770751260383195 0.12878439709112544
0.4984308399823283 0.12805436636839784
0.499158787914586 0.12725327259172092
0.49984152396058446 0.1266653087972066
0.5002848570160038 0.1261649219883192
0.5011142470392267 0.12556293761465354
0.5016146215598289 0.12489189772192544
0.5022664000221796 0.12419875581451811
0.5030045475765395 0.12349512333926571
0.5035524866063876 0.12314905031995982
0.5040982876800039 0.12243580583535296
0.5046921336003253 0.12177145893769481
0.5053023478149234 0.12119883626036876
0.505974733090059 0.12044176549465913
0.5064355894964924 0.1202022904945963
0.507128418691734 0.11949299376009048
0.5079029935209451 0.1187248468411205
0.5084793484732429 0.11808246827113877
0.5089863663064472 0.11746655204134049
0.5096421595856825 0.11691497324069311
0.5102119123992163 0.11615780361606554
0.5108097188593463 0.11566739582147323
0.5113746918909049 0.1152533914846956
0.5121142631245179 0.11432293178968
0.5126462873050573 0.1137979168825225
0.5132616668131247 0.11334222303484165
0.5138365733533417 0.11260427559586239
0.5145027726402519 0.1120336786247964
0.5150850680162324 0.11165553298193365
0.5154844203721278 0.11105248638648091
0.5160955763114614 0.11039606310424788
0.5166717983768534 0.10990988073191754
0.5173672625218184 0.1091153052901278
0.5179998178559605 0.10827463821837324
0.5184829615143218 0.10779810543211743
0.5191895450035915 0.10734319645553903
0.5196152018895053 0.10677074098869321
0.5203882055797436 0.10613845044357673
0.5208676255307272 0.10556132688534625
0.5213545217827718 0.1050591451497579
0.5219227477730789 0.10466700621787295
0.5225977182860674 0.10378619066666483
0.5231086909393131 0.10343667808857226
0.5236496015804163 0.10273493964488734
0.5243948701811244 0.10201830695077274
0.5247387589662839 0.1014681105820725
0.5254456910224626 0.10109786130589393
0.5258633566000209 0.10047270774839578
0.5265472637867227 0.09976347575295907
0.5271418978157228 0.09918911162157151
0.5276174878514462 0.0986440962522086
0.5281029854249034 0.0983565425764894
0.5287449240857377 0.09748756535602099
0.5293445370570852 0.09699255486075531
0.5298484556960902 0.09647333887112919
0.5304289529260732 0.09601608013104834
0.5309138724625281 0.0954923274157955
0.5315015722415098 0.09494921784706212
0.5321498617230721 0.09403238091094024
0.5327472906935328 0.09359913186739055
0.5330656975815161 0.09339050936809157
0.5336716482697109 0.09236662964449316
0.534293876181383 0.09205090115558145
0.5348820185730604 0.09119638003435537
0.5353559386463759 0.09091707711283936
0.5359017280219395 0.09033068674130629
0.5363728467046526 0.0897708322768016
0.5368603991198616 0.08939991185389373
0.5375343133107019 0.08863176750305102
0.5379057972956619 0.08836267307642554
0.5385076773145742 0.0876583339220387
0.5389292058866005 0.08721090433438294
0.5396616711134811 0.08663105909177582
0.5401017458404226 0.08593653648541388
0.5407507174847118 0.08550822417227044
0.5412160933612683 0.08499695836329235
0.5417658483818942 0.0844503282648732
0.5421998997406797 0.08384481047735326
0.5427060138807996 0.0834728462701102
0.5432482623714127 0.0828729191272668
0.543888393553767 0.08229755490459367
0.5442559123424572 0.0818706733757062
0.5448313055009458 0.08123161926212652
0.5452251540692251 0.08079328678447717
0.5458801897222746 0.08012164420045575
0.5463272568991512 0.07986721569231459
0.5468783959451667 0.07907246757308606
0.5473446428504171 0.07871932567633055
0.547935134526088 0.07821573472920784
0.5483875644685031 0.07758077872370994
0.5489367239237167 0.0771552059058418
0.5495016305410453 0.0764555006588048
0.5498872214785576 0.0759764997429091
0.550404121216359 0.07568133195497895
0.5508890153542524 0.07510233181822734
0.5514097336471108 0.07435046488053132
0.5519794976532962 0.0738353867659014
0.5523791311845713 0.07358826780665018
0.5530238361612606 0.07274866089897891
0.5534794098795225 0.07236263398054588
0.5539259304448249 0.07185561043503763
0.5544618785964625 0.07132069603040847
0.554953333583358 0.07088031385798921
0.5553458342360748 0.07055158334180223
0.5558286054399745 0.07026895247479681
0.5564883211528818 0.0692746880002213
0.5568466894830767 0.06886418553066043
0.5573730048858666 0.06821143949767228
0.5578520994544046 0.06785645884012648
0.5583057475580983 0.06754235582958579
0.5588350618414261 0.06688994597631037
0.5592163900179473 0.06644997476788794
0.559815863014346 0.06568161881791879
0.5603040796522317 0.06533704928832718
0.5607801589832032 0.0648864765621382
0.5612166042697314 0.06427537470937628
0.5617516008417872 0.06378791325745725
0.5621722652257232 0.06346508079960023
0.5626895906050432 0.06281947394618759
0.5631377625451134 0.0623279104274439
0.5635043246154677 0.062009819976034164
0.5639823900795223 0.06154837252351064
0.5643649971370491 0.06125256960486958
0.5650111204384803 0.06022184289160637
0.5655549645871204 0.060009909591956845
0.565891479300019 0.05965300811369678
0.5663571852873276 0.05899393780452278
0.5668651039982188 0.05848353586905786
0.5672155933347774 0.05827872859911798
0.5677318254237037 0.057571920360519835
0.5681646017079954 0.05709354972302649
0.5686165504351736 0.05687138384234269
0.5691411401682019 0.0560461626861386
0.5695253366615017 0.055710370338120985
0.5700510893716536 0.05513637735610466
0.5705134620626645 0.05472370992568054
0.5709223946687746 0.05413341993207621
0.5714442154125986 0.05377574793182727
0.5718049193625024 0.05335819840872458
0.5723200831772607 0.052752971137423055
0.5727214140854838 0.05228790377635173
0.5731077623719208 0.05204049734521021
0.5736560210645073 0.051228711355210343
0.5741877751064287 0.05083362669024516
0.5746063487664624 0.050454820865275085
0.5748988097379423 0.05005899465554475
0.5754987955294611 0.049419068297126945
0.5758812531432663 0.04896802664843025
0.5762502903294459 0.0485484204810509
0.5766769590243864 0.048225915983787226
0.5771485043972938 0.04771414064426094
0.5774921652883679 0.047200595949131285
0.5780560743145141 0.046597324825479625
0.5784763344661107 0.04622453363663692
0.5788412233645103 0.045851360484607584
0.5792121108662917 0.04535807147443571
0.5798447633748519 0.04478120999876989
0.5801734588427064 0.044430036877103785
0.5805483194910338 0.044005722422030935
0.5809511654103693 0.043507117481909496
0.5815086719462293 0.04290664237505082
0.5819054780039338 0.042559754447320186
0.5822195220814715 0.0420879126592002
0.582756818538365 0.04148279164567792
0.5831455987974584 0.04121619252071085
0.5835340807379893 0.04080349299848063
0.5839406355001561 0.040274671440522436
0.5843968694939071 0.03978402193989283
0.5848822485035269 0.03926732746197992
0.5853732894693654 0.03856849952113195
0.5856134058538519 0.038582584744296655
0.5861893845301195 0.037907425357058155
0.5864505237835721 0.03761534608246153
0.5868695504972593 0.03702950440706343
0.5874927380593679 0.036399428696026304
0.5877777005609318 0.03625426733200965
0.5880895490645869 0.03580350341427563
0.5885088676855131 0.035410282270599724
0.5889912956240902 0.03504130192265742
0.5893898851418368 0.03436280855399665
0.5898371636383474 0.03383609108633445
0.5902515576933717 0.03347278717787905
0.5906835723925002 0.03281956057698654
0.5909425168134451 0.03263864527018656
0.59144341224975 0.032229154056887754
0.5918232080834726 0.03169320821843291
0.5922492203306485 0.031187051788929665
0.5924619932583072 0.031005197802861373
0.5929548090669888 0.03019263737768285
0.5933744769961805 0.02982182646474718
0.5938370192555836 0.029464549837700416
0.5941361390489815 0.029096913885000353
0.5945984179180442 0.028547083026845943
0.5949966866208655 0.028365284456817852
0.5953647085953161 0.027821972442002352
0.5956983044989813 0.02734375848448134
0.5962038767956045 0.02679218811541073
0.5964445333372465 0.026319711150328162
0.596926310278525 0.025845106708894727
0.597343783180294 0.02536420531496697
0.597793881141302 0.024848424559458904
0.5980705362876441 0.02458094416560197
0.5984063800129306 0.024309362954313185
0.5988892558635329 0.023814343355488488
0.5993181860275038 0.02321894791996537
0.5996566486348797 0.022712771983097957
0.5999844332321921 0.022328507705991818
0.600329679233964 0.0219619896794363
0.6008758710913901 0.021442938575729764
0.6010974356300164 0.02104538156722424
0.6016033852754307 0.02056428886166528
0.6018964228754747 0.02029066676402791
0.6023059040377708 0.019737067761674165
0.6026137653151878 0.019470663789979303
0.6029930793708339 0.019075835044640943
0.6033808397007377 0.018602830139193394
0.6037043020785872 0.01830442709712643
0.6042008027754083 0.017534893422179954
0.6043480701561857 0.017443810512411062
0.604898660518192 0.016757931953285565
0.6053194470111533 0.016428979387245413
0.6055635732158865 0.015956165014075596
0.6059758058836785 0.015509913119674978
0.6062546101399143 0.015325818910573386
0.6066233454427715 0.014588939168665993
0.6070747884383864 0.014300695158862453
0.6074150798940013 0.01400085383534111
0.6078509698294358 0.013290035822453916
0.6082367643948446 0.012910273441436582
0.6084628135452138 0.012374650818147037
0.6089533224631553 0.011881714833701817
0.6092509428205536 0.011467479926930091
0.6097102403172295 0.011123784978899875
0.6099649373432036 0.010684697497589601
0.6101700580185362 0.010497489977112417
0.610588684050538 0.010029957226341812
0.6110922930213473 0.009369154780858313
0.6113758937318742 0.009058185082628345
0.6117113337753654 0.008683995933011834
0.6120375731883857 0.008391490176113292
0.6123436517638333 0.007790333997014676
0.6127313817076304 0.007399487642278713
0.6131213130853904 0.0069300205973164
0.6133904594977314 0.006514577300714253
0.6139254135234954 0.006032099049147366
0.6142631732192466 0.005596776306028284
0.6145054768145434 0.005274672193425145
0.6149066728398703 0.004723208136232726
0.6152466269419569 0.004244250055192245
0.61551488110153 0.004048506031088861
0.615831840831285 0.0036782451958796702
0.6161727072596531 0.003335916604576994
0.6165136203582161 0.002629264940332776
0.6169606693246609 0.002192295174026082
0.6172856802903947 0.0017908786225115936
0.6175948685909928 0.0014424430233128671
0.6180236147378791 0.0009183890081576607
0.6183186538772097 0.0004473110009961534
0.6186865779273344 0.000165347500969526
0.6188571305748419 -0.0002823120785195865
0.6191939194776098 -0.0007005255461356441
0.6197637073143879 -0.001384522033280433
0.6200341007737061 -0.001677887592975047
0.6202680346755772 -0.0021059105470713213
0.62064987347636 -0.0023883431035862657
0.6209839381272758 -0.0029693578666090126
0.6213176913550168 -0.0033377106726431016
0.621617431539664 -0.0037590584604225707
0.622017957477523 -0.004197290328255665
0.6222274622516223 -0.00459279787261857
0.6225852343091299 -0.004968525907607102
0.6229991730812182 -0.0054281232202531005
0.6232679959684823 -0.005816649229941406
0.623688604013558 -0.006323708656080118
0.6238173443566114 -0.006634593718409798
0.6241313585105522 -0.007070094921927117
0.6244927499098855 -0.007479567037083523
0.6248483635097396 -0.008121003365149093
0.6251565149939647 -0.008649551937073285
0.6254421473624449 -0.00884267505715064
0.6258911846451344 -0.009429462323833349
0.626020426831536 -0.009466722947641282
0.6263460542392384 -0.010117623908127982
0.6266682750369924 -0.010497004582449732
0.6271633608469106 -0.011089510629965549
0.6273090139115095 -0.011358234538880962
0.627842296834293 -0.012063334995461972
0.6279482835582589 -0.01229821963510358
0.6283082610477239 -0.01273228962383377
0.628651124592413 -0.013086883751985079
0.6290064546269952 -0.013770427853887712
0.6292659062808953 -0.014140523615962408
0.6295972927025214 -0.014532105679618601
0.6299243630674524 -0.015092347878495893
0.6301994187454739 -0.015412997056213351
0.6305888318976055 -0.015718700134876862
0.6307823984378268 -0.016070145848219752
0.631217942924628 -0.016638884875822768
0.6314022909515299 -0.017191687566900482
0.6316998039399716 -0.017421611281011717
0.6319410406803646 -0.017853586298059554
0.6323726393180459 -0.018287490809054452
0.6326297708429675 -0.018785679306345004
0.6329538372698408 -0.01917512465252469
0.6332843703584726 -0.019672510489204154
0.6335244238942376 -0.020133558353572
0.6338322809056555 -0.020558141310603073
0.6342340936587235 -0.021119161755276394
0.634409698974801 -0.021403367195196976
0.6347257204840157 -0.021935774868045543
0.6349933209456348 -0.02230980341785327
0.6352901016268747 -0.022581672403132025
0.6356477844886367 -0.023095216601072277
0.6359488889904173 -0.023806791578358855
0.6362207669793413 -0.024039773995773173
0.6365001695419913 -0.024544642194540778
0.636767454560177 -0.025018683905415173
0.6372115032934079 -0.025472645161381813
0.6373713241670104 -0.025805071428497195
0.637622041260756 -0.026275578810947886
0.6379516813236538 -0.02679283701409796
0.6382490359047269 -0.027167100412313516
0.638521006704667 -0.027823816244068933
0.6388796448420696 -0.02828403990286299
0.6391511988374846 -0.028505181560902315
0.639466307485769 -0.028868744156275605
0.6396883765411064 -0.029439398015787654
0.6400966963901752 -0.029904602037317485
0.6402778110166 -0.03039862697783957
0.6404993247855032 -0.030877398427142655
0.6408344798421234 -0.03128115389541719
0.6411816944880412 -0.031678655294532065
0.6413641261149817 -0.03188848012601575
0.6416710931214381 -0.032502652067308624
0.6419900212021324 -0.03314382804201621
0.6422637252065987 -0.03344403136599716
0.6424923815093501 -0.033659544729572444
0.6428605373065842 -0.034329545208892975
0.6429485530710065 -0.03471918194800394
0.6434068835497829 -0.03539688561822141
0.6436169221135078 -0.035743648841789044
0.6438696087168218 -0.03604171198191963
0.6441363569712543 -0.03658968455356315
0.6444271578499575 -0.03711078725839867
0.644745579292631 -0.037483626154260374
0.6449143450038252 -0.03794055905858751
0.645230946784002 -0.03829409591820121
0.645635659226475 -0.039063458473414414
0.6457654110715058 -0.03917460061787059
0.6460272922701934 -0.03987706955052994
0.6463777157456679 -0.040323692592673765
0.6466649581856082 -0.040896017153266406
0.6468842584681217 -0.04114708669976763
0.647229702200793 -0.041763931781914954
0.6474627837038415 -0.04218860459303775
0.6477279464205447 -0.04268262497776054
0.6478049585315359 -0.04288686330786984
0.6483466603354319 -0.0437763118926322
0.6485104775936076 -0.04408823112334437
0.6487839433965777 -0.04458715181448247
0.6489705567020746 -0.044787503876069445
0.6492187774407744 -0.04542585440419655
0.649468344688317 -0.04598962516073413
0.6496893193766385 -0.04628271940596829
0.6500955212756608 -0.046932791675452945
0.650380035975077 -0.047420300124842774
0.650507147688221 -0.04781796069409716
0.6507947210615589 -0.04830224925474069
0.6510371094009783 -0.04869262191642054
0.6513660337646127 -0.049148305551953486
0.6516230731226506 -0.04981495531080227
0.651850216380352 -0.05020404322991867
0.6520574343478734 -0.05058655464575579
0.6524322702810025 -0.05116868431610766
0.6526618525323148 -0.05170264882188236
0.652849959009871 -0.05203175943030369
0.6531874623136201 -0.052694809079470994
0.6533545369882806 -0.05301269341794379
0.6537167450436042 -0.053560712350847695
0.6539780411853612 -0.05416837460122759
0.6542059232565166 -0.054622434714223234
0.6544727535757112 -0.055042475136242386
0.6545934001237611 -0.0555680614095011
0.6548774183103473 -0.05614429353042216
0.655083406199859 -0.056510621515750925
0.6554319133114365 -0.0570882248413036
0.6556721400367026 -0.05764856557644937
0.6560083765386783 -0.05815378012188477
0.656165673102009 -0.0584684912967528
0.6564663598308943 -0.059013073326445564
0.6566528624671467 -0.05940013692554924
0.6569018523683164 -0.06011578197200418
0.6571990971844665 -0.06054536523108567
0.657405142838977 -0.061113384820109085
0.657599505505211 -0.061516038760605296
0.6578637825017236 -0.06207017860204478
0.6581669191214704 -0.06263776248072994
0.6582959960098752 -0.06291765979471875
0.6585763835785664 -0.06346106119402695
0.6588913244762907 -0.06418112330991033
0.6590354065320442 -0.06443347458290494
0.6593026111249075 -0.06504825798056713
0.6595099317946868 -0.06546303119013896
0.6597922262691168 -0.06600329638808478
0.6600141722708844 -0.06666175082532289
0.6602426926639923 -0.06713260001787202
0.66054142319035 -0.06767308363308677
0.6607093169921 -0.06826413285089306
0.6610116520990753 -0.06879403943819651
0.6612218201570129 -0.06916321762110123
0.6613997146712981 -0.06974601809282932
0.6616649927868298 -0.07012175138106369
0.6618258760765651 -0.07068061748042576
0.6621251440024257 -0.071197605537348
0.6623322934106138 -0.07168098503067988
0.6626673036021932 -0.07251208751821436
0.6629074284966304 -0.07303774168588473
0.6630644389162682 -0.07334654416420827
0.6632731673992899 -0.07387308623448985
0.6635072525563027 -0.0744617253654305
0.6636070316652501 -0.07483673055008744
0.6638850064164264 -0.07550481993489377
0.6642623340615884 -0.07620971911550178
0.6643892228243334 -0.07672476086748081
0.6646385677425611 -0.0772101265673264
0.6648927120559552 -0.07780563958357378
0.6651824284495923 -0.0783083860816256
0.6654037971017707 -0.07910082878008717
0.6655446026988013 -0.07938051817421221
0.665878504361172 -0.0800317615736843
0.6660369461641006 -0.0803349912418021
0.666233623146009 -0.08103149830562972
0.6664412229404381 -0.08156002869910561
0.6666518054689884 -0.08203490592389051
0.6668952819226245 -0.08267913260622373
0.6671280383443209 -0.08328697910229965
0.6673025052819229 -0.08379172250465294
0.6675892095633279 -0.08433479747680872
0.6678228320621812 -0.08489607719263081
0.6680318387759675 -0.08564292843647814
0.6681776755692191 -0.08601027036986442
0.6684623573050356 -0.08667630455387187
0.6686576799732885 -0.0872193011275344
0.6688950731354598 -0.08781223082575695
0.6690986412025964 -0.08833462130105785
0.6692945760855963 -0.08877011377851618
0.6694971664279089 -0.08945320308171212
0.6696577009561421 -0.08986558033834102
0.6698779992525957 -0.09061748941784953
0.670113058062762 -0.09125061757517106
0.670423466353148 -0.09181183732380194
0.6705355426366205 -0.09230482467188739
0.6707649943312154 -0.09303268142363974
0.6709925431164213 -0.09350691023284252
0.6712186876856799 -0.09420264611566131
0.6714694331676981 -0.09487449678326065
0.6715886045790548 -0.09523927685758027
0.6718573692236788 -0.09585576167701793
0.6720788717957463 -0.09660488999311645
0.6722663867518163 -0.09720369696792908
0.6725141574418859 -0.09779563133628244
0.6727151230024632 -0.09836851696261983
0.6728113344103736 -0.09867781847655532
0.6730638449439844 -0.09968010503435187
0.6732374006357419 -0.10014140469529842
0.6735434651284554 -0.1007570182681512
0.6736766984711745 -0.10135133932711171
0.6739150401596693 -0.10190791503423435
0.6740678558363106 -0.10242020104465199
0.674307007433128 -0.10319151328872622
0.6745249986641962 -0.10379511993294344
0.6747319310972802 -0.10443554646459186
0.6749123356245489 -0.10494210020836969
0.6751330720023806 -0.10572971750752114
0.6752737239156533 -0.1062446229965075
0.6754928278029594 -0.10687067938362582
0.6758344578767298 -0.10778785282260306
0.6759438695851908 -0.10818752130165299
0.6761591589991726 -0.10888493248784115
0.6764003755794111 -0.10980978551924925
