#C1_inf,C2_inf
0.0 0.7214706743786319
0.0009999819155077268 0.720621209521196
0.0019999673019939373 0.7200657142227659
0.002999948207033619 0.7194483095533212
0.003999934329798619 0.7185425907027387
0.00499992060755341 0.7178573599865737
0.005999905052845313 0.7171780917559439
0.006999878118908836 0.716214233548532
0.00799986477207926 0.7156198377012215
0.008999844918213038 0.7149766209190035
0.00999982678021586 0.7143106270776266
0.010999812907161115 0.7136519282231732
0.011999797429317659 0.7128103908318316
0.012999798753789472 0.7120102160921623
0.01399977838035463 0.7113766522956924
0.014999731796890778 0.710700270315975
0.015999727788235343 0.709921065193978
0.016999719924370254 0.7091501650566604
0.017999662941031603 0.708538847865935
0.01899968914683777 0.7078221720825721
0.01999967951117016 0.7070405831771467
0.020999667395058697 0.7061940647080286
0.021999599125024208 0.7056344244604941
0.022999619976513903 0.7047881346534155
0.023999593519688434 0.7041600781329944
0.024999585614211742 0.7034474864246522
0.025999567992666298 0.7028352231895649
0.026999545922059727 0.7019750074222613
0.02799952911475132 0.7012016288172571
0.028999518333291945 0.7005964344248505
0.02999949460839714 0.6998333023647414
0.03099942148064383 0.6990567141084157
0.03199945673163807 0.6983957385324889
0.032999472625176614 0.6977244890736335
0.03399942713354601 0.6968514800721876
0.03499945393669595 0.6963364380953939
0.03599941307156844 0.6954321458208595
0.03699942187073702 0.6947764260596088
0.03799940109461454 0.6940102994492371
0.03899939406143085 0.6932604357917843
0.03999933106995613 0.6926513150867906
0.040999342512353015 0.6919511942650619
0.04199934377091921 0.6911735721437156
0.04299927522422695 0.6905535022561093
0.043999280550685305 0.6898998018447635
0.044999213262847094 0.6889318988888805
0.04599923586002569 0.6883286661352314
0.04699919150776455 0.6875821118830912
0.04799920169006225 0.6867842410079251
0.04899923565836785 0.6860950702668882
0.0499991974727687 0.6853239647423666
0.05099921592676243 0.6846830854963288
0.05199911343521315 0.6839673353148235
0.05299905404099324 0.6832140261060077
0.05399905818967224 0.6824978068957697
0.05499907949930587 0.6816890031753776
0.05599904023334306 0.6810277408407258
0.056999021879046645 0.6802829228166062
0.057999003704692575 0.6794629456575362
0.05899899578728326 0.6788948497050062
0.05999904805208638 0.6781239063729524
0.06099903784930168 0.6773824275172294
0.061998939928439425 0.6767053092474701
0.06299895817768154 0.6760327798878408
0.06399887518468399 0.6753370470129332
0.06499885327173187 0.6746367961557289
0.06599892166121915 0.6737928784315026
0.06699890403849529 0.6731118584763728
0.067998777340429 0.6725470418754429
0.0689987964347674 0.6716954958354938
0.06999888928066125 0.6709178917489208
0.07099879804489077 0.6703125251522691
0.07199878150143141 0.6695618127880409
0.07299885956863719 0.6687087493690782
0.07399874698376956 0.6680710229073028
0.07499874266190412 0.6672758190362519
0.0759987963601596 0.6665185172372617
0.07699876318094018 0.6658521466313205
0.07799865112108229 0.6651484568866589
0.07899860978512223 0.6644346150081268
0.07999869852422604 0.6638104998773513
0.0809985881455861 0.6629116219964886
0.08199862446637973 0.662331660452377
0.08299859699308326 0.6615509944336645
0.08399848787305819 0.6607695322144598
0.0849984847149185 0.6600699440650467
0.08599857599637757 0.6593891496583
0.08699859454136757 0.6587796660796053
0.08799863865168314 0.6578573189673816
0.08899850460465175 0.6570925787556506
0.08999854031778748 0.6565354754554429
0.09099832927234841 0.6558646648127735
0.09199851136817176 0.654963182622657
0.09299849567990762 0.6544362094666822
0.09399846419463932 0.6537154379307891
0.09499846975514108 0.6528283667380492
0.09599823823647535 0.6521630335142197
0.09699830394809654 0.6514150095536319
0.09799840732637524 0.6507711448281986
0.09899843475884759 0.6501230696448744
0.09999834026457381 0.6492996496056056
0.10099821230367571 0.6486294640676068
0.10199829686009892 0.6478102402485297
0.10299825988798549 0.6470832496305757
0.10399835957117476 0.6464919162523594
0.1049981973446603 0.6456245826832961
0.10599829194485551 0.6450321248657122
0.10699815146876368 0.6441398939732549
0.1079981586694215 0.6435552782959818
0.10899813743223236 0.6427502863566739
0.10999821819695228 0.6420679236675453
0.11099813092062857 0.6413353529212099
0.11199820169283783 0.6406318495530353
0.11299810567180753 0.6399963214495868
0.1139980729295352 0.6393386606987345
0.11499783972845314 0.6383952722593369
0.11599808900655904 0.6377083522278849
0.11699788473056195 0.6370501144719434
0.11799793063068982 0.6362195712917693
0.11899799728866368 0.6355291974773964
0.11999824218328635 0.6348330018307948
0.12099784945770004 0.6340374626275825
0.12199792417266062 0.633439545905024
0.12299776978498972 0.6326055943829821
0.12399795942931083 0.6320907872365062
0.12499780925809388 0.6311886989999265
0.1259978310838066 0.6304840561434778
0.12699804428763412 0.6299053307827938
0.12799794633764255 0.629270263147048
0.1289979642046624 0.6283796411789735
0.1299977832525139 0.6277011141769622
0.13099786170335215 0.6268420136787206
0.13199768995511788 0.6263390773620126
0.13299772529507034 0.6254550257975483
0.13399792614093323 0.6247664558423771
0.1349978398466929 0.623941211824455
0.13599777041087527 0.6234043344401042
0.13699761708608726 0.6227150534675322
0.13799764231010989 0.6218471142959007
0.138997739309638 0.6212228833665607
0.13999773865444815 0.6202636550650382
0.14099755161688987 0.6197671922782657
0.1419977715890178 0.6189812620596844
0.14299761124072802 0.6182466043531161
0.14399753780132496 0.6175285959213309
0.1449975853737231 0.6169020839438167
0.14599768548175648 0.6160435695760414
0.14699774869904803 0.6154226001400641
0.14799730056427118 0.6146194763891777
0.14899758874584745 0.6139601914829017
0.14999751590511726 0.613280958784436
0.1509975680756494 0.612470470915616
0.15199727769557034 0.6117530372831971
0.15299738344499186 0.6110553379625141
0.15399747902975902 0.6104027414809874
0.15499722304885322 0.6095814722429321
0.15599735189754088 0.608913665285005
0.15699725450967678 0.6080385947781733
0.15799749711287733 0.6074310317939344
0.15899711828117527 0.6066891749398217
0.15999731832324707 0.6059560129046502
0.16099715467734826 0.6053317747889166
0.16199709755542915 0.6045705409817484
0.16299731784363408 0.6038070793927985
0.16399728651833081 0.6031050595799586
0.16499737660462702 0.6023552416150348
0.1659972181015113 0.6016384286765903
0.1669972487151085 0.6009472577252121
0.1679973726376885 0.6002101501723146
0.16899709089703552 0.5994453675522878
0.16999726724496844 0.5988990399783143
0.17099716588421424 0.598072235036974
0.17199740361350876 0.5973930551855813
0.172997261563182 0.5966242160211299
0.17399718092149036 0.5959334550260547
0.17499716694894804 0.5952912390843258
0.17599700070424656 0.5944561580064975
0.17699723463704276 0.5937713549217807
0.1779970112015282 0.5931382418443518
0.17899693559454677 0.5922385173579288
0.17999711113679104 0.5917111172105066
0.18099711293150544 0.5909928131235428
0.1819968399230911 0.5902010875563577
0.18299720178154888 0.5893989868723518
0.18399676815041632 0.5888425256460724
0.18499672720353863 0.5879329179615247
0.1859967359329544 0.5871521229434994
0.18699679122249097 0.5866088612033354
0.18799656037924356 0.5858271247776256
0.18899684206468997 0.5851040336063696
0.18999692470046603 0.584309822062832
0.1909968333851007 0.5836970467349097
0.1919964375288743 0.5829495659906545
0.1929966106113841 0.5822924735373842
0.1939966068743759 0.5815297395261846
0.1949967200704161 0.5807560258452056
0.19599674600438108 0.5799194450707347
0.1969968278101603 0.5794191760877448
0.19799633497091654 0.5786453240921904
0.19899665428655305 0.5778084060730241
0.19999655285713497 0.577235574706423
0.20099654708839412 0.5764395993042958
0.20199656676985547 0.5756822175162668
0.20299669390055533 0.574929833189181
0.2039966191104633 0.5742976946422638
0.20499652832686882 0.5735682100251994
0.20599654314160248 0.5727798826357257
0.20699670402216996 0.5721375103603276
0.20799636355768072 0.571337184221986
0.2089965485691161 0.570598514754915
0.2099963003046422 0.569998440170709
0.21099671403318015 0.5692485242998018
0.21199640242262666 0.5684062612256453
0.21299658285264791 0.5678082242450813
0.21399664905378077 0.5670616685605706
0.2149962410776655 0.5662364334350993
0.21599642946314582 0.5656107923589587
0.2169962043042595 0.5649149991599596
0.21799628462172774 0.5642110486892788
0.21899630582196988 0.5634431592154424
0.2199966404734989 0.5626516433483246
0.22099665708852334 0.5620394215214298
0.22199652743384105 0.5612787874843036
0.22299621939053263 0.5604287488101763
0.22399667391864234 0.5598376753710435
0.22499617468637842 0.559209942513645
0.22599606053539426 0.5584457070242765
0.22699606336179529 0.5577193943675713
0.2279962034142654 0.556896587028708
0.22899611806701164 0.5562636909012496
0.22999624203865723 0.5555429744868331
0.2309959986841735 0.5548075727959488
0.23199625773445054 0.5541948392292733
0.23299599938062465 0.5533640374944869
0.23399594888104552 0.5526137406420829
0.2349960126175136 0.5518623578891129
0.23599577341426123 0.5512352830056391
0.2369962969055143 0.5503735780464415
0.23799583714461658 0.549756253311669
0.2389963186313991 0.548925620012006
0.23999572976426906 0.5483050426567657
0.240996040474144 0.5476780287365198
0.24199596884926658 0.546878030069142
0.2429956455271391 0.5460690207223599
0.24399625544639122 0.5453007846955981
0.2449956759247691 0.5446596183952791
0.2459958437258563 0.543980996561272
0.24699576786752442 0.5433834040300051
0.24799577740554318 0.5424537328481177
0.2489958132092247 0.5418553874715715
0.24999573068496184 0.541080561915289
0.2509958284230053 0.5403722157927119
0.25199569569039987 0.5397616437594196
0.25299574338566205 0.5388790673485879
0.2539957499558964 0.5380610076342545
0.25499552717712964 0.5374632267321456
0.25599607656161993 0.5366900302697559
0.25699558760874736 0.536133851659189
0.2579956306127206 0.5352425973075333
0.2589958901401262 0.5345092452231014
0.25999595361349187 0.5339903171641895
0.26099524566165455 0.5332307730172277
0.26199545261942087 0.5325136806702219
0.2629955977329986 0.5317119573751726
0.26399538704505376 0.5310260986251112
0.26499553215059213 0.5302193326342767
0.2659960110816221 0.5294984228374747
0.26699561016777895 0.5288470826269364
0.2679952103678349 0.5281013408055466
0.26899572136186367 0.5273100026988824
0.269995350182511 0.5266548602927154
0.2709956571175408 0.5260264331468119
0.271995660731773 0.5251918010533816
0.27299586943223264 0.5244974100699434
0.27399556200302705 0.5237699389917249
0.27499516000281576 0.5231214265368536
0.2759957232036687 0.5222725671951355
0.2769956105901928 0.5215941245636588
0.27799518864485834 0.5208882146930263
0.2789954196912863 0.5202481780232175
0.27999519798826883 0.5194446958730484
0.2809950488773461 0.5187909577116203
0.2819952402551157 0.5180614607372611
0.2829950201712813 0.5172904805333162
0.28399522265673044 0.5165631149200849
0.2849949865771642 0.5158396005050467
0.2859948096656547 0.5150766415731999
0.2869951971142455 0.5143997960853143
0.28799523237094377 0.5136822085833946
0.28899556158026657 0.5129928040971785
0.28999500810193163 0.5122159144909093
0.290995212727957 0.5114041985239095
0.2919947645466157 0.5107300041447713
0.29299517224207955 0.51002154320787
0.2939951670791316 0.5093905112886039
0.2949950256309539 0.5085799545350558
0.2959950232073216 0.5077923508476817
0.2969951331827744 0.5071979301651515
0.29799504142683336 0.5065541831546159
0.2989949990762659 0.5058159733873209
0.2999949564957007 0.5051160480908176
0.30099482709759134 0.5043356144161595
0.30199494875992805 0.5036563677930285
0.3029951575574851 0.5028698603305584
0.30399481026153924 0.5021182659947984
0.3049951582654383 0.5013750113753104
0.3059952317193786 0.5006031026039753
0.3069949005990427 0.49990088189092186
0.3079950668217408 0.4992792792743122
0.30899491572840154 0.498573305355163
0.3099952540881412 0.49775602848265643
0.31099430940439377 0.4969746871179036
0.31199484178145087 0.49638422879260136
0.3129946143202318 0.4957154124564415
0.313994714760953 0.4948857651145415
0.31499520765048156 0.49425456227181847
0.3159950038454387 0.49352267305548225
0.31699476552993655 0.49276787286402296
0.31799444681479017 0.49207773189188714
0.31899447440119816 0.49129200903479703
0.3199944592727465 0.4905569192935263
0.32099431400414274 0.48986834532593027
0.3219947050355869 0.489135574479535
0.3229946460056809 0.48848041568273065
0.32399472005879454 0.48773847696593403
0.32499461129026286 0.48695412819461376
0.3259945008753271 0.48628861885546754
0.32699427842221157 0.48552656111620385
0.3279944999484705 0.484850132536489
0.3289945891493307 0.48409840869428633
0.32999446274525324 0.4833499772392374
0.33099444262247213 0.48256997265682683
0.3319943917699791 0.48193568921556873
0.33299440258864893 0.4811904863697702
0.3339945126532545 0.48049129144535274
0.33499422239123433 0.47981020361308924
0.3359940841800576 0.4790276905167449
0.33699421472998126 0.4783381946831261
0.33799462527593643 0.47760819921716813
0.3389944246205176 0.4768754560868013
0.33999458909842484 0.4762359354328597
0.34099445509017273 0.4753994555540547
0.3419941319434771 0.4746753706875992
0.3429942924903999 0.4738993697305633
0.3439937901654231 0.4732322811600351
0.34499432288092213 0.47252563534916625
0.34599415464267097 0.47189560863863544
0.3469947165122403 0.47111090374397097
0.3479944565380914 0.4703674047271253
0.34899406413419104 0.4696697496301019
0.3499939850290293 0.468924030701764
0.35099399096788414 0.4682004166407879
0.3519940981221318 0.46754703375340007
0.35299370538541225 0.4667621677932125
0.353994358571287 0.46604371607497047
0.3549939618999119 0.46535621111251135
0.3559941420716148 0.46461175126713156
0.3569937703304337 0.4639199511834121
0.35799393347951586 0.46318363619323066
0.3589931870665078 0.4624262941389739
0.359993963519744 0.46175443503825847
0.3609939664402815 0.4609946303469618
0.3619934898595383 0.46033357314247453
0.3629942096947969 0.4595333768524299
0.36399416973852267 0.4587868512762929
0.3649939574619462 0.45823835832435544
0.3659941213947249 0.4574272546902701
0.36699386450676286 0.45674871383016175
0.36799388773431607 0.4559762218611652
0.36899332579513866 0.45524029119946896
0.36999375559365866 0.45453341628777594
0.370993343501481 0.4538836442260853
0.3719939980887203 0.45303512039036703
0.37299373064669006 0.4522691474939125
0.37399406359456555 0.4516574634710979
0.37499372717465496 0.4508784502122423
0.37599351521622437 0.45025971080284716
0.37699403748491866 0.4495055652367731
0.377993534284311 0.4487117811234983
0.37899406992645013 0.4480104614901728
0.3799930694990555 0.4473567301335403
0.3809939707385222 0.4465493505775945
0.3819938669208909 0.44581914872234774
0.38299382162600165 0.44510414123195113
0.3839939854309795 0.4444559536606769
0.3849940703672923 0.4436812256905093
0.3859932081607156 0.4428797172470958
0.3869932206560413 0.44227506582783244
0.3879930871144627 0.44145182437376623
0.3889935132861698 0.44075876097351324
0.3899936871799509 0.44006493362262267
0.3909934111743731 0.4393664545915302
0.3919930893487118 0.43869314091373707
0.3929933117801915 0.4379512674741761
0.39399332872417353 0.43715650987318583
0.3949933059315721 0.4364956153399999
0.3959933211915839 0.4357354290035576
0.39699397742476084 0.4349228114309054
0.3979937149149854 0.4343559746671222
0.3989931358902937 0.43347578749840215
0.3999930631024051 0.43281787815270323
0.40099342322092585 0.43209434791443574
0.40199296263821027 0.4314939223540613
0.40299321023576556 0.4306710868280874
0.40399345078861176 0.4299937235163558
0.4049933068869057 0.42927465535257825
0.4059932318003951 0.4285448061688175
0.4069928950088876 0.42788435068441205
0.4079930739272284 0.4271291866405431
0.4089936036150896 0.4263947946481912
0.40999367902837275 0.425661293077397
0.41099298079835445 0.42491394133222604
0.4119932765829417 0.4242793670831594
0.41299258153637347 0.42351566190004436
0.41399352139987583 0.42278166968467173
0.4149929830870644 0.42210855040527695
0.4159930914593159 0.42124728545758794
0.4169937497099208 0.42061135818023104
0.41799291970087693 0.4198927680353641
0.41899314136176724 0.4191200374369075
0.4199922891567444 0.41851820961014247
0.42099309735305046 0.4177035177387282
0.42199263057518727 0.4170048824155819
0.4229928768279378 0.4162871108247669
0.42399286883844045 0.4155520372884824
0.42499292287906665 0.4148658139859534
0.4259924110836933 0.4141287470151962
0.4269931325672501 0.41337666696255326
0.4279929475331749 0.4127222035014824
0.42899273071007976 0.41195029314288023
0.429992844759882 0.41126834475377505
0.4309930466974132 0.41052799523747263
0.4319921762075157 0.4098179308390325
0.43299280563108694 0.40906589977727964
0.43399253574677177 0.4082468539045467
0.43499226254903406 0.4076744325113743
0.43599279895901427 0.40693315775691286
0.43699297003923293 0.40613872502028747
0.437992633164221 0.40542883611479874
0.43899267395597646 0.4047048148014032
0.4399926876703741 0.4040087900481981
0.44099301756213016 0.40329704029530783
0.44199252850292803 0.4025957401738484
0.4429926198144148 0.40183936168755596
0.44399249531532997 0.4011633663668759
0.4449926396194209 0.400428033114043
0.445992753688455 0.39966771906021703
0.44699258359736593 0.39898416988548857
0.44799269135578 0.3981769875677631
0.44899246064874254 0.3975799151283312
0.4499923561264971 0.39680885097056606
0.4509922871944528 0.3960463491137273
0.4519927842073087 0.39539193855655624
0.4529924711896755 0.3946911445502213
0.4539916361384324 0.39391366686395085
0.4549925427723414 0.3931877766795081
0.45599237826029737 0.3924187655184817
0.45699288739390903 0.3917689155156053
0.4579918245582721 0.39107688490135856
0.45899239320926843 0.39028193647735426
0.45999248231090334 0.3895789131847084
0.4609928583450415 0.388870249386144
0.4619923553591676 0.3881152598066226
0.4629918150865577 0.38740342721498183
0.46399188785251133 0.3867122177121784
0.46499241611188347 0.3859450569687497
0.4659926404475647 0.3852439597348592
0.46699181299533504 0.38440305326292207
0.4679924827305567 0.3838375244108382
0.4689923880239263 0.3831315999425282
0.46999221988137707 0.3823490356991149
0.470991725929088 0.38169116976013756
0.471991775320048 0.38099215361985167
0.4729928269721489 0.380163517482952
0.473992394947124 0.37947079686379087
0.4749927909419157 0.37881670650865334
0.47599207040522973 0.37802930385427197
0.4769927048739676 0.37729947020516647
0.47799169380746065 0.37653939266917374
0.4789922855022841 0.3759615866570897
0.4799919615319182 0.3752140621401635
0.4809921924207442 0.3743786422667156
0.48199206901254754 0.37373357285162945
0.4829917248462243 0.3729816287468038
0.4839920599697288 0.37229871348889865
0.48499150248398815 0.37150726440028736
0.48599149928405044 0.37082020650044234
0.4869917041079384 0.37009360055908613
0.487991837065168 0.36938595128860796
0.48899208930499255 0.3686556245251188
0.48999137576446444 0.367903193029096
0.49099256307648215 0.36720821560022243
0.49199188957101664 0.3664284750821955
0.4929916451099371 0.36575400745939457
0.49399260989495725 0.3649727780849818
0.49499133305238485 0.3643500433816751
0.4959915957979178 0.363636601081521
0.49699205560897947 0.36284377506585824
0.4979911328020811 0.3621703157251341
0.49899233702219614 0.3613834813955009
0.49999108894448396 0.36072870882822505
0.5009916521666791 0.3600129581425692
0.5019910057172943 0.3593308556872858
0.5029913490393492 0.3585653607603442
0.5039914710216391 0.3578812719959538
0.5049918358417634 0.3570831491440387
0.5059916931220726 0.35639593004412523
0.5069915563107353 0.35568097261525716
0.5079922481434528 0.35495356929842253
0.5089911739624715 0.3542130503088234
0.5099916844768423 0.35353910401824956
0.5109916433284268 0.3528776284726432
0.5119914128375367 0.3520387954488695
0.5129909594980621 0.35134218361735525
0.5139912037094294 0.35058663748531704
0.5149922314705575 0.34989743268912815
0.5159914522096841 0.34924822135712746
0.5169914150773846 0.34848898397362954
0.5179908920389896 0.3477628222827445
0.5189921165330187 0.34706591513423285
0.5199907937407443 0.3463270429237985
0.5209908590864945 0.3456389884384515
0.5219911444257002 0.34483049139523303
0.5229907701337805 0.3441650520910375
0.5239903254114818 0.3434126599805637
0.5249911794130221 0.34267797007860307
0.5259911601308654 0.3419711851438688
0.5269911162218455 0.34123033071801484
0.5279917922052931 0.3405316884583472
0.5289910257754409 0.3398712319484796
0.5299907381818599 0.3391049814645698
0.5309906581507895 0.3384173463726715
0.5319911370927464 0.33763928962115775
0.5329911495041185 0.3369510913532863
0.5339911092376938 0.3362174958720447
0.5349911261235599 0.33547698579210866
0.5359911154313285 0.3347318456905509
0.5369918099194141 0.33406629430785906
0.5379911654449983 0.3333067191277684
0.538990886348484 0.3325875639023768
0.5399912225058202 0.33192905531504585
0.5409909509046975 0.3311634227245012
0.5419913148315917 0.33037738472385353
0.5429907508309533 0.3297162123584083
0.5439905941533406 0.32907073094218187
0.5449906438830973 0.3282959282967164
0.5459904867065112 0.3275691971891924
0.5469912144966601 0.32679996576816006
0.5479910436558489 0.3260501671053585
0.5489913656805449 0.3253636277273293
0.5499905554152839 0.3246511934780743
0.5509906836278348 0.32386307894922534
0.5519913255191822 0.323183410507167
0.5529906309333957 0.32244854935157713
0.5539911669988938 0.32176444624252026
0.5549908539308905 0.32104088383831214
0.5559904789554597 0.3202936837848005
0.5569906779188808 0.3196413171248262
0.5579896988718861 0.3188521539799099
0.5589916754928034 0.31818942363848557
0.5599906833203923 0.3174853520263148
0.5609904593309892 0.31669929293347027
0.561990979312073 0.3159768867589871
0.5629909982499359 0.31525554346529355
0.5639894727338114 0.31445821340506763
0.5649899969353457 0.3138250703263894
0.5659902059173884 0.31313256939359907
0.5669902195975132 0.3124297513907885
0.567989960608922 0.31169233153324144
0.5689903566238255 0.3109385235679637
0.56998991114933 0.310257195538119
0.5709903402590198 0.3095019295391679
0.5719901135185989 0.3087807166166032
0.5729906312814872 0.3080821497731911
0.5739904680830348 0.30741279220852696
0.5749902831201442 0.3066158118058573
0.5759906605321065 0.30589864485676305
0.5769904838988218 0.305153403115679
0.5779905530867379 0.3044725774010588
0.5789896550474971 0.30376503627094903
0.5799901136015679 0.3030075047147819
0.5809898360608723 0.3022588351310243
0.5819905241360384 0.30154938508426193
0.5829902062125996 0.3008786917459635
0.5839907296051523 0.30010342758221287
0.5849907167922378 0.299390049150936
0.5859902265216889 0.2986732620897531
0.5869898369522157 0.29794619243509707
0.5879897459235222 0.29726851251425335
0.5889903034396377 0.2965429864565132
0.5899903454689961 0.29587298164479203
0.5909902681392198 0.29507723358568555
0.5919892544867343 0.2943361317042034
0.5929910260895118 0.29360928042877743
0.5939896044570359 0.2928883373490487
0.5949902359231778 0.2922042352487848
0.5959903053929888 0.2914762810172287
0.5969895409965359 0.2907816029125157
0.5979897825569979 0.2899867545712795
0.5989909122901823 0.2893078242612083
0.5999901106577205 0.288590891026534
0.6009900374118053 0.28785015040595285
0.6019895711728098 0.2871522634678776
0.6029896505447184 0.28638946787701075
0.6039906128556767 0.28569272374291454
0.6049908026207893 0.2849980863219325
0.6059897492137868 0.2842796761157388
0.6069890612890212 0.28351736653003873
0.6079898839006794 0.28276599896256793
0.608990413613395 0.28213624022426437
0.6099896598341569 0.28135527354061307
0.610989707880124 0.28061093057130293
0.6119894452522222 0.2799087183816527
0.612989943461408 0.27918189022776063
0.6139903631922338 0.2784666502237735
0.6149901011024941 0.27771230734365787
0.6159896077859646 0.2770478953493494
0.6169898190330603 0.276228447601318
0.6179899179617079 0.27556541122417044
0.6189908699794219 0.2748954430971276
0.6199901799226897 0.27412281409144207
0.6209894977038175 0.27339463714828105
0.6219895996944145 0.2727269462026418
0.6229889362847268 0.2719447025896464
0.6239895945081323 0.2712802409724422
0.62498967133149 0.27053282358503267
0.6259886035982174 0.2698124477470553
0.6269895347589246 0.26906540915622745
0.6279895398161376 0.26832591739089523
0.6289890428708786 0.26769273357825857
0.6299889323224535 0.26694222413286506
0.6309894881108896 0.2662537028538442
0.6319890878965326 0.26548345115874383
0.6329900136025743 0.2647853763582923
0.6339892171093426 0.2640216513188306
0.6349896550152204 0.2632905429772582
0.6359894708656684 0.26263605707184023
0.6369894510252517 0.2618896681797138
0.6379897014319953 0.26116617203246534
0.6389896730156187 0.2604645427977362
0.6399894083858061 0.2597236431693578
0.6409889110964053 0.2590097065808321
0.6419897221483181 0.2582863025892974
0.6429893624609152 0.2575250271498726
0.6439894115058082 0.2568466181756653
0.6449889091777549 0.2560959880644613
0.645988186079273 0.25539896171199905
0.6469888522751743 0.2546753388344959
0.6479891871168085 0.25395481492940175
0.6489887931126359 0.2531907625270003
0.6499895165664973 0.2524940450643145
0.6509892454895381 0.25178574606100956
0.6519888663890702 0.2510755581512016
0.6529889942809738 0.25035076838334047
0.6539892286985387 0.2496372422814903
0.6549896501167911 0.24893097193026345
0.655989954628632 0.24819762718436397
0.6569884821956742 0.24747887357726617
0.6579895503816601 0.24674872321152033
0.6589888347293604 0.24601748025447523
0.6599898503866396 0.2452597973821628
0.660989366725497 0.24456143892567042
0.6619885255823997 0.24383945527454592
0.662989088982252 0.24314394355498534
0.6639895497554616 0.24242722509464787
0.6649891511828535 0.2416392801904747
0.6659882574921886 0.24097531752717188
0.6669887887759954 0.2401982042476356
0.6679893970837969 0.23956304499115091
0.6689888659776364 0.23877674372014743
0.6699889471385391 0.23806145350175142
0.6709888394510565 0.2374179145205075
0.6719895166412919 0.23663211002635062
0.6729885952783584 0.2358804621805798
0.673988284428162 0.23519516615885352
0.6749889100557388 0.23445694704872078
0.6759883013053128 0.2337360958252945
0.6769892825553245 0.2330150821738901
0.6779890058134886 0.23231210710617234
0.6789881883060611 0.23154886895256696
0.6799886435516391 0.23086816026763146
0.6809889609440998 0.23013828501722772
0.681987682504476 0.22945530710287385
0.6829889835385368 0.22868260768023616
0.6839882154229592 0.22798734763516046
0.6849884790898351 0.22723286507706597
0.6859887280944899 0.22657393520990568
0.6869891344744168 0.22576178454290927
0.6879884815612337 0.22505470778811396
0.6889883269959349 0.22436431915187605
0.6899879748532948 0.2236518632564181
0.6909883195538123 0.2229596693092056
0.6919890942643477 0.2222250218919781
0.6929888510789974 0.22151950050645414
0.6939880352765863 0.22078344590898524
0.6949886005241751 0.2200485817407023
0.6959882537729709 0.21932924319837638
0.6969883464994049 0.2185696514824925
0.6979875707136398 0.21790537499545615
0.6989883719668927 0.21720583659276235
0.6999883575644963 0.21640677992121882
0.7009885487696239 0.21573033325367252
0.7019890285284388 0.21499511015062736
0.7029883296806162 0.21426481627509003
0.7039881560405147 0.2135332547220352
0.704989007699945 0.21282843455627135
0.7059883403866654 0.212089755531285
0.7069878710273074 0.21139845393061807
0.7079884222268793 0.21068319699838112
0.7089878347127525 0.2099601814198427
0.7099881322896902 0.20921122243844187
0.7109864908612873 0.20847832188345838
0.7119875827105905 0.20779006510913275
0.7129878360405467 0.20702381447222779
0.7139883195355119 0.20629897460464658
0.7149885966904385 0.20566227503023204
0.7159873887626732 0.20492661105745968
0.7169879514476191 0.20417183389146373
0.7179876406981693 0.20344231583595881
0.7189879469553234 0.20271850934051017
0.7199878926100478 0.20202545805393549
0.7209876915121142 0.20125425936717697
0.7219885287242306 0.200573586472124
0.722987271579953 0.1998658048866674
0.7239883921987788 0.1991148076469731
0.7249883409434977 0.19838992800753083
0.7259884936019185 0.19768089949357154
0.7269871332151548 0.19695915103077852
0.7279884978952681 0.19625837528085524
0.728987801654134 0.19550289713114558
0.7299884158375421 0.19478104374712213
0.7309874753782535 0.19407764796780327
0.7319889999897432 0.1933448530357695
0.7329878240826386 0.19261803107865438
0.7339880826821384 0.19190941074258597
0.7349875020950448 0.19121456624699434
0.7359875336160693 0.19046779328503674
0.7369873303965708 0.1897427557927877
0.737987150684246 0.18897783125307643
0.7389873357094618 0.18830248804016772
0.7399872242099663 0.18754985160802523
0.7409873343914035 0.1868511304168174
0.7419875518506921 0.1861328627064
0.7429870915025945 0.18540131609228025
0.7439876478819072 0.18466678353354937
0.7449883343422372 0.1839529478682199
0.7459883108795579 0.18323127661390184
0.7469880738290832 0.18252589226626825
0.7479878206915538 0.1817854711760826
0.7489864230989283 0.18106470644108089
0.7499876089009351 0.1803609737089999
0.7509866150347261 0.17964627985346593
0.7519864493789553 0.17891067557822826
0.75298733768483 0.17817110540339737
0.7539876000097918 0.17749533256001881
0.7549873038871694 0.17675522021412965
0.7559879915192111 0.17605206801226506
0.7569875842829866 0.1753383613869466
0.7579867036312136 0.17459895423423427
0.7589869897988919 0.1738742239597753
0.7599865194480283 0.17315167181953917
0.7609866169628028 0.17242576700093468
0.7619873886190643 0.17168147502946657
0.7629879071109751 0.1709793659659611
0.7639874339868595 0.1702479793588643
0.7649870036665551 0.16954419126280754
0.7659873607489823 0.16879965755647247
0.7669866187997485 0.16810382813514016
0.7679874185147072 0.16738193568113843
0.7689874156722646 0.16663404013404992
0.7699885343559492 0.16594566077160317
0.7709866413178533 0.16523063851476802
0.7719876641141981 0.16449557598690492
0.7729878052855902 0.16376110663197938
0.7739868508776352 0.16305158606237644
0.7749866693467754 0.16231189195752113
0.7759870333999581 0.1616183925094691
0.7769879532745221 0.16088981147605277
0.7779859362415463 0.16016631700908554
0.7789873856758794 0.15944934394084886
0.7799871054065813 0.158746600317847
0.7809865721349548 0.15798635722260299
0.7819869660419849 0.15730227515647666
0.7829873164244111 0.15656161979460945
0.7839876835409907 0.1558311155461576
0.7849871320501814 0.1551168435924507
0.785986718913829 0.15439699410247357
0.7869872671508634 0.15367242624750985
0.787987832983805 0.15294317473173966
0.7889873483459986 0.1522102210664985
0.7899882927356757 0.15149796763776424
0.7909869030548554 0.15077199418364862
0.7919858662149405 0.1500657163279276
0.7929863867861288 0.1493549285871204
0.7939875535578335 0.1486088492285671
0.7949860722068128 0.14790610725607195
0.7959866772335396 0.14717185347717465
0.7969866559603497 0.1464226278634412
0.7979854577251055 0.14572398552414073
0.7989867674613567 0.1450066522807961
0.7999869517801201 0.14429877381682313
0.8009865133352367 0.14355688732752825
0.8019869942324854 0.1428456285498343
0.8029866246776276 0.1421138077106784
0.8039867052161848 0.14140323245829076
0.8049874225148445 0.14070565825780812
0.8059858911768316 0.13996268743699694
0.8069871265698375 0.13923026209324008
0.8079869943116187 0.13850464256709882
0.808986007460898 0.13777344261294006
0.8099858335026475 0.1370622524823255
0.8109867135697147 0.13636793137568312
0.8119851062460938 0.13563815371594032
0.812987490691433 0.13489912944544166
0.8139867805011234 0.13416023416732603
0.8149860984809835 0.13347646830230137
0.8159865407521053 0.13275686741346565
0.8169867007933486 0.13201087136052503
0.8179856084017944 0.13128845508391115
0.8189858276972157 0.13058413934265614
0.8199853940504652 0.12987353010307323
0.8209867049452535 0.12914471611815106
0.8219847064830259 0.1284161009701786
0.822986589637565 0.12767426681946484
0.8239869373411638 0.1269817811002836
0.8249862765725542 0.12625199061632147
0.8259854557293629 0.12552421689750395
0.8269869766872644 0.124808461723586
0.8279871008973241 0.12406104210541963
0.8289868512723838 0.12337392744755342
0.8299862798103274 0.12264031582733258
0.8309861500290697 0.12190791954533786
0.8319863434041052 0.1212134671797298
0.8329866265314749 0.12048325981798158
0.8339867836531225 0.11974734709947203
0.8349863352368551 0.11904145750979314
0.8359861487388095 0.11831570952259864
0.8369860140186659 0.11758448667271269
0.837986926613558 0.1168605642336885
0.838986851812243 0.11614662881448588
0.8399853933069079 0.11545409930316995
0.8409862162735401 0.11473346706488641
0.8419858693930939 0.1139849052754162
0.8429865073195965 0.11326288710159847
0.8439859004246918 0.11253536257994493
0.8449855921306313 0.11183951383003218
0.8459861525747331 0.11111026899882118
0.8469858724347424 0.11037503502597332
0.8479846594235414 0.10964647556246275
0.8489858426317697 0.10892108958452143
0.8499857622083898 0.10818917262654211
0.8509853017789439 0.10750260943357182
0.8519853385111597 0.10676716918093948
0.8529861881237583 0.10603530480991746
0.8539859413131661 0.10533875821881879
0.8549851197590446 0.10461549307745123
0.8559857408775372 0.10388971022418984
0.8569857833095392 0.1031577444290499
0.8579857301708327 0.10245003589759695
0.8589854336132248 0.10171377216087174
0.8599863097825574 0.10098621178127917
0.8609855298248386 0.10028497058054163
0.8619857050303367 0.09957030834647196
0.8629863977712617 0.09883143113818237
0.8639864461741329 0.09813710297795682
0.8649854888883356 0.09738774706235463
0.8659847319442677 0.09667034429625186
0.8669844381378735 0.09593741860507124
0.8679847180545948 0.0952312806054172
0.8689855580617393 0.09450825231623163
0.8699862245671506 0.09380125228257817
0.8709841661390405 0.09305996742526751
0.8719853090226204 0.09235283679125994
0.8729859286228109 0.09162854336606695
0.8739841587149506 0.09089388492768204
0.8749861450380264 0.09018839880381849
0.8759859469130283 0.08945092873150233
0.8769851295315829 0.08874528014990185
0.8779860618829078 0.08801564139599108
0.8789856851929289 0.08728030991701366
0.8799844466929491 0.08657578876706859
0.8809858291449223 0.08585443295383982
0.8819857845432048 0.08512941767202335
0.88298579574379 0.08442358303398599
0.8839865019364332 0.08368797111225636
0.884984876666487 0.08296535595807922
0.8859845272713236 0.08222607237302039
0.8869853148917766 0.08152645481290408
0.8879863533075518 0.08079656363228316
0.8889860291471506 0.08008699089884438
0.8899854481116852 0.07936183593094395
0.8909852539867789 0.07864170128606317
0.8919853825249053 0.07791194401740978
0.8929843765573576 0.07720386258007668
0.893985253059687 0.07646807540994784
0.8949855100026711 0.07574792159183219
0.895984010307077 0.07503332289884679
0.8969835620380431 0.07431282195305863
0.8979853825158526 0.07359847468445481
0.8989858086210447 0.07285270878971199
0.8999841487484327 0.07214035663216532
0.9009849390488631 0.07142626974151599
0.9019856071316241 0.0706996322062653
0.9029862416972263 0.06997829148442591
0.9039841925534303 0.06924809229333485
0.9049838834310525 0.06854700188258055
0.9059853303645103 0.06781157356938207
0.9069842396322617 0.06709380712146805
0.9079856901587794 0.06637704657867549
0.9089850781471238 0.06566715519495653
0.9099842238754122 0.06493326424273388
0.9109852539646801 0.06420997087162411
0.9119839184017905 0.06349173533049308
0.9129838308448166 0.06275915907859848
0.9139854970837455 0.06205117718268477
0.9149850825694955 0.061310925800054775
0.9159835873026931 0.06060161502041297
0.9169848706782661 0.05988469813991385
0.9179853310023359 0.05915048914286618
0.9189844781445026 0.058451416160594925
0.9199842912979795 0.057712055370186435
0.920984121401855 0.05699166903694286
0.9219852781338029 0.056283802226376536
0.9229859481988245 0.055555220705677935
0.9239835198806648 0.05482676802316879
0.9249849708313852 0.05410626516352558
0.9259846132678126 0.05338087208805003
0.9269846074050598 0.05266565315229539
0.9279846008599426 0.051947993970354385
0.9289846309759384 0.051221022067577705
0.9299835822487824 0.05049603971956962
0.9309844664099305 0.04978098558171613
0.9319838805685987 0.04906221430315724
0.9329843955680023 0.048333904329935846
0.9339856552234137 0.047617724552785574
0.9349857543197911 0.04689283891716157
0.9359832689154506 0.04617166329267385
0.9369854409074981 0.04545000888156006
0.9379848733905423 0.04473463185203521
0.9389834342211376 0.04400451999812662
0.9399840431654306 0.04328736242244433
0.9409846641205963 0.04256666181989825
0.9419846624159915 0.04184858118504688
0.9429846920163137 0.04112498115452345
0.9439852459355841 0.04039759274962024
0.9449851262300677 0.03967587799333163
0.94598404262425 0.03895729763863395
0.9469831272949432 0.03823939917315037
0.9479834483938372 0.03751306467431685
0.9489861556007995 0.03679416714127071
0.9499850331138627 0.036072641088672974
0.9509835677470424 0.03535397877361608
0.9519822739401387 0.03463291318068061
0.9529845227090189 0.03391173770069393
0.9539828049593347 0.033187595813202096
0.9549833764397782 0.03246876057286222
0.9559841876111467 0.0317459945909139
0.9569844420379586 0.03102024950647442
0.9579835222610938 0.03030008889119709
0.9589835290038838 0.02957248237079871
0.9599848760461888 0.02885954456731044
0.9609827218810287 0.02813794857533948
0.961983713037875 0.027419013074197182
0.9629842825281066 0.026690797297986277
0.9639842956512468 0.025972705857974166
0.964984267353111 0.02524976685566534
0.9659843537141608 0.024532213316743386
0.9669829809041105 0.023806749057099293
0.9679830836949059 0.023087805516683827
0.9689837595496941 0.02236697873831677
0.9699845205745601 0.021642739141084465
0.9709839083572398 0.020925118627829135
0.9719837800651902 0.02019814274181862
0.9729826263488502 0.019478389975876628
0.9739842616018789 0.01875770359918422
0.9749850106578907 0.018034319192039548
0.9759828253060321 0.017318327776738855
0.97698183889879 0.016592792148924163
0.9779837464445669 0.01587256396645609
0.9789827344800321 0.015151044370175162
0.9799835574418658 0.01442688751875055
0.9809833321260649 0.013707324795770427
0.9819825759928934 0.012986595673151793
0.9829833674861571 0.012263915579822747
0.983984430041533 0.011542993029791738
0.9849822820927264 0.010822184104021405
0.9859840479631203 0.010099975632848429
0.9869842469836214 0.009377486085008024
0.9879828310666436 0.008656158968462713
0.9889846642624829 0.007934741454230787
0.9899825563611009 0.007214102214727059
0.9909821566150468 0.0064927948103785695
0.9919833257576657 0.005771856332849915
0.9929842346842204 0.005050823647417494
0.9939834889238768 0.004328763420391508
0.9949847976069862 0.003607216511806511
0.995983946868073 0.002885992521507708
0.9969836829652658 0.0021647112291405903
0.9979833818396074 0.0014428563903075681
0.998983122420601 0.0007213660096255474
