#C1_inf,C2_inf
0.0 0.7214098266669322
0.002861850157378054 0.7189066545334464
0.005719574591141696 0.7165762514003934
0.008603831636193049 0.7141492144942289
0.0114355265817353 0.7117996133583909
0.0142383222028577 0.7094772643944205
0.01706759169532235 0.7070361978882301
0.01986217199623852 0.7046073601406672
0.022694014686059027 0.702368223133196
0.025456079793830466 0.6998970731762567
0.028202754082825132 0.6976671689199523
0.031000625937011694 0.6951015139872552
0.033744140358001884 0.6929067579467854
0.03643169000699553 0.69053210774394
0.03920889019355611 0.6882116115044399
0.04194656300994393 0.6859426697363115
0.04462898560864881 0.6837082482321908
0.04737086152508485 0.6812679901503401
0.05000793261207437 0.6790760907979791
0.05264761561650633 0.676787545098769
0.05541204236046526 0.6742468092811319
0.05802315591666374 0.6722693263970858
0.06068675590667072 0.6699130304662292
0.06327359740612182 0.6677495359670136
0.06597770655704704 0.6653749712181714
0.06859182145172149 0.6631858329167778
0.07119295346121868 0.660997700102948
0.07380772338961217 0.658830458831043
0.07633729712577764 0.6564585194491077
0.07894269508493235 0.6543339187785424
0.0814734013651297 0.6521727870071523
0.08404920808151628 0.6498205511437125
0.08668577080167417 0.6476428934808194
0.0891920690185537 0.6454879192534959
0.09175867130708248 0.6433680778263172
0.094309738291675 0.6410219420381101
0.0968462725503294 0.6389573134170563
0.09932276485345692 0.6367178822655866
0.10194373945227875 0.6346049618446555
0.10433692521627236 0.6324981688254513
0.10679385756983861 0.6304200678733838
0.10931240653586205 0.6282530989337681
0.11169948039723265 0.6263046540192405
0.11414418250098068 0.6241734175941865
0.11664802166952315 0.6219770396798718
0.11909494859606329 0.6198316422532433
0.12143235145013986 0.6179029334067667
0.12390782757373076 0.6156246864500382
0.12633796398390829 0.6137761966185599
0.1286509464189105 0.611759429152152
0.13103108627157833 0.6096557590704513
0.1334878686222506 0.6074390568488529
0.1360101933203396 0.6051473629621452
0.13824715614480765 0.6033854923412395
0.14061727262054025 0.6013379654724768
0.14302885568824197 0.59914963664475
0.1453744885143725 0.5972251373853997
0.1476895549794508 0.5951925909776812
0.15000033047862682 0.5931164265997986
0.15242261076464558 0.5910920100055814
0.15456259203727707 0.5890836388224987
0.1569341715191791 0.5874055307051963
0.15916924496758744 0.585432166887677
0.16153850506814094 0.5832146065650693
0.1638752557270846 0.5811617656671031
0.16611854397911652 0.5791878304798262
0.16840820339782703 0.5772678112501534
0.17064723327691433 0.575275803349819
0.17292562921054422 0.5733472105805996
0.17510815639153388 0.5713331110666501
0.17744174191558149 0.5691676773949382
0.17953353029156627 0.5676772931832886
0.1818583468360615 0.5655321941330926
0.1839658818156551 0.5638745933077984
0.18623384172953372 0.5616403062913673
0.18837111490129543 0.5598368620978367
0.19061427151108856 0.5577510824065284
0.19281896811339228 0.5558492571140399
0.19488483445790594 0.5543314368817838
0.1971112997431107 0.5521962287138936
0.19929113195936587 0.5502253418850142
0.20133825165221542 0.5484769394548624
0.20373522935825272 0.5464159038489752
0.20587472410414187 0.5446179219111413
0.20790142731860073 0.5426994176918188
0.20997476770626855 0.5407700222723698
0.21227571315314875 0.5390391723354171
0.21430334100778847 0.5371756820596575
0.21648248208061338 0.5352469894942186
0.21855017544698774 0.5334548818512003
0.22063733381253914 0.5316650445473412
0.22273043377969026 0.529713545799591
0.22482593493472103 0.5279356207659074
0.22687753188765958 0.5260333939049177
0.22891760471240374 0.5243521202695327
0.23100597284481883 0.5225236906621906
0.23315441858559083 0.5205963291382371
0.23507566688430082 0.5188329882131713
0.23713616827435346 0.5170272691432255
0.2392244623356855 0.5152311032510523
0.2412311187027386 0.5134275532271187
0.2431660624426344 0.5116537030541732
0.24525542022028402 0.5098327571308682
0.2473126121542788 0.5081852841840391
0.2493168415627801 0.5063472482878545
0.25124605220962304 0.5046261100791546
0.25326317538881216 0.5027801463084385
0.2552873612819698 0.5009897677039469
0.2573941150400585 0.4992686051282429
0.2591469607383923 0.49756837217591543
0.261005883466921 0.4960714972069479
0.2631346002124838 0.49389235778262053
0.2651244824086233 0.49233022462049203
0.2670608838881837 0.490734826204723
0.2689539481412676 0.4889861198339943
0.27082266870442495 0.4873812112395147
0.272790049108823 0.4855444865771733
0.2746534413305819 0.4839630188316617
0.27669016132402446 0.48207809925475953
0.27847480794716706 0.4804176438426033
0.2805227941948263 0.4786241451350157
0.2823259808714562 0.47702322564366684
0.28445804834836896 0.47511710606314583
0.2861840216672893 0.47342860799782205
0.2880993853573972 0.4717423704462371
0.28999076444131877 0.4701374084680593
0.29184775692132325 0.46847323836593413
0.29365728819028303 0.46692487648405034
0.295601495305694 0.46512447950512703
0.2973840795486845 0.46357449485195656
0.29913072140233543 0.46208411222795653
0.3009489137300918 0.4604549008642864
0.3028699651827371 0.45858774605856945
0.30479313231795724 0.4569963606560684
0.3064414995709742 0.45549769650744876
0.308305030958111 0.4537714107938067
0.3101663534646806 0.45208497371379996
0.3119013487960711 0.45075943358760706
0.3137324723868379 0.4489034955570298
0.3155667546724329 0.447213535725579
0.31738624164425144 0.44550765699579453
0.3191812789965156 0.4438186503292303
0.32108224379883676 0.44228245396963795
0.3227944441833408 0.4407648652762781
0.32450314022887405 0.43926053808952337
0.3263151657646427 0.43753993948761194
0.3279183961319122 0.43611830259636075
0.32969043709279355 0.43477396193404605
0.3313912207341465 0.4329246218456291
0.33319037988531874 0.43140530732167026
0.33492619640789345 0.42976385110947357
0.33681848536901104 0.4280167886944468
0.3384654858753844 0.42652766325408153
0.34021482042225293 0.42500419673391876
0.3419813443031511 0.4233148236661687
0.3435876949815837 0.4218761995401876
0.3453229333921922 0.4203453558204374
0.34691142592280944 0.4190100199790452
0.3486897074153329 0.417210402551924
0.3503609868748926 0.415583316550023
0.351975740205421 0.41448234045269394
0.35369939499520775 0.4128781807355201
0.3554833905211252 0.41114650277806786
0.3569074493025993 0.4097787382845274
0.3587005688002406 0.4081802281709511
0.36037838947544854 0.40678426924900346
0.36213595908621865 0.40503902332286323
0.3636296875204037 0.4036247562548132
0.365407765026613 0.40213525079907586
0.36719773044936344 0.4005884500862342
0.3687387009220442 0.3990519003196944
0.37028667920847813 0.3976673726435319
0.3719692845068623 0.3962328453392925
0.3735417484113197 0.39472238388396463
0.3751349015429576 0.393305049660882
0.37671407032819804 0.3917103953859803
0.37825063100708267 0.39021130969508866
0.38005583179038893 0.38877830121247003
0.3814204267633531 0.3873526056812676
0.38305113445145433 0.38596628486648743
0.38476169968802976 0.3843306501778724
0.38635567993375153 0.383059166818736
0.387846529298001 0.38152172809258544
0.38923721918996945 0.38029151713732146
0.39108001175353047 0.378471229431935
0.3925442422571641 0.37734990418413217
0.3943385224010707 0.375516563939853
0.3956710447690107 0.3744902940196829
0.39722364521717024 0.3728810852083675
0.39875917037787434 0.37172487274641686
0.4005137388445703 0.3698066166272296
0.4019799787593349 0.36863557263457614
0.40335475420516553 0.36717499856106806
0.4048550725862827 0.3658448842473403
0.40643935343103965 0.36437736294751744
0.4079024534840666 0.36312830288007814
0.4094683289594946 0.36163916199404567
0.4109042575204961 0.3602879698707374
0.41228702204084944 0.35895543015570297
0.4139783827618667 0.35749710523725653
0.41564356048591145 0.35586698343479894
0.416995271044728 0.35478022189691405
0.41852047829032313 0.3534036403289791
0.41995850843018256 0.3517639299096894
0.4213505505400027 0.35072669033313597
0.42285400411125007 0.3493969547679776
0.4243854708706263 0.34770939421275693
0.4256966705975944 0.34664461546903214
0.42735742940824406 0.34499103048737023
0.4287670019806291 0.3437610761074015
0.43023399797674977 0.3424079261694781
0.43143445111454604 0.3413528682363254
0.43323182580403585 0.3396496290748233
0.4345832258607172 0.3384564400959267
0.43608397331016513 0.33672010846015876
0.43743116888596256 0.3356980403628739
0.43888795032123995 0.33429768443786645
0.4404773952867814 0.33278202929973333
0.4418190254869273 0.33148183493216277
0.4432429622120777 0.33038585345119653
0.44465347388350296 0.32901427697355634
0.44595312823802213 0.3276015347779565
0.4473633171749166 0.32631634081789185
0.448855733575255 0.3251095723818793
0.4503319571097115 0.32367448786491204
0.45152867362326776 0.32244604946314404
0.45304636937936793 0.32107443391111123
0.45442554349512787 0.3197276063121084
0.45577577097199007 0.31863252448118495
0.4572270835528508 0.3172605729075487
0.4585256500789705 0.31582378047372606
0.4598129951499359 0.31467742618713634
0.4612536046053788 0.3136135266426263
0.4627694924359038 0.31188452033394154
0.4638867238600485 0.31095085578242376
0.46527921040517706 0.30944379667333743
0.4667522837156042 0.3082532472591324
0.4681384598665199 0.30700286024743795
0.4691363082326472 0.30594112771083215
0.4707993411680558 0.3044649817314744
0.47207264233854074 0.30330763963800333
0.4732004425115818 0.30211407279946745
0.4746737992192578 0.3006992732839484
0.47607624431624873 0.2992623320663672
0.4772236180507081 0.2985301345859015
0.47880008044639577 0.29676793086711795
0.4798823101386598 0.29584775139447617
0.4812522384886736 0.29448014914042
0.4825019190464085 0.29339742798518487
0.48389403596303704 0.2921427125827649
0.4853253869376021 0.2908873052455253
0.48642385441147595 0.2898296892311413
0.4877213925613827 0.2886271336935179
0.4890563196274825 0.28712104910034186
0.4902158795467001 0.28609286331984485
0.49172510029102057 0.2846954056661186
0.49303371562089193 0.28335875274135636
0.49407798864737373 0.28255667981795274
0.49540645163863395 0.28124422660849036
0.49666303883161034 0.28001461117076254
0.4979944141767977 0.27846243203677
0.4991562556444682 0.2777989289250806
0.5005629024889588 0.2762039027304273
0.5017586699614931 0.27517891855423193
0.5029913726135873 0.2740170702533533
0.5042384174624848 0.27286411285512724
0.5053689685978102 0.2717056547965282
0.5066978498355355 0.2704904076678396
0.508023244146254 0.26910533511896073
0.5091070556022084 0.2682659308398172
0.5103695383724767 0.26685526483031774
0.5115432541391552 0.2659769060254681
0.512883933672488 0.2645173214357288
0.5140761355404424 0.26344845921576154
0.5151159603493067 0.2625566162318831
0.5165012557449478 0.26108509651857803
0.5176472022408496 0.25999458183763746
0.5188987399927092 0.2586491947834759
0.5202342925194241 0.257501237268456
0.5214493359132284 0.25644076209685585
0.5225201849639671 0.2553035059102269
0.523574989099493 0.25429572769831754
0.5248768919609575 0.2531214490253949
0.5260506490143992 0.25183868124885356
0.5272242119421543 0.25089527338437045
0.5283366018374526 0.2497994013454531
0.5296861816797337 0.24836129965930442
0.5306718628772531 0.2476036489180964
0.5318441809343588 0.2464686621725214
0.5330048021839552 0.2453537403315137
0.5341335863791103 0.24410702083381186
0.5354279557291358 0.2429323413851897
0.5366017897818856 0.24198399782885205
0.5377035942119891 0.24079692573051947
0.5388312076090898 0.23961254473123472
0.5400447459149543 0.23862311482719656
0.5410266837941085 0.23760691022720493
0.5422540831348674 0.2364133742332326
0.5434102540316272 0.23547685423011022
0.5445008890341902 0.23426266704816423
0.5457618481981632 0.23317165393445038
0.5468242379636599 0.23208503369343658
0.5478259529134315 0.2309882437920714
0.5490051945716883 0.22985944197723862
0.5501314388696208 0.2288582191695201
0.5513807255106455 0.22773133314144212
0.5524715654383567 0.2266266210798591
0.5534999102971544 0.22566773432862164
0.5546040620737638 0.22455211487679216
0.5558265306627242 0.22338629118754538
0.5568867550194654 0.22222646484987973
0.5579568614935562 0.2212594075373131
0.5591022551107218 0.2201818524709157
0.5600533812747548 0.2193230493135898
0.5611653648657533 0.21801467959382803
0.562292581384866 0.2170762190750466
0.5633221820470775 0.21602655545850036
0.5645758138622408 0.2146914738228114
0.5654062870689365 0.2140743011948658
0.5665854494325979 0.212993878738861
0.5675208899696602 0.21201007739115885
0.5686411615909257 0.21100709523073014
0.5697709723547353 0.20979270215577372
0.570771715752418 0.2088660842304383
0.5719328027215344 0.20771456544580114
0.5728998282131385 0.20691676431588257
0.5741045195234746 0.2056188621870345
0.5750373052460608 0.20476141848173113
0.5762448621747196 0.20344540553142898
0.5772778683526514 0.20274649999415195
0.5782026561836613 0.20171289253515345
0.5792172984563939 0.20055621572532512
0.5803476138008048 0.19970232666858
0.5813640687633648 0.19844975178312274
0.5822886170360118 0.19752713683352052
0.5833786471425149 0.19659081761607
0.584326779894181 0.1958012645223003
0.58540661940646 0.1946869846164896
0.5864447227711457 0.19358481806521322
0.5874272279061004 0.19268200923750656
0.5884215919269842 0.19166870434345418
0.5896158768279016 0.1904479688497991
0.5904682135839413 0.18960037965738763
0.5914737246916267 0.18876311292536185
0.5925018671440356 0.18769804884263275
0.5935400157933433 0.18677196508773042
0.5943178552000329 0.18592680771746928
0.5954464239778258 0.18475557901172868
0.5963846468864669 0.18391898304815557
0.5974359782594616 0.18301048095848294
0.5983982328904542 0.18210918384232433
0.5995080963525499 0.1808124182166968
0.6004755319429268 0.17996904071287478
0.6013774660163662 0.1790918683199636
0.6023026000679699 0.17793246626299153
0.603405843212171 0.1771662809293526
0.6043862145877132 0.17624925419921111
0.6052595042816457 0.17534957594135225
0.6063013135201905 0.17413433772536502
0.6073609556987967 0.17315412955606435
0.6082669612327308 0.17216301133499845
0.6091000357344482 0.17118892462631663
0.6100956984769426 0.1705548851490457
0.6110662815248363 0.1694559624705253
0.6120623868367763 0.16841552149922512
0.6128343413594142 0.1679005265336755
0.6138346084508812 0.16695916864631766
0.614840422948479 0.16601943611443937
0.6156959003011109 0.16507761559652345
0.6166725293416793 0.16382439011521277
0.6175503806577332 0.1630893638837274
0.6185274926394055 0.16222075786636903
0.6195338558562672 0.16099695812526338
0.6205013358848005 0.16043061548476245
0.6214082373496903 0.15933559661121888
0.6222346319740586 0.15874473329067795
0.623141237624458 0.15779533643437982
0.6241182110266185 0.15676091049077268
0.6248774293523827 0.15601617671562384
0.6258635703719783 0.155022481675665
0.6268885572624808 0.15414256775718227
0.6277342031816423 0.15321971924212396
0.6289236751366741 0.15199107067291495
0.6296773604477861 0.15132396121582015
0.6304364304022964 0.15044302523650688
0.6315167156633219 0.14952108369599548
0.6323561219276002 0.14860875050677502
0.6331947997913354 0.14760606396391496
0.634235843733093 0.14691893876961037
0.6351826205416609 0.14592163909159273
0.6360361452436982 0.14516400554226672
0.6366467491951545 0.14425556552498342
0.6375504186173182 0.14345059881172517
0.6385149030754321 0.1425415842124912
0.6392631826751752 0.14193556784326244
0.6402773018011623 0.14090145713565438
0.6412508907675597 0.13982976482947607
0.6419337162228616 0.13904974159413763
0.6427106546352894 0.13865332466125557
0.6437314555102129 0.13755611089810826
0.6447179570043112 0.13656374356837964
0.6454792181402846 0.1355814164825484
0.646295643312003 0.13491343267037126
0.6472186440750953 0.13394050017210724
0.6479789980845205 0.13322572144708644
0.6488002435410012 0.13252172969918918
0.6496687158601254 0.13147238667800043
0.6506453745970104 0.13080842783270197
0.651448231944548 0.1299567001968267
0.6522222348300081 0.12913625300680642
0.6530056119103596 0.12843516474400785
0.6539654596494515 0.12720354029933323
0.6547539569030513 0.12654074244171698
0.6557778647239665 0.12554327619376693
0.6562657074963258 0.12504697351450744
0.6573521794324981 0.12392056561456921
0.658008292162598 0.12330913429306145
0.6589546023962065 0.1223888429065847
0.6597748191722448 0.1216226559152156
0.660579538081236 0.12077704476268614
0.6614646285437673 0.1200083229980402
0.6622752394069185 0.11915606088988029
0.663137596544609 0.11816226058896129
0.6638889210453749 0.11745575799212538
0.6647952106849067 0.11659486959118004
0.6656282510562856 0.11588325895368645
0.6663048348033277 0.11498658338584133
0.6670409090973409 0.11435060332314373
0.6678332098383177 0.11363172990532
0.6686898105125085 0.11279426244000668
0.669430537107039 0.11215364406390038
0.6702648848068691 0.11122428031264109
0.671262669447359 0.11043377604578597
0.6719107294178497 0.10965295093893768
0.6726431587447116 0.10867950479368094
0.6735681193541689 0.10795978721817989
0.6743057719769712 0.10720624756223063
0.6750361217699361 0.10660670566387642
0.675790672130604 0.10565372091681668
0.6766920155601384 0.1047959447132416
0.6774748595330354 0.10404316178779849
0.6780992413816722 0.10344916055564002
0.6788673143787664 0.10257326567352532
0.6797752533250099 0.10175323083496313
0.6805432205009767 0.10099920314240185
0.6812163491818035 0.10027262139990523
0.6820894723403754 0.09945787646910409
0.6828683773461124 0.09870060726308982
0.6835865959167226 0.09785870737220403
0.6844021830130288 0.09698327556449826
0.685098691925268 0.09642589675795987
0.6857922820468827 0.0958508469558017
0.6866445947690734 0.09497669462063407
0.6873510068210289 0.0939268954977841
0.6882338627782276 0.09350361543806707
0.688857145341021 0.09289480526577099
0.689627795066041 0.09200941078905833
0.6904797088911078 0.09111588748219746
0.6910488139216774 0.09076013183529763
0.691928433192678 0.08968249873538348
0.6923924966384122 0.08930632789419513
0.6932270896557422 0.08823370852318257
0.6940822802938833 0.08766825125057376
0.6948467428907881 0.08669557404917438
0.6956276050624028 0.08617068136587913
0.6961939718326231 0.08539040862810343
0.6969217170350405 0.08475478390766622
0.6976046981530852 0.08425955654023576
0.6983528973973894 0.08321131044838248
0.699206530595171 0.08238911001952987
0.6998268086478528 0.08176775628324828
0.7006100884142394 0.08109430552851005
0.7013880853203083 0.08016880782277291
0.701962000429514 0.07967880889756729
0.702595012533247 0.07904772991464126
0.7034485020443424 0.07802051023209677
0.7040747762880644 0.07756900868006356
0.7049167962222829 0.07694501342636118
0.7055733196056279 0.07605589658384482
0.706198903105856 0.07546080432557578
0.7071161288952422 0.07465720165768819
0.7077545080390801 0.0736310699164644
0.7084454759871112 0.0731225316843157
0.709133342337893 0.07249973383951869
0.7098090894280853 0.07187197726842598
0.7104609190364621 0.07101865128935225
0.7111170593645812 0.07039090034427309
0.711841650746166 0.06973347381989115
0.7124520250813077 0.06928230263324908
0.7132404279391391 0.06841681429264268
0.7138210787290242 0.06785843115876311
0.7146311080632386 0.06694090265730357
0.7153074946936768 0.06630624862406709
0.7159059705455848 0.06581498497005533
0.7166346677756518 0.06515537646789016
0.7172708602853677 0.06448753317912059
0.7179795003885514 0.06360740218427807
0.7187707747862209 0.06292648518208077
0.7193984896166332 0.06231142806624246
0.720013823042992 0.06160697451366581
0.7206086264886853 0.06103995348630442
0.7213542677755223 0.06021640900460756
0.7219399359407894 0.0597363692174544
0.7226834308826804 0.05886454203270852
0.7232392449824239 0.05857851277765991
0.7239785166996799 0.05755820941886358
0.72446794090629 0.05720642144210841
0.7251767056301193 0.056421645181671254
0.7259680885106171 0.05595331666874259
0.7265259871596134 0.05529648444988455
0.7271794210771823 0.054427402538045344
0.7280373994967444 0.053638410858301455
0.7285760566815307 0.053148986119199826
0.7291312100781733 0.05237489120149852
0.72984285972789 0.05184793490429185
0.7303844395367989 0.05116926177195591
0.7310461552570007 0.05061014740752845
0.7318284142064588 0.04974801027517706
0.7323589113853157 0.049344692850499916
0.733101992367218 0.0484242587600523
0.733515061107731 0.048056350849989604
0.7342383884862274 0.04732632012726201
0.7349663364184851 0.04652522635058509
0.7356490724644835 0.04593726255607078
0.7360924055199028 0.04543687574718336
0.7369217955431258 0.044834891373517705
0.737422170063728 0.04416385148078961
0.7380739485260787 0.04347070957338228
0.7388120960804385 0.04276707709812988
0.7393600351102867 0.04242100407882399
0.7399058361839029 0.04170775959421713
0.7404996821042243 0.04104341269655898
0.7411098963188225 0.04047079001923293
0.7417822815939581 0.039713719253523294
0.7422431380003914 0.039474244253460467
0.742935967195633 0.03876494751895465
0.7437105420248442 0.03799680059998467
0.744286896977142 0.03735442203000294
0.7447939148103463 0.03673850580020466
0.7454497080895816 0.03618692699955728
0.7460194609031153 0.035429757374929705
0.7466172673632454 0.0349393495803374
0.747182240394804 0.03452534524355977
0.747921811628417 0.03359488554854417
0.7484538358089564 0.03306987064138667
0.7490692153170238 0.03261417679370582
0.7496441218572407 0.03187622935472656
0.750310321144151 0.031305632383660575
0.7508926165201315 0.030927486740797816
0.7512919688760269 0.030324440145345077
0.7519031248153605 0.029668016863112046
0.7524793468807525 0.02918183449078171
0.7531748110257175 0.028387259048991975
0.7538073663598596 0.02754659197723741
0.7542905100182209 0.0270700591909816
0.7549970935074906 0.026615150214403194
0.7554227503934043 0.026042694747557382
0.7561957540836427 0.025410404202440895
0.7566751740346263 0.02483328064421042
0.7571620702866708 0.024331098908622062
0.7577302962769781 0.023938959976737006
0.7584052667899666 0.023058144425528893
0.7589162394432123 0.022708631847436322
0.7594571500843155 0.022006893403751393
0.7602024186850236 0.0212902607096368
0.760546307470183 0.02074006434093656
0.7612532395263618 0.02036981506475799
0.76167090510392 0.019744661507259953
0.7623548122906219 0.019035429511823132
0.7629494463196219 0.01846106538043568
0.7634250363553454 0.01791605001107266
0.7639105339288026 0.01762849633535346
0.7645524725896368 0.016759519114885157
0.7651520855609844 0.016264508619619367
0.7656560041999892 0.015745292629993357
0.7662365014299722 0.015288033889912511
0.7667214209664273 0.014764281174659555
0.767309120745409 0.014221171605926175
0.7679574102269712 0.013304334669804407
0.7685548391974318 0.012871085626254719
0.7688732460854152 0.012662463126955736
0.7694791967736101 0.011638583403357217
0.7701014246852821 0.011322854914445624
0.7706895670769595 0.010468333793219542
0.771163487150275 0.01018903087170342
0.7717092765258386 0.009602640500170345
0.7721803952085516 0.009042786035665773
0.7726679476237608 0.00867186561275779
0.7733418618146011 0.007903721261915075
0.7737133457995611 0.007634626835289593
0.7743152258184732 0.006930287680902869
0.7747367543904997 0.0064828580932470015
0.7754692196173802 0.005903012850639877
0.7759092943443217 0.005208490244278052
0.776558265988611 0.004780177931134499
0.7770236418651674 0.004268912122156521
0.7775733968857934 0.0037222820237372556
0.7780074482445789 0.0031167642362173176
0.7785135623846988 0.002744800028974259
0.7790558108753117 0.0021448728861309663
0.779695942057666 0.0015695086634578415
0.7800634608463562 0.001142627134570362
0.780638854004845 0.0005035730209905775
0.7810327025731242 6.524054334133833e-05
0.7816877382261738 -0.0006064020406801873
0.7821348054030504 -0.0008608305488213563
0.7826859444490658 -0.001655578668049773
0.7831521913543161 -0.0020087205648052775
0.7837426830299871 -0.0025123115119279893
0.7841951129724022 -0.003147267517425889
0.7847442724276159 -0.0035728403352941474
0.7853091790449445 -0.004272545582331144
0.7856947699824568 -0.004751546498226844
0.7862116697202581 -0.005046714286156995
0.7866965638581516 -0.005625714422908601
0.78721728215101 -0.006377581360604623
0.7877870461571954 -0.006892659475234542
0.7881866796884703 -0.007139778434485655
0.7888313846651597 -0.00797938534215692
0.7892869583834216 -0.008365412260589955
0.7897334789487239 -0.0088724358060982
0.7902694271003615 -0.009407350210727361
0.7907608820872571 -0.009847732383146734
0.7911533827399738 -0.010176462899333605
0.7916361539438737 -0.010459093766339134
0.792295869656781 -0.011453358240914646
0.7926542379869759 -0.011863860710475516
0.7931805533897658 -0.012516606743463665
0.7936596479583038 -0.012871587401009466
0.7941132960619974 -0.013185690411550155
0.7946426103453252 -0.01383810026482557
0.7950239385218464 -0.014278071473247889
0.7956234115182452 -0.015046427423217157
0.7961116281561309 -0.015390996952808766
0.7965877074871024 -0.015841569678997747
0.7970241527736306 -0.016452671531759666
0.7975591493456864 -0.01694013298367869
0.7979798137296222 -0.017262965441535605
0.7984971391089424 -0.017908572294948355
0.7989453110490126 -0.018400135813692042
0.7993118731193669 -0.01871822626510178
0.7997899385834214 -0.01917967371762519
0.8001725456409483 -0.019475476636266364
0.8008186689423794 -0.02050620334952946
0.8013625130910195 -0.020718136649178986
0.8016990278039182 -0.02107503812743916
0.8021647337912268 -0.021734108436613164
0.8026726525021178 -0.022244510372077975
0.8030231418386765 -0.022449317642017852
0.8035393739276029 -0.023156125880616107
0.8039721502118945 -0.023634496518109338
0.8044240989390726 -0.023856662398793138
0.804948688672101 -0.02468188355499723
0.8053328851654009 -0.025017675903014958
0.8058586378755527 -0.02559166888503117
0.8063210105665637 -0.0260043363154554
0.8067299431726737 -0.02659462630905962
0.8072517639164978 -0.026952298309308675
0.8076124678664016 -0.027369847832411365
0.8081276316811598 -0.027975075103712777
0.808528962589383 -0.028440142464784213
0.80891531087582 -0.02868754889592573
0.8094635695684065 -0.0294993348859256
0.8099953236103279 -0.029894419550890783
0.8104138972703616 -0.030273225375860857
0.8107063582418413 -0.03066905158559108
0.8113063440333603 -0.031308977944009
0.8116888016471655 -0.03176001959270569
0.8120578388333449 -0.03217962576008493
0.8124845075282856 -0.032502130257348716
0.8129560529011929 -0.03301390559687489
0.813299713792267 -0.033527450292004546
0.8138636228184133 -0.03413072141565632
0.8142838829700098 -0.03450351260449891
0.8146487718684093 -0.03487668575652825
0.8150196593701908 -0.03536997476670023
0.8156523118787511 -0.035946836242366054
0.8159810073466056 -0.03629800936403216
0.8163558679949329 -0.036722323819104896
0.8167587139142685 -0.037220928759226446
0.8173162204501284 -0.03782140386608501
0.817713026507833 -0.038168291793815756
0.8180270705853707 -0.03864013358193574
0.8185643670422642 -0.03924525459545802
0.8189531473013575 -0.03951185372042498
0.8193416292418885 -0.039924553242655314
0.8197481840040552 -0.040453374800613506
0.8202044179978062 -0.040944024301243
0.8206897970074261 -0.041460718779156025
0.8211808379732646 -0.04215954672000399
0.821420954357751 -0.042145461496839176
0.8219969330340186 -0.042820620884077676
0.8222580722874712 -0.0431127001586743
0.8226770990011585 -0.04369854183407251
0.823300286563267 -0.04432861754510964
0.823585249064831 -0.044473778909126294
0.823897097568486 -0.0449245428268602
0.8243164161894123 -0.04531776397053622
0.8247988441279894 -0.04568674431847852
0.8251974336457358 -0.04636523768713918
0.8256447121422466 -0.04689195515480149
0.8260591061972709 -0.047255259063256894
0.8264911208963994 -0.0479084856641494
0.8267500653173442 -0.04808940097094927
0.827250960753649 -0.04849889218424808
0.8276307565873717 -0.04903483802270303
0.8280567688345476 -0.049540994452206166
0.8282695417622064 -0.04972284843827457
0.8287623575708879 -0.05053540886345298
0.8291820255000797 -0.05090621977638876
0.8296445677594827 -0.051263496403435416
0.8299436875528806 -0.05163113235613548
0.8304059664219434 -0.05218096321429
0.8308042351247646 -0.05236276178431809
0.8311722570992153 -0.05290607379913359
0.8315058530028804 -0.05338428775665449
0.8320114252995036 -0.0539358581257251
0.8322520818411456 -0.05440833509080778
0.8327338587824242 -0.054882939532241215
0.8331513316841932 -0.05536384092616897
0.8336014296452011 -0.05587962168167693
0.8338780847915432 -0.05614710207553397
0.8342139285168296 -0.056418683286822646
0.834696804367432 -0.056913702885647344
0.8351257345314028 -0.05750909832117046
0.8354641971387788 -0.058015274258037985
0.8357919817360913 -0.058399538535144124
0.8361372277378631 -0.05876605656169964
0.8366834195952892 -0.05928510766540618
0.8369049841339156 -0.0596826646739117
0.8374109337793297 -0.06016375737947055
0.8377039713793738 -0.06043737947710792
0.83811345254167 -0.06099097847946178
0.838421313819087 -0.06125738245115664
0.838800627874733 -0.06165221119649489
0.8391883882046368 -0.06212521610194244
0.8395118505824863 -0.06242361914400951
0.8400083512793074 -0.06319315281895588
0.8401556186600848 -0.06328423572872477
0.840706209022091 -0.06397011428785027
0.8411269955150524 -0.06429906685389053
0.8413711217197857 -0.06477188122706035
0.8417833543875776 -0.06521813312146085
0.8420621586438134 -0.06540222733056245
0.8424308939466707 -0.06613910707246995
0.8428823369422855 -0.06642735108227349
0.8432226283979004 -0.06672719240579472
0.8436585183333349 -0.06743801041868203
0.8440443128987437 -0.06781777279969925
0.844270362049113 -0.0683533954229889
0.8447608709670544 -0.06884633140743412
0.8450584913244528 -0.06926056631420585
0.8455177888211287 -0.06960426126223607
0.8457724858471027 -0.07004334874354634
0.8459776065224354 -0.07023055626402352
0.8463962325544371 -0.07069808901479402
0.8468998415252464 -0.07135889146027763
0.8471834422357732 -0.07166986115850749
0.8475188822792645 -0.07204405030812411
0.8478451216922849 -0.07233655606502265
0.8481512002677325 -0.07293771224412127
0.8485389302115296 -0.07332855859885723
0.8489288615892896 -0.07379802564381954
0.8491980080016305 -0.07421346894042158
0.8497329620273946 -0.07469594719198858
0.8500707217231457 -0.07513126993510755
0.8503130253184424 -0.07545337404771069
0.8507142213437695 -0.07600483810490322
0.851054175445856 -0.0764837961859437
0.851322429605429 -0.07667954021004697
0.8516393893351841 -0.07704980104525627
0.8519802557635522 -0.07739212963655884
0.8523211688621153 -0.07809878130080317
0.85276821782856 -0.07853575106710986
0.8530932287942937 -0.07893716761862424
0.8534024170948918 -0.07928560321782296
0.8538311632417783 -0.07980965723297828
0.8541262023811089 -0.08028073524013979
0.8544941264312335 -0.0805626987401663
0.854664679078741 -0.08101035831965542
0.855001467981509 -0.08142857178727159
0.8555712558182871 -0.08211256827441638
0.8558416492776052 -0.08240593383411088
0.8560755831794763 -0.08283395678820715
0.8564574219802592 -0.08311638934472221
0.856791486631175 -0.08369740410774495
0.857125239858916 -0.08406575691377904
0.857424980043563 -0.0844871047015584
0.857825505981422 -0.0849253365693915
0.8580350107555215 -0.08532084411375451
0.858392782813029 -0.08569657214874293
0.8588067215851174 -0.08615616946138904
0.8590755444723813 -0.08654469547107724
0.8594961525174571 -0.08705175489721606
0.8596248928605106 -0.08736263995954574
0.8599389070144514 -0.08779814116306306
0.8603002984137845 -0.08820761327821935
0.8606559120136387 -0.08884904960628492
0.8609640634978639 -0.08937759817820923
0.861249695866344 -0.08957072129828658
0.8616987331490334 -0.09015750856496918
0.8618279753354352 -0.09019476918877722
0.8621536027431375 -0.09084567014926381
0.8624758235408916 -0.09122505082358567
0.8629709093508098 -0.09181755687110149
0.8631165624154086 -0.0920862807800168
0.8636498453381922 -0.09279138123659791
0.8637558320621581 -0.09302626587623952
0.864115809551623 -0.09346033586496971
0.8644586730963122 -0.09381492999312102
0.8648140031308943 -0.09449847409502354
0.8650734547847945 -0.09486856985709835
0.8654048412064206 -0.09526015192075454
0.8657319115713515 -0.09582039411963184
0.8660069672493731 -0.0961410432973493
0.8663963804015047 -0.0964467463760128
0.8665899469417259 -0.09679819208935558
0.867025491428527 -0.0973669311169586
0.867209839455429 -0.09791973380803631
0.8675073524438707 -0.09814965752214755
0.8677485891842637 -0.09858163253919539
0.868180187821945 -0.09901553705019028
0.8684373193468665 -0.09951372554748084
0.86876138577374 -0.09990317089366063
0.8690919188623718 -0.1004005567303401
0.8693319723981368 -0.10086160459470794
0.8696398294095546 -0.10128618755173902
0.8700416421626227 -0.10184720799641234
0.8702172474787002 -0.10213141343633292
0.8705332689879148 -0.10266382110918149
0.8708008694495338 -0.1030378496589891
0.8710976501307738 -0.10330971864426786
0.8714553329925357 -0.10382326284220811
0.8717564374943165 -0.1045348378194948
0.8720283154832403 -0.104767820236909
0.8723077180458905 -0.10527268843567672
0.8725750030640762 -0.10574673014655112
0.873019051797307 -0.10620069140251764
0.8731788726709095 -0.10653311766963314
0.8734295897646551 -0.10700362505208383
0.8737592298275528 -0.10752088325523379
0.874056584408626 -0.10789514665344935
0.8743285552085662 -0.10855186248520488
0.8746871933459688 -0.10901208614399893
0.8749587473413838 -0.10923322780203826
0.8752738559896681 -0.10959679039741144
0.8754959250450055 -0.11016744425692349
0.8759042448940744 -0.11063264827845343
0.8760853595204992 -0.11112667321897551
0.8763068732894024 -0.1116054446682786
0.8766420283460225 -0.11200920013655302
0.8769892429919404 -0.11240670153566801
0.8771716746188808 -0.11261652636715158
0.8774786416253372 -0.11323069830844446
0.8777975697060316 -0.11387187428315215
0.8780712737104979 -0.1141720776071331
0.8782999300132492 -0.11438759097070839
0.8786680858104834 -0.11505759145002892
0.8787561015749057 -0.11544722818913988
0.879214432053682 -0.11612493185935724
0.879424470617407 -0.11647169508292499
0.8796771572207209 -0.11676975822305558
0.8799439054751534 -0.1173177307946991
0.8802347063538567 -0.11783883349953461
0.88055312779653 -0.1182116723953962
0.8807218935077243 -0.11866860529972345
0.8810384952879011 -0.11902214215933715
0.8814432077303741 -0.11979150471455025
0.8815729595754049 -0.11990264685900653
0.8818348407740926 -0.12060511579166588
0.8821852642495671 -0.12105173883380971
0.8824725066895073 -0.12162406339440224
0.8826918069720209 -0.12187513294090357
0.8830372507046921 -0.12249197802305078
0.8832703322077406 -0.12291665083417369
0.8835354949244438 -0.12341067121889648
0.883612507035435 -0.12361490954900578
0.884154208839331 -0.12450435813376814
0.8843180260975066 -0.1248162773644802
0.8845914919004769 -0.12531519805561842
0.8847781052059738 -0.1255155501172054
0.8850263259446736 -0.1261539006453325
0.8852758931922162 -0.12671767140187007
0.8854968678805376 -0.12701076564710412
0.8859030697795599 -0.12766083791658878
0.8861875844789762 -0.12814834636597872
0.8863146961921202 -0.1285460069352331
0.886602269565458 -0.12903029549587652
0.8868446579048774 -0.12942066815755648
0.8871735822685117 -0.12987635179308932
0.8874306216265496 -0.1305430015519381
0.8876577648842511 -0.1309320894710545
0.8878649828517725 -0.13131460088689162
0.8882398187849017 -0.1318967305572436
0.888469401036214 -0.1324306950630183
0.8886575075137702 -0.13275980567143963
0.8889950108175193 -0.13342285532060694
0.8891620854921798 -0.13374073965907973
0.8895242935475033 -0.13428875859198353
0.8897855896892602 -0.13489642084236342
0.8900134717604157 -0.13535048095535906
0.8902803020796104 -0.13577052137737833
0.8904009486276603 -0.13629610765063704
0.8906849668142465 -0.1368723397715581
0.8908909547037581 -0.13723866775688676
0.8912394618153356 -0.13781627108243955
0.8914796885406018 -0.13837661181758532
0.8918159250425775 -0.1388818263630207
0.8919732216059081 -0.13919653753788863
0.8922739083347935 -0.1397411195675815
0.8924604109710458 -0.14012818316668507
0.8927094008722155 -0.14084382821314
0.8930066456883655 -0.1412734114722215
0.8932126913428761 -0.14184143106124492
0.8934070540091101 -0.14224408500174124
0.8936713310056227 -0.1427982248431806
0.8939744676253695 -0.14336580872186577
0.8941035445137743 -0.14364570603585458
0.8943839320824655 -0.14418910743516278
0.8946988729801898 -0.14490916955104616
0.8948429550359432 -0.14516152082404077
0.8951101596288066 -0.14577630422170296
0.8953174802985859 -0.1461910774312749
0.8955997747730159 -0.1467313426292206
0.8958217207747836 -0.14738979706645883
0.8960502411678913 -0.14786064625900786
0.8963489716942492 -0.14840112987422271
0.8965168654959992 -0.148992179092029
0.8968192006029744 -0.14952208567933234
0.897029368660912 -0.14989126386223706
0.8972072631751972 -0.15047406433396515
0.897472541290729 -0.15084979762219963
0.8976334245804641 -0.1514086637215616
0.8979326925063248 -0.15192565177848383
0.8981398419145129 -0.1524090312718157
0.8984748521060923 -0.1532401337593503
0.8987149770005296 -0.15376578792702067
0.8988719874201674 -0.15407459040534421
0.899080715903189 -0.1546011324756258
0.8993148010602018 -0.15518977160656633
0.8994145801691492 -0.15556477679122327
0.8996925549203256 -0.15623286617602972
0.9000698825654875 -0.15693776535663762
0.9001967713282326 -0.15745280710861675
0.9004461162464602 -0.15793817280846223
0.9007002605598543 -0.1585336858247096
0.9009899769534915 -0.15903643232276155
0.9012113456056697 -0.159828875021223
0.9013521512027004 -0.16010856441534804
0.9016860528650711 -0.16075980781482013
0.9018444946679997 -0.16106303748293793
0.9020411716499082 -0.16175954454676567
0.9022487714443371 -0.16228807494024144
0.9024593539728875 -0.16276295216502634
0.9027028304265236 -0.16340717884735956
0.9029355868482201 -0.1640150253434356
0.903110053785822 -0.16451976874578877
0.903396758067227 -0.16506284371794455
0.9036303805660802 -0.16562412343376665
0.9038393872798667 -0.16637097467761408
0.9039852240731182 -0.16673831661100025
0.9042699058089346 -0.1674043507950077
0.9044652284771877 -0.16794734736867034
0.9047026216393589 -0.16854027706689279
0.9049061897064955 -0.16906266754219368
0.9051021245894953 -0.169498160019652
0.905304714931808 -0.17018124932284795
0.9054652494600411 -0.17059362657947685
0.9056855477564949 -0.17134553565898547
0.9059206065666612 -0.171978663816307
0.906231014857047 -0.17253988356493777
0.9063430911405196 -0.17303287091302322
0.9065725428351145 -0.17376072766477557
0.9068000916203204 -0.17423495647397835
0.9070262361895791 -0.17493069235679726
0.9072769816715973 -0.1756025430243966
0.907396153082954 -0.1759673230987162
0.907664917727578 -0.17658380791815387
0.9078864202996454 -0.17733293623425228
0.9080739352557154 -0.17793174320906502
0.9083217059457851 -0.17852367757741838
0.9085226715063623 -0.17909656320375578
0.9086188829142726 -0.17940586471769115
0.9088713934478836 -0.18040815127548782
0.9090449491396411 -0.18086945093643436
0.9093510136323545 -0.18148506450928703
0.9094842469750736 -0.18207938556824754
0.9097225886635685 -0.1826359612753703
0.9098754043402097 -0.18314824728578794
0.9101145559370272 -0.18391955952986216
0.9103325471680954 -0.18452316617407938
0.9105394796011794 -0.1851635927057278
0.910719884128448 -0.18567014644950552
0.9109406205062797 -0.18645776374865697
0.9110812724195525 -0.18697266923764344
0.9113003763068586 -0.18759872562476176
0.9116420063806289 -0.1885158990637389
0.91175141808909 -0.18891556754278893
0.9119667075030716 -0.18961297872897698
0.9122079240833102 -0.19053783176038508
