#C1,C2
-0.2434794702668014 0.8099130560712511
-0.238935828230885 0.8057216238496734
-0.23441712110013746 0.8016168160588351
-0.2299462569259607 0.7975450889010215
-0.22547399791494782 0.7935312684230565
-0.22100367782429664 0.7895805330835075
-0.21661652661378616 0.7856148760608255
-0.2122287883725117 0.7816568354389533
-0.20790511022534308 0.7778119042494408
-0.20357901264117106 0.7739165478021117
-0.19922545649625123 0.7698918583861608
-0.19495906154212983 0.7661259256013928
-0.190712219731051 0.7622756910060293
-0.18652047468896715 0.7584090672047814
-0.1823114388526611 0.7545860826157333
-0.17809235202748697 0.750844892032213
-0.17400348797857734 0.7470966274497539
-0.16978413366581635 0.7433839137050547
-0.16567315160881757 0.7397406793437606
-0.1615945882112102 0.7359176526524441
-0.15759071610663677 0.7323058732928577
-0.15353232969851283 0.7286605197258227
-0.1495230820881962 0.7248708901361607
-0.1455586589563167 0.7213669539662583
-0.14166522507964618 0.7180257092470493
-0.13772495166286047 0.714372443975832
-0.13380830679064926 0.7108059983392433
-0.12980285135955327 0.7072452648868487
-0.12591490044901066 0.703736382640272
-0.12210275179364949 0.7002041024092825
-0.11821915089373491 0.6967681484940175
-0.11444015448318956 0.693292675332013
-0.11058660659203134 0.6899018770320834
-0.1067726249490446 0.6865061233464219
-0.10315129234492226 0.6831205451361114
-0.09934284714904629 0.6797373040208453
-0.0957044567878288 0.6764288531345823
-0.09201054763782035 0.6732208817461899
-0.08835915279514206 0.6697734481332058
-0.0846101042889934 0.6663701106184872
-0.08099433360611374 0.6632609292913716
-0.07739188568529154 0.6598914057132809
-0.0739067869023663 0.6568554606205104
-0.0702336682553375 0.6534076104836785
-0.06673165365795386 0.650166847856341
-0.06317522626363115 0.6470689781267392
-0.05965508612596504 0.643888728345999
-0.05595550436009877 0.6404906363445778
-0.05266691086311548 0.6375854929605721
-0.0491892086862743 0.6343429673032417
-0.04571371046953321 0.6312242976044928
-0.04235937509817944 0.6282995930008034
-0.03886758393808687 0.6250200511209807
-0.03546493825778185 0.6219545408537613
-0.03221087010055246 0.6189724102250502
-0.028726463044458254 0.6160773451487607
-0.02552580052098186 0.6129950010512928
-0.022144440552535952 0.6100932536232039
-0.01876359804108008 0.6068121949211543
-0.01549209358691506 0.6038536604573965
-0.012149141659854371 0.6007851522999661
-0.009023782983830001 0.598069633365753
-0.0058503711135004 0.5951391634294612
-0.0024356504752349774 0.5920453074523461
0.000674656827658434 0.5892240695744981
0.0038640957884470382 0.5863301366742814
0.0070447523023132695 0.5835822707116609
0.010235569390437346 0.5803541461529793
0.013352806586766849 0.5778609986725416
0.016578812891545055 0.5749885416530875
0.01946125465677084 0.5723381526656053
0.022616011045114123 0.5695533701341088
0.02568747598592058 0.5664873803590749
0.02867817154716223 0.5639483326745961
0.03176504086594201 0.5610652714903496
0.03492712425451583 0.5582245809515161
0.037812475668770884 0.5555628046130354
0.04073127575828828 0.5529894445816982
0.04381447901606261 0.550172401037118
0.0466918341725272 0.5475268984896977
0.04982053658386676 0.5446224345041835
0.05276843396396935 0.5421462549493311
0.05573168368725179 0.5393122428104102
0.0585362344175282 0.5368126383817223
0.06165531269001967 0.5337776747970996
0.06452305628958332 0.5313639539742677
0.06707984430875946 0.5289628027481575
0.07006798049365626 0.5263228695204074
0.07289629654458685 0.5236888512059241
0.07576787676142593 0.5211266560482193
0.07860657138875848 0.5185908860399214
0.08135342135471912 0.5161397895917109
0.08413081883112283 0.5134775067593078
0.08698361091835849 0.5107827492408279
0.08963575384864331 0.5085310997988295
0.09250682764757678 0.5058677828920954
0.09530729230777679 0.5035770462275402
0.09785787177017546 0.5008006031423639
0.1005758538021364 0.49844911135993775
0.1034143136505059 0.4959942330962065
0.10609832521232776 0.49348192054330997
0.10859253294583726 0.4912989656026271
0.11143063848230705 0.48875296890847353
0.11408636603325639 0.4863801498633109
0.11658279674348204 0.4840523663480557
0.11921019643452846 0.4816930237232321
0.12180891417022677 0.4792339631952415
0.12450643699203634 0.4767039219900032
0.12704934493855313 0.4744817074383172
0.12960473654201865 0.472069828450586
0.13222804035820857 0.46970194491517925
0.13475158034436785 0.46748109544569005
0.13732226633096323 0.4651498976863887
0.13987811491699664 0.46265334010622783
0.14232751520648246 0.46051103613948563
0.14485698694811688 0.45817694423750976
0.14735412143215687 0.45599491202519005
0.14996769034065194 0.453415041566105
0.15223018494298524 0.4512016954239354
0.15469722563195443 0.4492291325310387
0.15707031518581793 0.4469235206142447
0.15967859434541798 0.4446846937018262
0.16207775022575743 0.442479342953386
0.16448826615032852 0.4401421432122452
0.16686295175353816 0.43797617648864895
0.16904000468272296 0.4359986456747166
0.17147306122510497 0.4337371222198406
0.17398551854045508 0.4315568978314194
0.1762992082524628 0.4292774991510432
0.17867048111606365 0.427269078219217
0.18081278240677212 0.4252078525239906
0.1832594672778426 0.4230994915605537
0.18556985966930706 0.4207646814383008
0.18790780298707954 0.41864526398846047
0.1900971665533987 0.41645173598233587
0.19258292858710935 0.4144144725154806
0.19481426894377385 0.4124627186014973
0.197025510665493 0.4102665790835317
0.1992843558345574 0.4083304014821937
0.20159350720085323 0.4061795238599025
0.20389732277248362 0.40402102351819347
0.2059436498672288 0.40213993813669324
0.20826168692902913 0.40003949010139395
0.21041476937318127 0.3980047245482802
0.2125907716665113 0.39603054514969727
0.21485284091946555 0.394080549483691
0.21691438247645067 0.392023829652844
0.21925287993894016 0.38979365588272363
0.2210457448445443 0.3883379743322328
0.22338610906426626 0.3862025390646411
0.22553702775589213 0.3839195411161932
0.2276822273122916 0.38203767460103355
0.22990300475452852 0.379962570276306
0.2318104906916587 0.37836472813203226
0.23394909815097897 0.37636441360019113
0.23607910579508384 0.37437776508970444
0.2380429920946706 0.3724874697879381
0.24001851190790824 0.3707182213043161
0.24225126104801498 0.368735683546335
0.24427027260333634 0.3667555147041791
0.2462081589663847 0.36498500397669076
0.24839404291892908 0.36301912644508827
0.2502962550372435 0.3611747449507603
0.25241723723533227 0.3592571174425556
0.25439015827137657 0.35742899370868264
0.2563365717221727 0.35566779201567367
0.25839831013621595 0.3537840069580297
0.2603763450545248 0.35190302679938745
0.2622717891951012 0.34997378209556473
0.26441456483092496 0.34803271896938903
0.26615580260158656 0.3464076323909482
0.2680730362054785 0.34485322791374506
0.27021828539851467 0.3428281845004967
0.27208559086770234 0.341131849962494
0.2737482009553196 0.33946715683040407
0.2759389349856668 0.33762124336219057
0.2776987139427217 0.3357064383240653
0.279640193427075 0.3338667041188945
0.2814923592221258 0.3322441242902674
0.283345755749547 0.33059134284530933
0.28526237105830166 0.32882799369850013
0.2871163219357359 0.32707997696578284
0.28894838098038556 0.32552419141792543
0.2907878179817348 0.323531084290432
0.29252095186411897 0.321975921218946
0.2943843164081946 0.32031598183225496
0.2962420571581379 0.3184690543014742
0.29808456520693605 0.3168086117936981
0.29995080598675383 0.3150940360875323
0.30167083809909945 0.3134338887537258
0.3034583515403352 0.31185162726440585
0.3052188049872261 0.3102321817291229
0.3071246988510814 0.3083694764028756
0.3088106038134836 0.3067638913031252
0.3105238690558383 0.3053740491699394
0.3122971334494694 0.30365864016562916
0.3141092572931635 0.3018469754964841
0.31566020607725165 0.3005574270307003
0.31743606982473405 0.2987225839571369
0.3194279692070833 0.297063122313167
0.32091931943699825 0.29552712854091556
0.3226568119878528 0.29393539857601414
0.3242820388652291 0.2924288493778633
0.3261010196834443 0.2907083384797775
0.32770845821859196 0.2892419290659354
0.32936022437787205 0.2876468926735414
0.33113910508140865 0.2860839389700143
0.3328218976830759 0.2842411332020057
0.33428597064989485 0.28310674645755396
0.3359456877934458 0.2815419477330243
0.33764188967709396 0.28001948954710976
0.3392067519680274 0.278341157689451
0.3408039964738644 0.2768889530603902
0.34244799081720667 0.27535689176932776
0.3441194832306502 0.2737990060021548
0.3457168748567737 0.2724295160934709
0.34740475204878984 0.2708684294212087
0.34899765450901865 0.2693236989783112
0.3503457731706102 0.2681162819073599
0.35217316759445505 0.26620301878017905
0.3536310588432122 0.265003337044726
0.3551751877257614 0.2634996372134294
0.35687413975256266 0.2617588980145744
0.3583767985494176 0.26030929570220174
0.35986235720591153 0.258983970243722
0.3614187605319804 0.257715464170605
0.3629874514696283 0.2560681410204725
0.3645062324506958 0.2547578584136775
0.3661567352272873 0.2531516847747286
0.3675990869728428 0.2516339991923018
0.36908076773344123 0.25031008473624583
0.3705771001723336 0.24911319969319212
0.37195083740359625 0.24766919724711978
0.3735309717181988 0.2460036936249239
0.3751680871147135 0.2445068449820602
0.3764813508253372 0.2432700950032043
0.3780397815810195 0.24178693317099087
0.3793151091928022 0.2406118297801333
0.3806874934192723 0.23920781217973086
0.38236211900775063 0.2376748020685996
0.383808337827522 0.23631737868348623
0.385188635680227 0.2352703083268627
0.3865945123370059 0.2335310179359198
0.38782791149704543 0.23249174933601058
0.3894951824834897 0.23095366572257525
0.3908412921564969 0.22966482683389144
0.39231912981205375 0.2281800008315218
0.3936659911151569 0.22715737758847854
0.39507901721553285 0.22557606997078228
0.39643468964460593 0.2245124784457424
0.39796501338630186 0.2230025939974163
0.3992011297831849 0.22192682401177644
0.40072477810127805 0.2205425670494059
0.40205132077303607 0.21913278305477768
0.4033890147417146 0.2178826934906739
0.40456846149071846 0.21669414569775047
0.4060903543826052 0.21517626053313776
0.4072957438539103 0.21415552060803322
0.4087662553196233 0.2126163909037484
0.41012585730355344 0.21145912036427195
0.411379255309151 0.21027937336377445
0.41263142430564914 0.20905493512672924
0.4140505952686615 0.20766199127407836
0.4152314506155963 0.20649858717507696
0.4168203182654411 0.20488530979228547
0.4179026708570156 0.20408939235361978
0.41917314794281946 0.20287226378770185
0.4204872058896192 0.20146544453677062
0.421815724270569 0.20039829902956607
0.42306209255951 0.19904459974856015
0.4244841974798216 0.1976972856976673
0.42557841292113296 0.19680092654676473
0.42689046679519016 0.19550581135535094
0.42808854606717095 0.19418717549752618
0.429535058131041 0.19305960192973437
0.43060552978762356 0.19181796551729646
0.4318966272862622 0.19062776344776577
0.43309401044977713 0.18959448033992798
0.4342423779299407 0.1885015734354133
0.43551701715642954 0.18721571388253289
0.43692013170744703 0.18585327665960305
0.43800701546068455 0.18496493097870503
0.4392892331486241 0.18343607957428154
0.4404485280152248 0.18260353713080424
0.4416928342337815 0.18135668473115074
0.4429143599581432 0.18020535250459435
0.4440649124728454 0.17907563556415984
0.4451458663008091 0.1779741890194897
0.44638001074268907 0.1769572313921275
0.4477281094588249 0.17533052777594915
0.4487724280648163 0.1746420860043303
0.45006204218684187 0.17340615412222404
0.45097373905682325 0.17252392465919208
0.4522652710607432 0.17114508086613722
0.4534552382285245 0.1699368789323985
0.4545680279592732 0.16903982169178733
0.45573057532606165 0.16793770408570718
0.45695459409659167 0.16645366559926122
0.45803974620017784 0.1657135764346782
0.4591644944391583 0.16458934990832352
0.4603830515673003 0.16328427534376755
0.4614172367263739 0.16237039981277124
0.4625746051366223 0.16115389764854204
0.46366373702490626 0.16023342121165318
0.4647534642896537 0.1590926426191075
0.46590416918318545 0.15786298249419617
0.4669046638060318 0.15705244552466535
0.4680236711167496 0.15599592917198424
0.46922827381186105 0.15474951759504574
0.47026781318775746 0.15375778271708462
0.4713263190809255 0.1527463653892549
0.4724093442249243 0.15162778572308522
0.4735304123214533 0.15067445473207353
0.47457084564520924 0.14978048966020552
0.4757659680297014 0.14847066063402758
0.47680034207584876 0.14730724551167884
0.4776895030180174 0.14641910271375824
0.4787222799379415 0.1454939807207969
0.4798265497279711 0.144653439411762
0.4808386215224004 0.14365247856819274
0.48186190175585353 0.14284935558321266
0.48297810754611936 0.14158305731409304
0.4841402927931525 0.14037865596444465
0.4849820995393367 0.13967446822718155
0.4860777162962763 0.1385193706904715
0.48704722299831527 0.13758271705289715
0.4881374922294154 0.13647004924275508
0.48915912473029366 0.13552682033439312
0.4902845140191022 0.13459802511937013
0.4909857713973874 0.1335296128631689
0.4920711438766051 0.13266711787553676
0.4931628481916551 0.13152436986195526
0.4941492909365931 0.13059030189464327
0.49506907727625127 0.12991435365550053
0.49605106278081157 0.12881638475825263
0.4969831532956136 0.12802572070246976
0.49801317105367826 0.12693473165796476
0.4991024706091969 0.1257953769835357
0.4999366624071725 0.12511832235553677
0.5008504355265189 0.12394852624815733
0.5017553706943886 0.1233050853271418
0.5027617209692338 0.1224407231664355
0.5037648848191897 0.12136410850384505
0.5048048961558544 0.12035506731910395
0.5057002491385137 0.1193990899650399
0.5065520728048302 0.11873626284710714
0.5075069472653349 0.11781058820474455
0.5084868776060468 0.11647854143024872
0.5094157736035396 0.11569795498406077
0.5104363551583669 0.11494022976174478
0.5113691823795452 0.11390818720625029
0.5122048396941908 0.11306861940983937
0.5131000422579145 0.11227871090360786
0.5140168998716284 0.11138371577993433
0.5148506575022088 0.11039565917981276
0.5158234810984492 0.10970580685088549
0.5167901394810693 0.10863308949479622
0.5176603353079609 0.10766078209941332
0.5184292547586813 0.10721754672078221
0.5195039294033891 0.10583173040134453
0.5202685822640896 0.10521549757340642
0.52117402307527 0.1042793300616407
0.5221247611909366 0.10353112003601272
0.5228597665810318 0.1025541713343543
0.5237550706105573 0.1016606756651739
0.5245467078557932 0.10107172470858172
0.5254862601461577 0.10011159684940418
0.5263662812473276 0.09924551358714329
0.5272535485033555 0.09834236944411856
0.5281319169001258 0.0975046618128863
0.5290037864010663 0.0965814855572158
0.5296858470738738 0.0959787221416939
0.5305936950579079 0.09520880341443605
0.5316319959155485 0.0940897540405432
0.5322954860342205 0.09342284672625811
0.5331767406980593 0.09265618945495246
0.5338979852639608 0.09177764987209347
0.5348775154338697 0.09096462151931206
0.5356846794109188 0.09022935110358232
0.5364312239917476 0.08944998561629602
0.5373194938136857 0.08866506008135588
0.5381647892015281 0.08774778275724349
0.538822589488878 0.08702365113408694
0.539670724488715 0.08613772698479982
0.5405450184814301 0.08524694319907145
0.541352196756438 0.08452012051395696
0.5421324251763223 0.08358095808841015
0.5429703874700144 0.0830553985527045
0.543807456528398 0.08226089325406116
0.5446057816687074 0.08133601262266565
0.5454094194145996 0.08053400804474342
0.5461187024644666 0.07988794693571122
0.546747398689024 0.07944540790059484
0.5475854421438752 0.07836307387406483
0.548475380246754 0.07774438487778013
0.549199857897933 0.07695549399704738
0.5499892148487137 0.07600454170725479
0.550811374166213 0.07519137132328102
0.5515436924758427 0.07464655410478627
0.5521781882952178 0.07390556950808347
0.5530881466686762 0.07290386299256468
0.5537773677499086 0.07225278392683343
0.5545315125044868 0.07157823056111567
0.555314051377661 0.07073771556349673
0.5561845557264379 0.06991598787671771
0.5567055753394033 0.0693576849095856
0.5576022646223636 0.06858264234401212
0.5582123102162454 0.06816192309540559
0.5591289132347387 0.06692035755049996
0.5597341602632621 0.0666568451967875
0.5604765223213474 0.0656849587356183
0.5611089946138438 0.06511085552255436
0.5618652089219979 0.06445093770284638
0.5625873044835598 0.06356897270067341
0.5632921160325989 0.06297519607671265
0.5639388538554907 0.06222512687535797
0.5648265501648982 0.061655960082380945
0.5653367992914794 0.06077792330933485
0.566118388927726 0.06025845547457487
0.5668664203615393 0.05945761475629774
0.5675533163898515 0.05893954326601425
0.5683559643587736 0.05796264138915186
0.5689400671408907 0.05716993515060231
0.569672838520252 0.056553558500065604
0.5703666959817003 0.05594567011887763
0.570977972464371 0.055325221854302775
0.5716940521025154 0.054690835001429905
0.5724114343819641 0.053830394697110595
0.5731152901462052 0.053061795328230854
0.5738325122319318 0.05257014638803437
0.5744424660577899 0.052036064596311826
0.5750856723129151 0.05131916114909263
0.5758801142457445 0.050523716855326084
0.5764053699206756 0.049959323219199714
0.5770576248388682 0.0492907821886579
0.577788941697497 0.04872752877104469
0.5782894862657896 0.048019232895907926
0.5790726852631948 0.04737573516685534
0.5797265471829608 0.04694779009347183
0.5805562475461553 0.04575538756622488
0.5810080228041633 0.045505949195569384
0.5817300393729387 0.044642707386359115
0.58231602185003 0.04413748405701612
0.5830470783778551 0.043485906103094774
0.5836243770675521 0.042522397982213356
0.5841840046195527 0.04229501002853753
0.5848398767079132 0.04144293482937855
0.5855770811512898 0.04067634107671814
0.5861753930959105 0.040440275984206187
0.5867491192212891 0.03963253037303427
0.5874753895055339 0.03891626067692777
0.5879490076540449 0.038571526264586486
0.5885242501742441 0.03792129456100768
0.5893324683804563 0.03709117013938701
0.5898677193010914 0.0365535830611996
0.5904401871067685 0.03609367011283848
0.5911240778308092 0.03539753698996351
0.5917573969441757 0.03472953652475219
0.5923022189414734 0.03403113795361601
0.5929396904618455 0.03352115503619468
0.5934092125771392 0.03300695050246727
0.5940100358886339 0.0326360739802094
0.5946735411981366 0.032073449197004944
0.5952575385539164 0.031156326042217186
0.5958085581033835 0.030700694209533586
0.5964226980531832 0.030298274674264825
0.5970714654495805 0.029603797434678336
0.5975353025203526 0.029007075064720667
0.5982714436178206 0.028131006562085892
0.5988145204616085 0.027732296318851102
0.5995169154038759 0.027110296258117783
0.5999758967208481 0.02668088268748181
0.6006311842526936 0.026084963033707442
0.6010357593053192 0.025510478950042437
0.6016932093571526 0.024966977310575622
0.6021092520173649 0.02449521539643018
0.6027052931390405 0.023940184787006213
0.6033466829536768 0.023211943498950616
0.6038967359270883 0.022589961762730315
0.6044749870627036 0.022178611795612646
0.6050219586983251 0.021518522552895103
0.6055641320433828 0.020723981518545598
0.6062953166831008 0.020168432719086526
0.6067285636998611 0.019753313174547538
0.6072492517700635 0.01932541654387876
0.6078211813994406 0.018855646786000158
0.6083318354989747 0.018346501446484087
0.608847974031186 0.01753702334911522
0.6094363642185904 0.017132703526273163
0.609928162155659 0.01665960351906981
0.6104632600376775 0.01607135102977275
0.6110597656830358 0.015353862689252429
0.6115572784585949 0.014982713965181027
0.611995414565511 0.014462978424581996
0.6126070491661925 0.01400972788278132
0.6131090528195834 0.013483719701691932
0.6137228772317079 0.012936601046519058
0.6142189635068781 0.012265804598545316
0.614735322587958 0.011823848149298044
0.6151192769719537 0.011586211056633378
0.6157706518411393 0.010828385180776667
0.6161720243747643 0.010359982998821682
0.6167980871245057 0.009743849069920207
0.6172640076263262 0.009343984528483729
0.6178056133604098 0.00891636302223775
0.6182924069014243 0.008245013434416082
0.6187637569335235 0.007735070519127918
0.6192072856566136 0.007398700606687569
0.6197128031384244 0.006944464601613465
0.6202702108904735 0.006233586837686378
0.6207312314360384 0.0059415091582915025
0.6212552418892333 0.00554111977697902
0.6217629889545887 0.00471687065249049
0.6222685426935833 0.004499157078069915
0.6227186406330788 0.003911904335977212
0.6232289138676 0.003333386336347832
0.6236810226069046 0.0028300449796490046
0.6241585984473866 0.0022982778574547336
0.6246187104877553 0.0017893501746784057
0.6250985348900772 0.0014278708732780032
0.6256584569380031 0.0008353614604907911
0.6260604465358331 0.000439155260483437
0.6265364422888936 -3.8091118958805126e-05
0.6270613050913073 -0.0003131425008011668
0.6274700461152259 -0.0010236909312477671
0.6280354282037713 -0.0015987576753015986
0.6283704055857889 -0.001909979036618381
0.6289331817765212 -0.002555296277035879
0.6294607388349 -0.003049476714735544
0.6298638141339244 -0.003414184053406988
0.6303817370135437 -0.0037590794233348657
0.6308022218460362 -0.004359619423365935
0.6312417336446839 -0.004705792671135578
0.6316669213632268 -0.005219114713041373
0.6320818031491012 -0.005544875293110874
0.6325227351021608 -0.005861232520175674
0.6329455566242109 -0.006498566039911946
0.6335404346753958 -0.006926363019456039
0.6339560566817385 -0.007337810584729487
0.6343749916272347 -0.007787231221406454
0.6348100155014825 -0.008255774083751666
0.6353337599017354 -0.008670235023869655
0.6356639408396049 -0.009139219870121895
0.6360904902163304 -0.00954784058265501
0.6366370519835606 -0.010095778548314893
0.6369848258364649 -0.010555396318714383
0.637402255943183 -0.010989958050606985
0.6378342325810594 -0.011594103930534283
0.6383384619094602 -0.011969128378142235
0.6386156682379963 -0.012235178254521362
0.6391459544341173 -0.01260031709670395
0.6396005473661698 -0.01310104884728025
0.6400082244925361 -0.01357397994585341
0.6403058018087017 -0.014008181697292343
0.6407975200787547 -0.014422123642280793
0.6413335705312363 -0.014888883975650247
0.6416462064523479 -0.015301394959153392
0.6420436113599993 -0.015772120700875636
0.6424268266660379 -0.016056460092609637
0.6428874493954134 -0.016613242545356233
0.6433168731973936 -0.01667908255323791
0.6437118853110869 -0.017288322477366114
0.6440756136932099 -0.01773891748387668
0.6444921896855723 -0.017998494723832303
0.6448809189995529 -0.01851017051136372
0.6453362914059858 -0.019035340317161697
0.6458387087180643 -0.01945539572063182
0.6461921807473888 -0.019933268180998054
0.6465871064072958 -0.020153947075979506
0.6470013872446944 -0.020746605198759926
0.6473685108844679 -0.02099932209191091
0.6476946925275692 -0.021406593913481098
0.6481588719687162 -0.021675123206122304
0.6484849733609505 -0.022119141699054712
0.6488384587789952 -0.022610591691866633
0.6493480854877355 -0.022839320385938056
0.6496000146795468 -0.023381659041868508
0.6500389461131187 -0.02376561174220493
0.6504083461755515 -0.024090736087184927
0.6508982763658003 -0.024620909632785848
0.6512549748473958 -0.024841810898316385
0.6515192036845959 -0.025206267670118354
0.6519591445235394 -0.02560155095979333
0.6523791191248648 -0.026204569122979082
0.6527142647676746 -0.02632171991231913
0.6530673217717379 -0.026916922734594673
0.6535067751104285 -0.027311334350699434
0.6537947814538475 -0.02752290275391167
0.6543341903122363 -0.02820166803350621
0.6545643562195586 -0.02845469022030489
0.6549657446574219 -0.028971756375057334
0.6552420449564892 -0.02900376980937147
0.6556790038862254 -0.02951026690059222
0.6559781374637755 -0.0298780225081281
0.6563592547921949 -0.030310342290353676
0.6568002762053499 -0.030595673788069933
0.6571148865538364 -0.030926491655412836
0.6575041055794008 -0.03144473317821905
0.6579530443182159 -0.031643756097305964
0.6582417203232974 -0.0319876647690005
0.6585395792862262 -0.032246730424564385
0.6588756057061581 -0.03265304351017195
0.6591706945496979 -0.032847720367947364
0.6595496164031304 -0.03346174963911919
0.6599271660216374 -0.03390917401700033
0.6602716371505476 -0.034340468652791944
0.660682888622751 -0.034812121598692736
0.6609990775322386 -0.03487606870510351
0.6613917871274687 -0.035359463634790256
0.6617744480657767 -0.03580831560422637
0.6620182652491117 -0.036060070369479336
0.6622944025110816 -0.03623356876667594
0.6627095560725486 -0.03679453749721606
0.6630204276013366 -0.03701140850783857
0.6633820844689425 -0.037314584504754
0.6637620444464648 -0.03779055062853631
0.6640678283645772 -0.038085445089217185
0.664341313257497 -0.03851369500349211
0.6647733291286949 -0.03887937035644451
0.6650035423007464 -0.03923899956518517
0.6653728463910152 -0.039524250150864804
0.6657902676290103 -0.03976531569058395
0.6659653345371762 -0.04018268513572032
0.6663883284350948 -0.04057353982928835
0.6667146007376711 -0.04092434448563376
0.6669970816406415 -0.041148692850607516
0.6673586983781373 -0.04167272802271893
0.6675821630834696 -0.04192028306193141
0.6679036850580496 -0.04221417725294785
0.6683098397667632 -0.042682293984503294
0.6685269095429874 -0.04281002081611174
0.6689342146898712 -0.04323160081897526
0.6692215901810837 -0.043684639500754185
0.6695915084566252 -0.04388357436775814
0.669838863976484 -0.04432899069873897
0.6701440782326583 -0.04458362432961338
0.670416535224441 -0.04484856698165096
0.6706916767689107 -0.04513779815747565
0.6710427110942018 -0.04555790138053961
0.6713506225371323 -0.04576733315353487
0.6716968403330227 -0.04606322872093083
0.6719446302767161 -0.046571495810355135
0.6723072480936948 -0.04680953179955205
0.6725634558018666 -0.04707752363827211
0.6729153908806979 -0.04753204061164373
0.673219175597718 -0.047760222057147805
0.6735636323727398 -0.04821266863588769
0.6737318426634237 -0.04850047181413508
0.6740156048927982 -0.048508836119756094
0.6742937238890448 -0.04882126011917931
0.6746664703190729 -0.04952371197283334
0.6749279699522582 -0.04965329930615714
0.6752631877828782 -0.050002606938329475
0.6755288825542324 -0.05028497388903941
0.6757530881778145 -0.05045525088544722
0.6760878819053721 -0.050924177885706357
0.6764829541688452 -0.05139189444436454
0.6767141556635244 -0.051676717248808846
0.6769815126150759 -0.05196216198798531
0.6772999525381475 -0.05208802612678243
0.677545500918494 -0.05251634319259613
0.6778439209859707 -0.0527170158321455
0.6780362271860115 -0.053061127950593256
0.6783627598508831 -0.0533253639407536
0.6786692030972418 -0.05357971335742784
0.6789447713180007 -0.05389346751553026
0.6793082557333155 -0.05442593462254597
0.6794029111000116 -0.05460245027724264
0.6797185518783947 -0.05482700100778071
0.6800870050847777 -0.05519025587583548
0.6803029004023099 -0.05541694512086548
0.6805957157074679 -0.055756345359878834
0.680887073582568 -0.056127822440521946
0.6811183709279159 -0.056490555819021404
0.6814087152733591 -0.056703559167389894
0.6816939037655557 -0.057078898918434096
0.6819716185619925 -0.05737929578364853
0.6821943397128521 -0.05766205544998182
0.6824013669697094 -0.05786379485227333
0.682694346110626 -0.058221716109876365
0.6829045828052397 -0.05830586076506861
0.6832013887815253 -0.058832069677235754
0.6834850224230219 -0.05900786952505577
0.6837862010968837 -0.059323569037909696
0.684014136222682 -0.05979847874866273
0.6842757761744477 -0.06009365654454668
0.6845173767205209 -0.060249280512038705
0.684733624940551 -0.06052482092085465
0.6850251465243123 -0.060770899919953436
0.6852848257077871 -0.06094341656381741
0.685493493547726 -0.06137192630955113
0.6857761329861506 -0.06166205194175167
0.6861389870762601 -0.062228891934077435
0.6863208481910689 -0.062258790309738465
0.6865387463437421 -0.06271262921205656
0.6868195261597027 -0.06295805768220997
0.6870751651284824 -0.06327016067867497
0.6873359341160404 -0.06356560852735882
0.6875190057376167 -0.06369879353956631
0.6878120340537454 -0.0641966089073065
0.687981495844297 -0.06421664065001531
0.6882468878763438 -0.06476249111666288
0.6885409759993623 -0.06493932667194557
0.6887861077994054 -0.0651589546409983
0.6890425921636724 -0.06552940048076006
0.6892955805344624 -0.06584857706926206
0.6895571621942839 -0.06634739640634879
0.6897166063185524 -0.0664357635417403
0.6900120137213658 -0.06655591247426473
0.6902143574083383 -0.06690439615239763
0.6904634276604565 -0.06728784257822173
0.6906927348748825 -0.0675915377534142
0.6909340271611771 -0.0678297773841734
0.6911429661690299 -0.06795874758746412
0.6913858657726554 -0.06818381384932604
0.6915632791897667 -0.06848130799662067
0.6918427151991834 -0.06897770955614457
0.6921171808207448 -0.06927661895689785
0.6922757264452223 -0.069373396601498
0.6925542704554489 -0.06995288963529522
0.6927742741670576 -0.0698415967236381
0.6930489725172458 -0.07031906204980065
0.693116160874765 -0.07041614648894545
0.6934908588460927 -0.07072063644425608
0.693639330172051 -0.07105475956953011
0.6938965195638006 -0.07133983878098338
0.6940997204062554 -0.07159549882527516
0.6943746216164793 -0.07197154722778687
0.6946161904682683 -0.07224100415953649
0.694745578883284 -0.07220013325173746
0.695027740466302 -0.07267436088899593
0.6951445691454038 -0.07292669415006658
0.6954508130497162 -0.07345937805825287
0.6956789822791946 -0.07363104470189885
0.6958606676391962 -0.07374902094196623
0.6960523130052637 -0.07418836628480707
0.6963376998773211 -0.07444123510218015
0.6965006233058847 -0.07456579213408587
0.6967735251181263 -0.0751102687289944
0.6968811289216047 -0.07516330674013516
0.6971833160887723 -0.07562068194716498
0.6973447388199429 -0.07568471164197432
0.697549876001404 -0.07607030840902795
0.6977817891575736 -0.0763248683874389
0.6979087821515447 -0.07678535005903209
0.6981976361939756 -0.07695673373827594
0.6984065175083188 -0.0771343981582564
0.6985912925411658 -0.077295307209849
0.698842247488736 -0.07771248198832503
0.6989914939727352 -0.07800717703277682
0.6992334360845359 -0.0782240616962182
0.6993710402158381 -0.07843736925047984
0.699533389104044 -0.07863539360550598
0.6997517998159427 -0.07890246235954135
0.6999867658594413 -0.07941064215457128
0.7001862604354289 -0.07946997512674003
0.7004136767817725 -0.07998968033179876
0.7005789808522392 -0.0800980253656518
0.700730193783684 -0.08035518215497128
0.7010348458572738 -0.08060646854061648
0.701243290384805 -0.08097390713055708
0.7014477343566733 -0.08120173065377134
0.7016342400801442 -0.08152209355880857
0.701761374206039 -0.08170302788143835
0.7020019593787888 -0.08220895619796842
0.7021513096604838 -0.08226055097342666
0.7023696142126402 -0.08274992803975989
0.7025744335088432 -0.08294148040478566
0.7027503449200229 -0.08321866653907772
0.7029623132550155 -0.08340530699039483
0.7030979728035084 -0.08371050313957973
0.7032937934360456 -0.0839371455026312
0.7034817168450135 -0.08425817468505614
0.7036968951544359 -0.08432366945910541
0.7038754540662541 -0.08492473117464905
0.7041001773152219 -0.08517799058874709
0.7042350548031157 -0.0853024164491758
0.7045024649139512 -0.0859354361757898
0.704636295027424 -0.0858229933142527
0.7048070504448022 -0.08621677994801669
0.7050212210790664 -0.08638963489984075
0.7051350567213982 -0.08661003225407304
0.7053755204354809 -0.08694180539625784
0.7054936417168097 -0.0871904058452111
0.7057037292841176 -0.08765721711500318
0.7058766282159538 -0.08784822818022353
0.706031172610016 -0.08796766764990949
0.7061659194259483 -0.08819934936801865
0.7064498348929203 -0.08857360343825449
0.7065722358153917 -0.08888183971691976
0.7067994155751568 -0.08910576277570748
0.7069691585339427 -0.08946624618886734
0.7071308483416078 -0.0899809279700916
0.7073007378882897 -0.09007039077253931
0.7074802577040508 -0.09033447187845978
0.7076843316656588 -0.09070848995831282
0.7078398996442371 -0.09076990484011915
0.7080319150729809 -0.09095986724797323
0.708109123176139 -0.09140918461336178
0.7083420025043837 -0.09174642860181725
0.7084185745284471 -0.09183801650182155
0.7086638088283076 -0.09221564138618499
0.7088343972987038 -0.09244843720156615
0.7090058142093937 -0.09287728339711943
0.7091930898443476 -0.0932114837578677
0.7093535511527126 -0.09343796900105938
0.7095096395765094 -0.09343685409339697
0.709676339586344 -0.09393075495168302
0.7098395375064429 -0.09437935644395878
0.710015250448688 -0.09456215927877243
0.7102287250255709 -0.09467366754715512
0.7103372676129592 -0.09515328925897149
0.7105071363556054 -0.09551434439073891
0.7106483611082578 -0.09561086074426961
0.7108111165228265 -0.09599088822719382
0.7110245850791524 -0.09625754963689626
0.7111276608844611 -0.09662379906212859
0.7112781235441975 -0.09682688250034888
0.7115041830942858 -0.09715148238443772
0.7115939519055615 -0.09724475001347965
0.711862109403734 -0.09788017755660294
0.7119382419447312 -0.09796149174745516
0.7120267518336257 -0.09819425080257527
0.7121657659661308 -0.09852281483170211
0.7123638765646706 -0.09879783844506695
0.7126306191738448 -0.09942438943718179
0.7126561480613 -0.09939541812370534
0.7129046007782008 -0.099954715131789
0.712957982776098 -0.09994424729212215
0.7132111268245701 -0.10027904684388966
0.7133617212268496 -0.1006673673520675
0.7134851455845069 -0.10090124288614932
0.7136340365136212 -0.10114071773272526
0.7138019264173391 -0.10143602082949443
0.7139468509398578 -0.10183108071391067
0.7140653336226109 -0.1021114397434455
0.7142164446397338 -0.10236693587088785
0.7143892200341032 -0.10274577816264907
0.7145730491865266 -0.10312596734518231
0.7146304232277828 -0.10307603841745872
0.7148328493072432 -0.10364362363556845
0.714928954235296 -0.10385169316107223
0.7150574230960242 -0.10409933168234975
0.7152527314756526 -0.10463290541240777
0.7154049187125112 -0.10480420711551575
0.7155884080613694 -0.10516019095027329
0.7156371351387437 -0.1054511057082621
0.7158655347188917 -0.10561026852834687
0.7160364666996616 -0.1061108056500708
0.7161478527407844 -0.10628783520631169
0.7162821264432869 -0.10663672156158199
0.7163636808778625 -0.10697645755062757
0.7165319066766546 -0.10721816114815352
0.7167296969002138 -0.10757492554070125
0.7168453008038679 -0.10789220678657774
0.7169805219420434 -0.10817601971457713
0.7170476980789612 -0.10835414916016162
0.717263415505977 -0.10887601138295788
0.717420412648324 -0.10923058812444841
0.717488116843226 -0.10931497787381494
0.7176732508167875 -0.10969566259174557
0.7177914880388375 -0.110178324641522
0.7179254751319465 -0.11043271062455484
0.7180607195478977 -0.11056773547954224
0.7181948614411934 -0.11094445920791562
0.7183309473552008 -0.11133727914514302
0.7184961931580466 -0.11162767501286375
0.7185937744096059 -0.11187725190553155
0.7187071229527996 -0.11215559590334734
0.7188626427052592 -0.11268492639920291
0.7189810786784291 -0.11275841177032842
0.7191481268996774 -0.11329461223387871
0.7192291174439099 -0.11378947819547935
0.7193909328148397 -0.11386446586872845
0.7195454178941213 -0.11431607263673627
0.7195905605116654 -0.11438020971426144
0.7197380743222209 -0.1148861759738311
0.7199249599408782 -0.11525626703010472
0.7200604950506743 -0.11551191377344283
0.7201214137189037 -0.11601849350537696
0.7202176855868619 -0.11597750988822053
0.7203942012302486 -0.1165694887310258
0.7205788028080277 -0.11696468402509796
0.7206398945716698 -0.11725462984864055
0.7207838789449071 -0.11772394717708834
0.7209262250007243 -0.11799427900950565
0.7210362287222664 -0.11816783190590874
0.721203026426721 -0.11866187144961171
0.7212626324052155 -0.11879610132246787
0.7213782293190344 -0.1191790033058635
0.7215150458789515 -0.11959531976952231
0.7216931519444544 -0.1199122525824976
0.721791322163159 -0.12029578383495898
0.7219276799062161 -0.12084817180444873
0.7220546705113132 -0.12110565527188055
0.7221187790533851 -0.12143835531334757
0.722263272450785 -0.12171797314720667
0.7224430765629809 -0.12217989215683045
0.7224907171729494 -0.12250959447039267
0.7225961893905591 -0.1226702344050743
0.7227314475065673 -0.12306764825188798
0.7228763085743023 -0.12341885107214678
0.722969919456457 -0.12394378881101153
0.7230769632340036 -0.12414178185515667
0.7231913385094547 -0.12451506693822667
0.7233389643054039 -0.12490182691308038
0.7234537498290504 -0.12538315429129354
0.7235679039637507 -0.1258069516449991
0.7237322575675033 -0.12614840004782546
0.7237743650083189 -0.1263859073765652
0.7239404760804108 -0.12668060594476804
0.7240058300507713 -0.12730799149448035
0.7241670728951689 -0.1276224634194394
0.7242929775143659 -0.12792429354316592
0.7243559544541437 -0.1282538796659174
0.7244333404457294 -0.12850876772611053
0.7245764297503111 -0.1290843190925639
0.7246570068391095 -0.12934883142082532
0.724816578019516 -0.12982945163630433
0.7249659166532224 -0.13013326413779724
0.725072824838579 -0.1306228815244146
0.7251185533977483 -0.13078354459565622
0.72527344420423 -0.13114540966043342
0.7253382192095278 -0.13161592888684082
0.7253788384862886 -0.13194717210082518
0.725539533661855 -0.13233099937000592
0.7256588744722928 -0.13279162051180493
0.725814847366698 -0.13340091253255526
0.725921961229668 -0.1335937716373501
0.7260157281576837 -0.13404782504150914
0.7260391025033611 -0.13432226159052751
0.7261725823212065 -0.1346184256558094
0.7263574670469198 -0.1351035865023269
0.7263943715771669 -0.13543844659919713
0.7265343342003233 -0.1360352957531057
0.7266731651359307 -0.13622194809164645
0.7267254091197876 -0.13678150428494473
0.7268404109918721 -0.13724249645178088
0.7269089850391964 -0.13762023070054408
0.7270408153800146 -0.13811719950750811
0.7271527752242416 -0.1384458164520046
0.7272314981463653 -0.13882396979215073
0.7273663984639424 -0.1392893672929676
0.7274446050561204 -0.13960230928855877
0.7275662550362901 -0.14021495157303354
0.7276915559668872 -0.14052423902364697
0.7277629411890824 -0.14099862091913007
0.7278556132498256 -0.14123072226521716
0.7279725918418339 -0.1419026701038626
0.7280796790684348 -0.14224756170390762
0.7281544991923999 -0.14257683461346216
0.728242143576943 -0.14306041075648612
0.7283814767330173 -0.14340240790742054
0.7284892092014549 -0.14377893502400685
0.7285214575458666 -0.1442842040190906
0.7286368664391473 -0.1448126996334902
0.7287534561499599 -0.14518902847854176
0.7288590347312537 -0.1456159032015807
0.7289294475291975 -0.14612874775237605
0.7290704167429135 -0.14663003262728425
0.7291048370814891 -0.1468869854590369
0.7292439117693493 -0.14755747049837242
0.7293473425333256 -0.14797045765223604
0.7294202488041467 -0.1482787796215259
0.7295222666753728 -0.1486518177206626
0.7295869562557992 -0.14913582095538414
0.7297195297415809 -0.14960035233242563
0.7297791021768224 -0.1501511926994452
0.7298485630250763 -0.15044956375784868
0.7299837270344448 -0.15090023331487679
0.7300879913916679 -0.15156466209995845
0.7301858503562481 -0.15210666657810057
0.7302881931905153 -0.15241946712247167
0.730380623144807 -0.15284442688840794
0.7304455908114059 -0.15339036187657085
0.7305015565124316 -0.15382545733806707
0.7305978192095358 -0.1542768243684065
0.7307349953866374 -0.15484581133886421
0.7308073913103871 -0.15526794498239216
0.7308981850248973 -0.1559722535834367
0.7310269405267183 -0.15633459310043696
0.7310904417676581 -0.15665593053456695
0.7311517766232606 -0.15711771637008565
0.7312346628048602 -0.15777237576815017
0.7313361765488521 -0.15817116249774332
0.731362939624468 -0.15854967829356714
0.7315073083845726 -0.15934656079612508
0.731520617502818 -0.15951624991788216
0.7316948445566106 -0.16023204640110533
0.7317612933098093 -0.16073492393973754
0.7318964941281035 -0.1612988872222083
0.7319222366879837 -0.16175351526616222
0.7320143375671021 -0.1621617651732925
0.7321020503827299 -0.16261330540440233
0.7321995353308609 -0.16325436394195503
0.7322771592386875 -0.16382298003191864
0.7323279975847258 -0.1643317999124132
0.7325008851526241 -0.1648241944323512
0.732585907918274 -0.16540660627256343
0.7326155110017002 -0.16577158040659645
