#C1,C2
-0.2503486564643217 0.816724157092644
-0.23609777495731665 0.8029026940155672
-0.22206951298228506 0.7893451604607797
-0.20832689445756558 0.7759885837231421
-0.19490718937336915 0.7631714419338894
-0.18163511128783716 0.7501519521831616
-0.16865697295492388 0.7376110360487683
-0.1557607422474916 0.7252316011624168
-0.14326753725858477 0.7129984419452836
-0.13097656405396196 0.7012159698904507
-0.11889408681795877 0.6896025970055943
-0.10710793406762076 0.6781308044605467
-0.09536015506459616 0.6667987057698966
-0.08390885466034181 0.6557815677878387
-0.07262149983955024 0.6449482845739617
-0.06142426200208195 0.6341884753442121
-0.05069734869269915 0.6238479659769159
-0.03982815728970179 0.6134010087078776
-0.02923361896811794 0.6031944513557436
-0.01895361924616135 0.5933063222453159
-0.008660642101950392 0.583356910860441
0.0014523195671072263 0.5737694772215357
0.011305942401691579 0.5642633813683711
0.021219777354812838 0.5546209251713509
0.030594336331718038 0.5456154809087478
0.040248077629752244 0.5365008158234136
0.04930836986281539 0.5278380861625197
0.05853430265385262 0.5189501384007504
0.06767215070228239 0.5101034612105412
0.07644724593405672 0.5017478658771417
0.08520297738159599 0.49343486961716954
0.09377305496216537 0.48523524076004765
0.10238158595052316 0.4768650223242752
0.11052899627117196 0.46917632937462994
0.11890707245063759 0.46114308283817784
0.1270435453155775 0.4533419138518646
0.135043194673088 0.445744463302725
0.1429808980374796 0.4380589502318354
0.15067239238401475 0.43075448644271896
0.15822518157470422 0.42357218116363404
0.16589638286694208 0.4163082627486274
0.17343692808662226 0.4091130695990064
0.18063190676227336 0.40221710094246044
0.18806043252472493 0.3951970554670472
0.1948677314309566 0.38858197553019214
0.20206650047690133 0.38191793489679615
0.20894233227572168 0.37527621517233034
0.2157342606608561 0.36896331739762556
0.2226483752275108 0.36222951451318475
0.22908346229088528 0.3561416216942238
0.23566879779122707 0.34975243735319694
0.2421481686576522 0.3435938016695048
0.24825422114108775 0.33782578973272837
0.254732747484793 0.3317179143635558
0.26089014661105636 0.3258092833753983
0.26703861054019107 0.3200345544446903
0.27293380569137704 0.31461730157545686
0.2789300566761014 0.30882403618761667
0.28481370151468977 0.30335735924577634
0.29054251305557777 0.2979103085112982
0.2960775044999544 0.2928061845293487
0.30147288511987547 0.2875733311899271
0.30726909828502047 0.28209106171350307
0.3128330575891688 0.27669724606383994
0.31801296657420475 0.27201188427831013
0.3235793993161048 0.26675859082189257
0.32877803277395523 0.2617070663997816
0.33383412678744906 0.25701394567232905
0.3389363710383019 0.252206129536408
0.3439787966347829 0.24755800509309245
0.3489795231981351 0.24273899419777756
0.35394808364102415 0.23810348131276982
0.35857524406447394 0.23356341675428283
0.3634829420031678 0.22904824078639863
0.36816645640197343 0.2248888194126788
0.37276814293307714 0.22024636946575227
0.3773680908249596 0.21598294881215563
0.38187201085605693 0.21179627095775821
0.38624675708168 0.2077450482635419
0.3907835607538751 0.203512037223599
0.3950070820285285 0.19959424139150117
0.39936543942638736 0.19546312786961018
0.4036300719319884 0.19153420916782804
0.40776389562360205 0.18757060277607807
0.41184701893369347 0.18382683076417483
0.4160566608300639 0.17988870865225404
0.4199597333439674 0.17621938575512042
0.4239868981286853 0.1725659235435857
0.42783630954620344 0.16875458533924703
0.43172339461442955 0.1652581305324592
0.43553346732210885 0.16156351055938045
0.43931712759981556 0.15796676337126903
0.4430422030456288 0.1545429341903013
0.4468462865625161 0.15093003866196608
0.4503976894000069 0.14757701210674212
0.45378075520912053 0.1446444007557579
0.45754844582975773 0.14111337888472963
0.4609668312818971 0.13806203629326486
0.46430351693765404 0.1347642386944643
0.4676635666221389 0.13164862549653578
0.4710626176553071 0.12869123593326126
0.4742998857822466 0.12547861685574246
0.4776662089723508 0.12226790435608614
0.48096845652467224 0.11941148608913577
0.4840914164435105 0.11652447421923151
0.4873234380375747 0.11344744915664529
0.4904346503990872 0.11067983113111168
0.49351099370724805 0.10776331267181738
0.49655210948210293 0.10488722831494224
0.499459012113851 0.1023057232615785
0.5023934024762603 0.09959373584142073
0.5053432226457975 0.09689028731983462
0.5082024965215806 0.09417578321527043
0.511062146498174 0.09168618177464372
0.5139655869582275 0.08869243884109967
0.5166494255068943 0.08643414757795764
0.519385491392959 0.08381069249460105
0.5220862827320784 0.0812830083142575
0.5247819672709236 0.07889868512715958
0.5273529204049551 0.07645055391559996
0.5300344508215248 0.0741730576217614
0.532571936940876 0.0716941704078824
0.5351232378447855 0.06935507621894565
0.537656978225085 0.06697733152263585
0.5401500268035843 0.0646332882464824
0.5426059826902933 0.0623775693555384
0.5449481960706665 0.06036635958106196
0.5473584117600544 0.05800495589487542
0.5497902424031081 0.05580527903045085
0.5520759799728786 0.05361672475534052
0.5544279826108328 0.05160364524999084
0.5565250314249545 0.04973990963743491
0.5590141656611193 0.04750181277464938
0.5611066498378118 0.04568189871791373
0.5632938220405658 0.043462790341428414
0.5653684767559691 0.04157328874738875
0.567636566742347 0.03951525808118017
0.5697713467678028 0.03763955385724027
0.5717732654282145 0.03573510811822178
0.5737670164985097 0.03390845303919798
0.5758802137351505 0.0320167535352347
0.5778369368708799 0.03018473383003073
0.5799216614282009 0.02836223433179952
0.5819472971154317 0.026487424099781665
0.5838839049275913 0.02471605306284963
0.5857453446301454 0.023000790876597677
0.5876024914798766 0.021343337954018216
0.5894594130400078 0.019567518689584285
0.591413397599908 0.017924551863167215
0.593168040422663 0.01626450837565452
0.5950129424629448 0.014704575449782764
0.596803195052766 0.012924792070797109
0.5984760800149526 0.011443929433131883
0.6002404406709513 0.009964782778787429
0.6018788598496477 0.008340050568428348
0.6036295112029147 0.007003384721161021
0.6054539736742036 0.005070167381351798
0.6070421780478107 0.0036907322600951975
0.6085639662411167 0.0023807679794143333
0.6103467999532143 0.000761785095400036
0.6119292058828442 -0.0008259203869191989
0.6135892691059338 -0.0022538773432321246
0.6151174770915754 -0.0036145848326878394
0.6164852063426237 -0.004800672189799515
0.6180595161400969 -0.0062949401142924355
0.6196014882184592 -0.007626115026552416
0.621022516331548 -0.008844212645763294
0.6225983437856809 -0.010358606224406541
0.6240073957400062 -0.011683532418065523
0.625409688552511 -0.012899819382877542
0.6267898493638576 -0.014233916063488783
0.6282458033415562 -0.015294731933469086
0.6296361228164659 -0.016696045500731005
0.6309412090498695 -0.017824584624039908
0.6323101882771601 -0.018934744080342014
0.6337154652399087 -0.020426914825864007
0.6350032334066943 -0.021518256456897866
0.6362314102986998 -0.022521840522416348
0.6376678150040528 -0.02388321529264803
0.6389185072049505 -0.024911312378713024
0.6401999247273632 -0.026199588449395073
0.6413558415538562 -0.027167631508781653
0.6426943881502906 -0.028334428034282766
0.6439106120985795 -0.029498994902655395
0.6450984505940281 -0.030602484443633893
0.6462065067305623 -0.03162920305225159
0.6474213664594682 -0.0326009849668667
0.6486285803046038 -0.03369464492179164
0.6496389133268016 -0.034518837824296655
0.6509071257611571 -0.035607613639299984
0.6520272835848252 -0.0366006417852518
0.6531222909592079 -0.037724656440595083
0.6541088206872304 -0.038578399757455584
0.655206495663193 -0.0395070149109491
0.6561817004432021 -0.04036935244645812
0.6574544661605567 -0.04140339789315872
0.658494767297587 -0.04258136843716964
0.6595065456345987 -0.0433454743790862
0.6604474583251668 -0.04427560354957194
0.6614297448263117 -0.04503468991350257
0.6625300378131672 -0.04592437885070222
0.6634649384770382 -0.04693688541288332
0.6644353639718411 -0.04768418495490456
0.6653435781406224 -0.04882086678520858
0.6662939401566889 -0.049404084623607236
0.667304156657866 -0.05027809683915452
0.6682557460669395 -0.051156365874399645
0.6691031229331471 -0.05185778456167167
0.6700704003206795 -0.052605711413870715
0.6709340157327396 -0.05346535777694261
0.671847074105938 -0.05442770288593546
0.6726199591932157 -0.05493875210894861
0.673557942713691 -0.05569205111168829
0.6743419774798928 -0.056567599821753856
0.6753109076153682 -0.0574783926404947
0.6761385464531714 -0.05800845024694068
0.6769115673264151 -0.05877134792304006
0.6777214146850875 -0.059549506077448466
0.6784720200181217 -0.060008661621479886
0.6793688306919948 -0.06095113226881388
0.6801306261512584 -0.06168147906608401
0.6809101237596699 -0.062470788356230766
0.6816997645196677 -0.06306530848042646
0.6824597864930638 -0.06348994079189363
0.6832683158865528 -0.0642642579998507
0.6838996737022763 -0.06492598157946583
0.6846615671996504 -0.06561069194263824
0.6854331829282231 -0.06630431758131983
0.6861465882925867 -0.06689111319181507
0.6868302132631937 -0.06766473033074027
0.6875719533386796 -0.06833647352328653
0.6882216985942474 -0.06855900198161535
0.688935044438134 -0.06935846857760253
0.6895604570248078 -0.06995984195569727
0.6902947652916623 -0.07071662710749371
0.6909287426247578 -0.07112722091159251
0.6915143075421154 -0.0717337619462517
0.6922442966043546 -0.0723252930531002
0.6928700226693841 -0.07271790094178843
0.6934829935327388 -0.07335065233713811
0.694104046192216 -0.073949990929709
0.6947634367007288 -0.0744455760175895
0.6953509010620281 -0.07499741302775487
0.6959733539398786 -0.07537514478668639
0.6965005054809937 -0.07591985643607169
0.6972239886426691 -0.07674878826425546
0.6977338993542846 -0.07705352006084065
0.6982906237997072 -0.07749011166997044
0.6988849491170525 -0.07818765893419699
0.6994997609420631 -0.07861759110914601
0.6999604245264793 -0.07911448494536222
0.7005299282126557 -0.07963757297910101
0.7011050208401525 -0.08001518116550121
0.7016402342528186 -0.08048108476281723
0.7022046266822736 -0.081122363014827
0.702737148227914 -0.08139939468755109
0.7032013428262619 -0.08161036285935386
0.7037588106628144 -0.08219260379194271
0.7041987266591071 -0.08278110804573147
0.7047480109783123 -0.08322390655059775
0.7052781675873186 -0.083684519583892
0.7056554234928946 -0.08386335598073558
0.7062594594295105 -0.08447473830576602
0.7067814893803684 -0.08498057393464964
0.707210395515543 -0.08525660781158195
0.7076596678739532 -0.08576883650925082
0.7081361156969518 -0.08630420020565599
0.7085811310506339 -0.08640327255652669
0.709069739704746 -0.0867030230780168
0.7094487286051089 -0.08717645251902484
0.7098608284079978 -0.08744555602661541
0.7103440988694517 -0.0882415337136484
0.710798232542427 -0.0884745693656046
0.7112138398513032 -0.08901983837769012
0.7116790684127706 -0.08933633569972455
0.7120269654502213 -0.08955845135365204
0.7124861187194632 -0.0899356741986519
0.7129892327136315 -0.09039696639335482
0.7133524197328135 -0.090754030345781
0.7136699337020417 -0.09094549346752956
0.7140683263038031 -0.09112892193724709
0.7144763786783385 -0.09159539896579116
0.7148949223763851 -0.0920679900841086
0.7153032512411316 -0.0921135488011604
0.7156309409682523 -0.09247635002088783
0.7159833542778741 -0.0928887273311616
0.7164318361283509 -0.09328496069773595
0.7167663782614052 -0.09363788862984657
0.7171289519669072 -0.09391359180586445
0.7174872796985577 -0.09428180988054224
0.7178054410720022 -0.09451760043823532
0.718188612707204 -0.0949244836854315
0.7185850756763777 -0.09512386923639671
0.7188658129200095 -0.09525015353368649
0.7192424154399951 -0.09585009320535787
0.7195229028813327 -0.09602132871532043
0.7198587660157222 -0.09626349188603456
0.7201727485132391 -0.096591057040464
0.7204936444256486 -0.09699915332790376
0.7208246311220442 -0.09705018491307826
0.721196151101663 -0.09752096052354653
0.7214945312292437 -0.09760657929519168
0.7217896258001669 -0.09793227946483674
0.7220990094636818 -0.09807864944681421
0.7223843832444513 -0.09835444636097024
0.7227017985682634 -0.09882013349707397
0.7229599234052629 -0.0989433623281768
0.7232262993162889 -0.09920732632136153
0.723575587405925 -0.09967423001317632
0.7238767258902904 -0.09971923034614161
0.7241280725019531 -0.09994159377411238
0.7244549869696123 -0.10044103339365096
0.7247104547391808 -0.10045909355494853
0.7249232271618414 -0.10076691366729107
0.7252755841401174 -0.10098509790597499
0.7254601032176192 -0.10109408790883223
0.7258028285204478 -0.10146840378860933
0.7259997576672569 -0.10171636843899257
0.7262997227030173 -0.1017648584731432
0.7265355087855482 -0.10216299212517899
0.7268135494521218 -0.10233932436880577
0.7270235937140958 -0.10247919108801917
0.7273031856077968 -0.10257240979983195
0.7275247145113134 -0.10292506414580793
0.7278140234841147 -0.10311212444960138
0.7280314107989937 -0.1036181106210401
0.7282287081973621 -0.1035483741433103
0.7285184354365789 -0.10378720304857625
0.7286957548125877 -0.10404931362583336
0.7289008090616947 -0.1042106561523719
0.7291449685350307 -0.10417407682051794
0.7293802688961065 -0.10448947139709719
0.7296387074267138 -0.10483237289522696
0.7298498005854334 -0.10512391699737234
0.7300684784930552 -0.10522603194445468
0.7302518731304867 -0.10537746187617358
0.730468391548733 -0.10550927626391093
0.7306963982994886 -0.1058002404415439
0.7308417712372147 -0.10582975001369999
0.7311131823239033 -0.10605014614026498
0.731264097830966 -0.1061683605241166
0.7315232865242852 -0.10666582163770855
0.7317260113860545 -0.1065390958589103
0.7319260571982996 -0.10664532017031036
0.7320419282179181 -0.10679639295489851
0.7322533418672045 -0.10716427618529112
0.7324794617015665 -0.1070078199014517
0.7326682232767733 -0.10722988460976568
0.7328065642003786 -0.10762563308013551
0.7330708118555137 -0.10775717935202134
0.7332208054383521 -0.10798711507213654
0.7333891203321953 -0.1078686098745012
0.7335451180242379 -0.10821377200559512
0.7337396299116626 -0.10827100012942448
0.7338897788050324 -0.10834128376300001
0.7340757093084657 -0.10873878895268141
0.7342065085458284 -0.1088104551602953
0.7344281769635216 -0.10876917784579332
0.7345815411882538 -0.10898966713887437
0.7347168821217939 -0.10913738711296395
0.7349464739919019 -0.10949089227247866
0.73506927953596 -0.1095701306528356
0.7351947020130717 -0.10952170874187206
0.7353879954938248 -0.10987787067842358
0.7355500411650152 -0.10999986150194974
0.7356777477535529 -0.11010980736330245
0.7358245566958858 -0.11018605941106041
0.7359896758691399 -0.11021219983676622
0.7360694051289859 -0.11041057648390007
0.7362912921058212 -0.11066441084465839
0.7363938524740451 -0.11065905997148784
0.7365868116476794 -0.11095049081350283
0.7366838961651009 -0.11106204616685011
0.736860352879453 -0.11108058429828715
0.7370029869270945 -0.11132525777730184
0.7371399380892166 -0.11127443733463149
0.7372730524900969 -0.11138232407410853
0.7374048315529157 -0.11158922791948434
0.7375338541922613 -0.11178084680061184
0.7376548937450439 -0.11173465111087943
0.7378063749461926 -0.11181559583042122
0.7379171042569069 -0.11188754521352173
0.7380609128339005 -0.11224152935945475
0.7381887714429914 -0.11220161661459449
0.7383218993267496 -0.11238695358680317
0.7384610344361168 -0.11253714163240502
0.7385557276667715 -0.11279838079840254
0.7386284953141716 -0.11276167075485088
0.7388059530423406 -0.11291182243904774
0.7389219806073867 -0.11303600523155533
0.7390066715682116 -0.11322424664996666
0.7391567231353083 -0.11332690376221555
0.739234669085774 -0.11317851376961219
0.73935923915248 -0.11323289394438651
0.7394600576466662 -0.11348421522121455
0.7395802860055026 -0.11345911400465036
0.7397103507918915 -0.11374810472847696
0.7397856138556435 -0.11380054091205771
0.739932078925665 -0.11377965860152806
0.7399737515428254 -0.11386710816997936
0.7400545371337287 -0.11388767477859685
0.7402453015920648 -0.11396305845740318
0.7403309942177031 -0.11416514537695899
0.7404046446661218 -0.11433538294451862
0.7405219910833537 -0.11444268039019545
0.7406172524687406 -0.11419472394007335
0.7406967673579598 -0.11444943580869649
0.7408038779344582 -0.11452871942088594
0.7409263733354853 -0.11486460027081269
0.7409974474715074 -0.11501244617459228
0.7410670804709761 -0.11505786039657351
0.7411823788002426 -0.11511146162202412
0.7412480532858711 -0.11498522022747037
0.7413651097356847 -0.1151408139814698
0.7414649562182477 -0.11520833080673598
0.7415460459966731 -0.11523267789267044
0.7416409168509156 -0.11530242282773373
0.7417375377413803 -0.11547573537035438
0.7418141020877814 -0.1156458318686
0.7419108026597804 -0.11544613472261833
0.7419738916467874 -0.11556694695171355
0.7420674698113178 -0.11590193657968406
0.742120587416326 -0.11574902824796873
0.7422334916451728 -0.11608851293506928
0.7423109381042962 -0.11621375705996395
0.7423804074156838 -0.11612844776140596
0.7424408226603808 -0.11605843506658808
0.7425348018834718 -0.1161600766236528
0.7426105458908533 -0.11621392200841152
0.7426825837448411 -0.11641075540315948
0.7427724732892157 -0.11636761114877814
0.7428326659957821 -0.11634712382357204
0.742924589403044 -0.11651559793985444
0.7429801028897746 -0.11666545626041747
0.7430558244811426 -0.11645590521374971
0.7431048598358957 -0.11677169443893964
0.7431831897795925 -0.1166966553926374
0.7432547827809618 -0.11690904028338966
0.7433410651941285 -0.11702259538763671
0.7434083068543004 -0.11709866838722016
0.743477363587581 -0.11702229926314267
0.7435200614386822 -0.11704205592699979
0.7435886562837161 -0.11718878318006243
0.7436586462404892 -0.1171465383717234
0.7437425915949399 -0.11756516912542514
0.7437711891862077 -0.11731052873389447
0.7438561375393317 -0.1172612834374327
0.7439198612734578 -0.11740159545056672
0.7439815239745154 -0.11759853114510821
0.744028713659565 -0.11748664284751453
0.7440820090042602 -0.1175991034619217
0.7441367720414026 -0.11773908544954681
0.7442168857405703 -0.11785069006348259
0.7442639657033318 -0.1181888246287015
0.7443257732347256 -0.11793380981287527
0.7444027073917511 -0.11794844461912857
0.7444347643859474 -0.11802141054753745
0.7444749794367854 -0.11791439984619823
0.7445497815497913 -0.11798557177447022
0.7446099933889166 -0.11805122744900376
0.7446849093548801 -0.11829492805160435
0.7447243459682541 -0.11827709338809189
0.7447655253615134 -0.11824170204720752
0.7448160140605445 -0.11844582556336647
0.7448844724279445 -0.11831726335330583
0.7449376898482277 -0.1182815916751927
0.7449657596437026 -0.11851554343389048
0.7450248845747817 -0.11836498228995262
0.7450901658917449 -0.11877594730265728
0.7451443938449803 -0.11859488167023824
0.7451727088391275 -0.1186084025286136
0.7452048308972593 -0.11862782381969783
0.7452753109831817 -0.11883549961915274
0.7453216321569031 -0.11892280157351398
0.745336857900807 -0.11887282654154263
0.7454103727458038 -0.11872234997920716
0.7454591989240408 -0.11892199550338378
0.7455014107861769 -0.11893775184028765
0.745557216434977 -0.11886704733365283
0.7455896070161411 -0.11926187821500633
0.7456402006361859 -0.11907093120560974
0.745673241230754 -0.11900147184971921
0.745725383216206 -0.11897864582146167
0.7457416380571363 -0.11913936722878415
0.7458125008303907 -0.11934571087119172
0.7458521268590029 -0.11909119193108508
0.7458996711799241 -0.11940419770116728
0.7459199940980096 -0.11942625137903917
0.7459394815656851 -0.119186975946032
0.7459932863213282 -0.11947439127853143
0.7460279366053747 -0.11945856090297813
0.7460939177784746 -0.11959749625489646
0.7461339851700458 -0.1194834963978535
0.7461460177116398 -0.11955688830061462
0.7461900259860844 -0.11963595086794299
0.7462206318880603 -0.11975850636398833
0.7462678367770627 -0.11979900500100049
0.7463111684436236 -0.1197309138179059
0.7463241264049431 -0.11986707724701162
0.7463850421748431 -0.11977702759445408
0.7464246400513032 -0.11968046905219198
0.7464412582422572 -0.11985380318388894
0.7464765951575415 -0.11983390290504614
0.7465060510889149 -0.11990711762730166
0.7465411264570058 -0.11991531239607878
0.7465563395752727 -0.11989806447492701
0.7466092936652514 -0.1200562285046125
0.746642272253559 -0.12012218827529786
0.7466630110777769 -0.12011087752182781
0.7467154519370306 -0.12012855201843364
0.7467325035801303 -0.12006563761001954
0.7467781201899092 -0.1201657250681869
0.7467979372389507 -0.120276482323598
0.7468355282103561 -0.12025011457106327
0.7468484850489189 -0.12035462628052418
0.7469055246285446 -0.12038267546251658
0.7469055429631336 -0.12041796582162512
0.7469516335457335 -0.12044935216827635
0.7469756716640773 -0.1203277520342203
0.7470256459752219 -0.12057261610960168
0.7470207024922085 -0.12036940931078122
0.7470557629529747 -0.12048728379223239
0.7470922862099151 -0.12066057095751348
0.7471168945050685 -0.1206451599228473
0.7471440918703208 -0.1203947017709801
0.7471567960261442 -0.12051421601102796
0.7471938042657583 -0.12054608665179489
0.7472338754864868 -0.12055223730247544
0.7472554774390404 -0.12084816982169255
0.7472817813562026 -0.12064102028192081
0.7472970876703039 -0.12086335192127762
0.7473415831552784 -0.12075193895286107
0.7473401977658792 -0.12073081915837469
0.7473759069734301 -0.12074804979081843
0.7473993180314896 -0.12083791264856303
0.7474230897874715 -0.12103017096042423
0.7474227138535393 -0.12078719958155903
0.7474674798670794 -0.12110244065699538
0.7475002256616775 -0.12089464867178346
0.747509637803801 -0.1210265116991367
0.7475314838507338 -0.1212323080515798
0.7475680637779559 -0.12121682082445617
0.7475833561224646 -0.12110730403315917
0.74760558682096 -0.12105281089697151
0.747624294086661 -0.1211346868068146
0.7476395418384291 -0.12120372284997671
0.7476648012447907 -0.12123910734990218
0.7476886330592621 -0.12116112309150773
0.7477172105486748 -0.12127126552184286
0.7477473384096308 -0.12117014453687802
0.7477523193983969 -0.12117552829035128
0.747767206742893 -0.1213605278267369
0.7477817390843527 -0.12118105753429242
0.7478117808972223 -0.12133500233115968
0.7478341891725026 -0.12130455361925807
0.7478592708146233 -0.12143310357684456
0.7478779437788207 -0.1214028833783447
0.7478736343671663 -0.12133219068056245
0.7478925522872119 -0.1213636153911335
0.747916593911831 -0.12151082938823743
0.7479490321033647 -0.12143254062462061
0.7479577769471216 -0.12147199091881
0.7479851906428677 -0.12160431503036895
0.7479783724174943 -0.12153480634082059
0.7480173412727046 -0.12151881615854809
0.7480260759302416 -0.12157584664734378
0.7480505820741868 -0.12156711481940397
0.7480555356856317 -0.12189441650810084
0.748080391988435 -0.12164122806414457
0.7480886253197964 -0.1217864502932704
0.7481208776640061 -0.1218426644292887
0.7481374875061145 -0.12186543100573188
0.7481568352154845 -0.12180058838287144
0.7481671009762282 -0.12176249226296232
0.7481640699179858 -0.12167660747346343
0.7481948563488588 -0.12189299970371636
0.7482076590466068 -0.12179923169280427
0.7482348086241973 -0.12205089614160425
0.7482504848344155 -0.12203375023008789
0.7482442714340033 -0.12191549991150041
0.7482803343717636 -0.122040949559308
0.7482981401016456 -0.12204460662064909
0.748294122649397 -0.12205235105227152
0.7483170260891449 -0.12216996029976168
0.748321645462887 -0.1218871088344331
0.7483522640870034 -0.12219312057126785
0.7483626190152975 -0.12226735976007541
0.7483634055374556 -0.12207177779062484
0.7483860166255157 -0.12227103542910056
0.7484038683412996 -0.12230959919191609
0.7483962430578405 -0.12204512956088887
0.7484336427788764 -0.12235104000856145
0.7484327108318171 -0.12213340565040354
0.7484457467970657 -0.12218525971268757
0.748466559479832 -0.12246282968625288
0.7484755394673955 -0.12220418267097122
0.7484902779853387 -0.12229806649497599
0.74849914864438 -0.12232769200924776
0.7485077886089931 -0.1222788273809674
0.7485271540493889 -0.12233037126455093
0.7485319284152075 -0.12231102494649315
0.7485586683710445 -0.12260375091080955
0.7485540035021924 -0.12274222569205073
0.7485776569754471 -0.12257463882011566
0.7485871760567034 -0.12253391115174717
0.748607548557754 -0.1225207571800464
0.7485900949805214 -0.12255005935604735
0.7486141730943153 -0.12263914891116845
0.7486142424062431 -0.1225143543814664
0.7486404654462903 -0.12264749243546569
0.7486392884278114 -0.12255567984613558
0.7486564113095796 -0.12270376330415123
0.7486612861647121 -0.12277433244841718
0.7486805667469033 -0.1225597396162692
0.7486844445979776 -0.12286868669903361
0.7487067893216232 -0.1227160547350361
0.7487152266372324 -0.12280553563649588
0.74871210178714 -0.12286786371835201
0.748728266107949 -0.12282523334985362
0.7487400029910783 -0.12298894286473105
0.7487467287005883 -0.1229813157054318
0.7487540369287614 -0.12295598752990422
0.7487757453870326 -0.1228943996897418
0.7487783061402732 -0.12270945595124783
0.7487805044512915 -0.12300777999445978
0.7487825418154087 -0.1227567188147134
0.7488030058288221 -0.12303846150542341
0.7488085965417907 -0.12298903817150553
0.7488203163582697 -0.12296782121266592
0.7488279040360256 -0.12312530040935554
0.7488425958848876 -0.12322474426996721
0.7488423750991678 -0.12321076296037359
0.7488549072177392 -0.12330518847010863
0.7488718455636122 -0.12314468370212017
0.7488782732526297 -0.12321067813505215
0.7488868302315516 -0.12321866583557095
0.7488998304466475 -0.123269988020968
0.7488947338773199 -0.1233289537360629
0.7488996488990235 -0.12345367925760153
0.7489082596847544 -0.1233184605087927
0.748924425082126 -0.12341684883060022
0.7489340426028482 -0.12350315264850442
0.7489338040978603 -0.12343591449832525
0.7489511952022799 -0.123564451658005
0.7489463173918754 -0.12340629007861703
0.7489522735716195 -0.12343488133832281
0.7489639309670667 -0.12363846118815935
0.7489730462392418 -0.12356820394769286
0.7489800158487184 -0.12368068778771169
0.7489892176479184 -0.12362778521752982
0.7489928192797549 -0.12366932043193213
0.7490048595061144 -0.12359836191384677
0.7490107394616473 -0.12369016886440765
0.7490205889700073 -0.12388825454663221
0.7490273256375549 -0.12364952631729387
0.7490314592055666 -0.12386096025748916
0.7490334320186044 -0.12401106236836079
0.7490425893176534 -0.12399502913538463
0.7490507669615422 -0.1238064079073693
0.7490506874123452 -0.12408918073771802
0.7490577328440006 -0.1240741724658232
0.7490724633841744 -0.12420496955678906
0.7490747009616464 -0.12421993026978617
0.7490824284043881 -0.12412531353995715
0.7490910183665104 -0.12408865419434179
0.7490933152178331 -0.12421809961669505
0.749098048102428 -0.12403517890738835
0.7491016991653695 -0.12427978955140784
0.7491107410324126 -0.12410442505475983
0.7491173988224292 -0.12446435616754647
0.749113401606759 -0.12423753590271858
0.7491272360989903 -0.12441069287451967
0.7491298601931297 -0.12436965175065495
0.74913540614475 -0.12414503658242437
0.7491338137838902 -0.12440412852088789
0.7491491351547038 -0.12449137603872673
0.7491518779674554 -0.12454574672201879
0.749162448930149 -0.1246055753184363
0.7491601950964443 -0.12467293311849881
0.7491705757342121 -0.12466955284589765
0.7491729839343538 -0.12467644461624428
0.7491828819930432 -0.12479624405442946
0.7491849865808896 -0.12453420343705202
0.7491854613001808 -0.12488906476531536
0.7492011862896139 -0.12470830355104567
0.7491977674899714 -0.12483338282579304
0.7492004409845826 -0.12489167057613626
0.7492060224122484 -0.1250258145458285
0.7492100402568508 -0.12482223316845875
0.7492177284374232 -0.12492251896454842
0.7492250829839747 -0.12518358026913257
0.7492229087384045 -0.12512544025903183
0.7492353356513398 -0.12524023258230343
0.7492339590792497 -0.12517396264608172
0.7492303479396781 -0.12523100729882075
0.7492467463558529 -0.12544976577687939
0.7492466951164128 -0.12535518450627503
0.7492525338182064 -0.12539284064464407
0.7492549720424612 -0.12543365464062273
0.7492604448552543 -0.1252243582578636
0.7492583782650358 -0.1253783001636939
0.7492656306585904 -0.12553091066693445
0.7492780106421809 -0.1255767559983274
0.7492762211222729 -0.12563323830377615
0.7492753188947906 -0.12571545774518356
0.7492854416706202 -0.12580830721359182
0.7492875142295471 -0.12591990344878057
0.7492917775880527 -0.1258502244977764
0.7492930017652194 -0.1258578800975776
0.7493026403299677 -0.12579358926748418
0.749302014950359 -0.12618750408708856
0.7493062363718749 -0.12604654817254146
0.7493086000122554 -0.1261047061481424
0.7493125091182006 -0.12626206917898486
0.7493194085411913 -0.12629276125204947
0.7493219765606051 -0.12616589338513906
0.7493266272112126 -0.12648223932891756
0.7493243745389598 -0.1263936362166398
0.7493346382856451 -0.12646907742963132
0.7493326346232633 -0.12651959553014103
0.7493434455219236 -0.12667190546119156
0.7493471860195245 -0.12667898792293975
0.7493465381695502 -0.12666314703650894
0.7493493655955153 -0.12667169827996405
0.7493532330455238 -0.12668779141517894
0.7493530953093036 -0.12685374008847372
0.7493486668533839 -0.12702858751823154
0.7493555412315681 -0.12684082241811612
0.749365886392427 -0.1272883623788399
0.7493668519078537 -0.12709869558869125
0.7493658865220368 -0.12733302134418367
0.7493741805361308 -0.12719937625687172
0.749374460391964 -0.12722826338550308
0.7493840704150744 -0.12714278752446284
0.7493801504744962 -0.12746633387794715
0.7493887192501482 -0.12747714068138483
0.749385442028455 -0.12742943884783986
0.7493888425181524 -0.12757512025722528
0.7493942129779348 -0.12754139767757633
0.7493949443752835 -0.12769698869769086
0.7493972240360919 -0.1277559537178914
0.7494054230315234 -0.12776904887715945
0.7494060098457812 -0.12794972239220082
0.7494058163850529 -0.1277645677588941
0.7494091960380344 -0.1278131959258817
0.7494144493322953 -0.1282002786593166
0.7494166075522551 -0.12811299125524922
0.7494126930917161 -0.1280470665509188
0.7494144966151483 -0.12826898566402134
0.7494231266668453 -0.12853047842855347
0.7494268026367005 -0.12855270176593625
0.7494220270369804 -0.12862249283055238
0.7494291557965479 -0.12855773394609393
0.7494313582411097 -0.12850503439819727
0.7494369162319622 -0.1287335506216809
0.7494373199535417 -0.12877150186272668
0.749433871912737 -0.12889704412921343
0.7494380203869379 -0.12886816094562037
0.7494429522669251 -0.1291045813400964
0.7494435611815106 -0.12911355801859847
0.7494426483465192 -0.12904082116735216
0.7494518503195952 -0.12923815328346766
0.7494535510516614 -0.12956295907377147
0.7494505604850649 -0.12949115299197578
0.7494573353730317 -0.12959161532151953
0.7494541677260961 -0.1295677185432369
0.7494595015025834 -0.12960328302140023
0.7494591139063244 -0.12985159113207168
0.7494648799829519 -0.13001811605103986
0.749464857512755 -0.1299188354832943
0.7494713354236676 -0.12999959426068108
0.7494680677248887 -0.12998787261406064
0.7494679254634321 -0.13017022210473606
0.749471261575631 -0.13019809025882956
0.7494743887125014 -0.1303875386895732
0.7494772452731843 -0.13061541256453713
0.7494756953599219 -0.1307018592635274
0.7494778344482341 -0.13069987686541906
0.7494789235367186 -0.1307384664860871
0.7494814555181254 -0.13100346093668014
0.749480557710477 -0.13087155086595859
0.7494849090856494 -0.1310721143054654
0.7494871647723881 -0.13120557696902813
0.7494899510975918 -0.13134801093116044
0.7494909035266962 -0.13131443067830495
0.7494948821602553 -0.13143475402170157
0.7495008456232312 -0.1314244528404127
0.7494959159550946 -0.1316965303778459
0.7494985228608048 -0.13154151728518215
0.7494956215603469 -0.1318670107625135
0.749500038423509 -0.13211677021250967
0.7495036893523771 -0.13205414566156848
0.7495065414065435 -0.13218223054238298
0.749508429085309 -0.1322993522838085
0.749510345094817 -0.1323152202832516
0.749511468137711 -0.13245798242199425
0.7495093598251533 -0.13257217481964778
0.7495094637580847 -0.13254916722436505
0.7495106594698936 -0.13284250730596536
0.7495141583328083 -0.13286086133502528
0.7495183380456262 -0.13301997744970318
0.7495184977761721 -0.1332087602561567
0.7495208036607969 -0.1331825902190069
0.7495167350329476 -0.13334147961355614
0.7495223688427871 -0.13355161373324642
0.7495257174331219 -0.1337126473215413
0.7495244934476518 -0.13381126504073482
0.7495270384393503 -0.13390563276223033
0.749528722338736 -0.13393079221384374
0.7495303264963399 -0.13396707520499196
0.7495277052681969 -0.1343155581751332
0.7495297739512342 -0.13420305205261163
0.7495344529160312 -0.13451460162530404
0.7495332419692319 -0.13455170700462848
0.7495363375246474 -0.13483640094750804
0.7495342011803808 -0.1349040652031166
0.7495389240174816 -0.1348617242125234
0.7495387159603971 -0.1350677698376488
0.749538303707001 -0.13545576331066833
0.7495420811021393 -0.13549055734641957
0.7495423248702736 -0.13543069927343399
0.7495420862633643 -0.13568222915896322
0.7495440717587333 -0.13579122648722053
0.7495441094853671 -0.13599835547335504
0.7495477552831039 -0.1360158697804441
0.7495469865054604 -0.13608984794863122
0.7495525108452495 -0.1361419323547246
0.7495452909890364 -0.13632339278124395
0.7495492086041465 -0.13647577842404623
0.7495492976591765 -0.136651775626893
0.7495523371642764 -0.13684636607143852
0.7495534829883564 -0.13702283457817166
0.7495536943961859 -0.1371710603649836
0.7495557912576131 -0.13734635779317528
0.7495548236657322 -0.13748404319961605
0.7495580334398037 -0.13769496464709108
0.749557880519199 -0.13760084890414226
0.7495571800501021 -0.1378608371211456
0.7495654091226033 -0.13822872928207586
0.7495610511693035 -0.13841155805145222
0.7495665607663177 -0.1383532275710655
0.7495664178071203 -0.13849186791912138
0.7495641391473559 -0.13857276758162995
0.749567817534344 -0.13872049590744218
0.7495663220757484 -0.13908091216314666
0.7495679394791729 -0.13904269146222892
0.7495692989777912 -0.13936809186585464
0.7495658277970106 -0.13916998213798304
0.7495679054920473 -0.13944181411916068
0.7495691996766666 -0.13972136214300535
0.7495710393781047 -0.1399355779759972
0.7495705408734247 -0.14004326348451168
0.7495732230328763 -0.14040855282016396
0.7495743101444544 -0.1405219424717581
0.7495747026861744 -0.14053405789949625
0.7495745868313036 -0.14075112322619598
0.749577263781333 -0.14092007873743517
0.7495776925467813 -0.14100124352569243
0.7495771147727989 -0.14118103199944
0.7495799466058902 -0.1415928677356455
0.7495808213312861 -0.1418467928775795
0.7495802894762934 -0.1417665890841775
0.7495795455211106 -0.14220518506976076
0.7495797033471588 -0.14242162048844076
0.749584786790194 -0.14234275611239555
0.7495817109748114 -0.14250180163167658
0.749584556204356 -0.1428219847176584
0.749582720471191 -0.1430243305827179
0.749583972847489 -0.14325069068647966
0.7495865088511492 -0.14331142189740098
0.7495871959005745 -0.14341136968342072
0.7495850896769122 -0.14361682288742483
0.7495865956854489 -0.14394523122323788
0.7495898740427903 -0.1442525294118282
0.7495872070472543 -0.1443965506336946
0.7495896432251524 -0.1445300306310533
0.7495932010136667 -0.1447775657894097
0.749589532991681 -0.1448146297361239
0.7495911814304402 -0.14509014752158556
0.7495915323219388 -0.14536491088983383
0.7495892103186533 -0.14561135181859486
0.749595294996832 -0.145685509172778
0.7495948880505489 -0.146030896125944
0.7495933284989701 -0.14620862174567084
0.7495952781889087 -0.14660582487638352
0.7495967381759402 -0.14663301560707542
0.7495959751665443 -0.1469024870140525
0.7495979628038077 -0.14715574743583226
0.7495972063637782 -0.1472449573250716
0.7496003510896666 -0.1476427166695249
0.7496010430216132 -0.14770988041198518
0.7496001010480079 -0.14791068863418655
0.7495989933854673 -0.14813360711367185
0.7495992370901646 -0.1482715780397692
0.7495992541841087 -0.148621206098013
0.7496030558380992 -0.148810803625552
0.7496001419746344 -0.14903107959705086
0.7496037399674963 -0.14931094733382433
0.749602761494817 -0.14951811344219634
0.7496054401491684 -0.14971175117014512
0.7496042247441844 -0.14989992063943935
0.749603893150686 -0.1502991833239633
0.7496044721718086 -0.15055780524379547
0.7496068299826774 -0.15068320430901605
0.7496061873378946 -0.15110977805440307
0.7496049927632417 -0.1512594933280913
0.7496047929809034 -0.15135086957050747
0.7496076462100246 -0.15176653648013128
0.7496088327504998 -0.15196154526616712
0.7496090494058331 -0.15228305179543566
0.7496078072848505 -0.15257712556640768
0.7496071768981815 -0.15273286676259112
0.7496089787010666 -0.1531761418269284
0.7496093941853536 -0.15328065407527602
0.7496106333744127 -0.15343614148416784
0.7496117863485675 -0.15391644843866126
0.7496114032199782 -0.15399135223584093
0.749611207332684 -0.15444534116173436
0.7496111692604933 -0.15463816229183713
0.7496127599283758 -0.15480149155699086
0.7496123966187959 -0.15521348612632502
0.7496129289899983 -0.15548421308235794
0.749613254607448 -0.15574629476634305
0.7496128167246837 -0.155981319136536
0.7496134042100836 -0.15623644520951707
0.7496141523962586 -0.15641007562442732
0.7496144218652664 -0.15672743527947808
0.7496175491360043 -0.15710556123501163
0.7496159870048745 -0.15720729886531126
0.7496172719244442 -0.15760153964116208
0.7496153517994651 -0.15792982924534704
0.749617611387683 -0.1580996558774337
0.7496187758876441 -0.1585157948401963
0.7496184723113418 -0.15889980861865238
0.7496175881873294 -0.1590898092810782
0.7496192525210307 -0.15949533678887984
0.7496176643590086 -0.15960080474764493
0.7496171991730832 -0.15997287292906148
0.7496205477448529 -0.16029893758548264
0.7496209380055024 -0.16054123465754633
0.7496209543424882 -0.16097922774944307
0.7496234265846312 -0.16133396398570676
0.74962176505749 -0.16142584238772328
0.7496187946360345 -0.16171814601051304
0.749621973772736 -0.1622105111115657
0.7496217946396567 -0.16238883667877468
0.7496219541861778 -0.1627740149871646
0.7496225375023625 -0.16297841330713125
0.7496232666462642 -0.1634973494465075
0.7496209616421913 -0.16376025849560572
0.7496242107363388 -0.16407602618335515
0.7496226479690057 -0.1644224113376127
0.7496250264391288 -0.16463034712006275
0.7496232007096845 -0.16515493794145164
0.7496250362075708 -0.16534433535698656
0.7496242514244612 -0.16578358148039674
0.7496254373433348 -0.16610870677449463
0.749625821892591 -0.1664400593549582
0.7496243983814944 -0.16695894468823314
0.7496255886063662 -0.16724971421586887
0.7496255849959325 -0.16747583138397037
0.7496270372416837 -0.1678146640331757
0.7496274917528211 -0.16825721433459484
0.7496257815393367 -0.16847282541442654
0.7496258771752234 -0.16884961305548196
0.7496282025662816 -0.16919711983949104
0.7496270252973917 -0.16963323187667045
0.7496278169498806 -0.1699634072968763
0.7496272133829128 -0.1703539225745383
0.7496281153133281 -0.17054551597331202
0.7496281331648581 -0.1710851876709918
0.7496291863557653 -0.1715336979347104
0.7496305419942432 -0.17185464979014453
0.74962950496055 -0.17223918040516883
0.7496314573509987 -0.17254857429456916
0.7496296791866807 -0.17298118847564448
0.7496295730241079 -0.1732475996911702
0.7496302652975472 -0.17373779548748458
0.7496314143570914 -0.1741315027775432
0.7496302553116388 -0.1744998599451848
0.7496298797952511 -0.17477752243085942
0.7496320958217039 -0.17521527550424443
0.7496308389783627 -0.17568823461015426
0.7496328837891725 -0.17617320279881654
0.749631712052469 -0.1764380833786927
0.7496304853312673 -0.17687405757170183
0.7496328670899256 -0.17728333472460034
0.7496314456933885 -0.17763402984145138
0.7496326550301188 -0.17809325940987586
0.7496316226108047 -0.1785506321940089
0.749632464020244 -0.17892912880700518
0.7496330597779749 -0.17935718329941275
0.7496322487844932 -0.1798488825539346
0.7496340673177438 -0.180190833062295
0.7496329247606855 -0.18058568120034346
0.7496341025779806 -0.18109455153725662
0.7496338761823497 -0.1814709355715438
0.7496350554624617 -0.182046380862376
0.7496359661987467 -0.18239460189874368
0.7496351795216035 -0.18277943810823016
