#C1_inf,C2_inf
0.0 0.7213631632812691
0.000976143850212523 0.72070773372176
0.001952330562488393 0.720035561025226
0.0029283823364346924 0.7191646808277309
0.003904531317958873 0.7185471590783256
0.004880949683366075 0.7178336414698883
0.005857134545660263 0.7170925896233057
0.006833374041849183 0.7164123689697939
0.007809350672308656 0.7156783782015748
0.008785369641559125 0.7149383081040804
0.0097617980301235 0.7142174000003321
0.010738242361982805 0.7134303073006161
0.011713783422228664 0.7128711777958201
0.012690350385865764 0.7120668422230597
0.013666667108250149 0.711324830138268
0.014643189646422599 0.7106577532648853
0.01561954826586299 0.7098465981133794
0.016594977600418493 0.7092227717243285
0.017570548851479212 0.7085120285411829
0.018546796178060473 0.7078148568537918
0.01952283082595184 0.7069006993498285
0.020499898825846366 0.7063221689305147
0.021475581330254682 0.7056466267001125
0.022451945819747042 0.7048637936427768
0.02342806740757094 0.7041715035265889
0.024404093510824426 0.7034391677512131
0.025381454429075162 0.70267792932064
0.02635640903190963 0.702012918081935
0.02733305048258457 0.7012639062851145
0.028309280500347804 0.7004798943432887
0.029285029698169984 0.6998696097503048
0.0302625411109765 0.6990363549842746
0.031238494791834246 0.6983052730339155
0.032214102658330954 0.6975773356899004
0.03318913531183874 0.6969851262857374
0.03416692776880801 0.6962979467700948
0.035143118025063265 0.6955238885305732
0.03611979574221886 0.6947678114300445
0.037094947884253666 0.6940283586085076
0.03807097553447282 0.6933089653988284
0.03904602465184329 0.69249173321445
0.04002381781518695 0.6919714516341301
0.04099910637000974 0.6912071233281626
0.04197469186813046 0.6903146082464424
0.04295095679575425 0.6896923645102399
0.04392758881897689 0.6890002762158374
0.04490227334903022 0.6882600131045141
0.045881282636664966 0.6875568737673848
0.04685433734696711 0.6868343245978256
0.04783398895502006 0.6860501270676006
0.04880784318862974 0.6853775762145942
0.04978592280138242 0.6847342691014244
0.05076160669847978 0.6839363473323855
0.05173661363606787 0.6832003967005844
0.05271344658666609 0.6825274088150471
0.053690501710609954 0.6817625135081077
0.054664247533496725 0.6810469010951476
0.05564068668344752 0.6803394424420692
0.05661673957558747 0.679691181299735
0.0575947409481531 0.678830471377315
0.05857342497728508 0.678118276656594
0.0595457154923574 0.6774508091593274
0.0605248831090157 0.676733596853592
0.06150049938329209 0.6760811671574888
0.06247569269939105 0.6751540039269524
0.06345034695587276 0.6745936903497214
0.06442819192600495 0.6738784226509702
0.06540542697259423 0.6731191256711367
0.0663806960133157 0.6723585198587299
0.06735733641598682 0.6715276207021376
0.06833148110049356 0.6709352923907728
0.06931140278141536 0.67025850696875
0.07028359637621236 0.6694544793998315
0.07126062615896737 0.6688332959333951
0.0722376745846368 0.6681199037989742
0.07321241392433066 0.6672533815091043
0.07418893895696692 0.6666650301043037
0.0751641248793402 0.6659396015190772
0.07614446229740106 0.6651685629101425
0.07711604930181244 0.6643727049396636
0.07809596662122475 0.6635885362992258
0.079069607160729 0.6629129450113319
0.08004864712491737 0.6623005043667336
0.08102623800574572 0.6615352714169653
0.08199708479662655 0.6608910868856239
0.08297605676075757 0.6601015026040454
0.08395229470459438 0.6592141682263205
0.08492573845658738 0.6587730880939513
0.08590494493151384 0.6578817437487094
0.08688139397408619 0.6573586616903523
0.08785651574268703 0.6566035409657098
0.08883298066041657 0.6558104107909932
0.08980626141369688 0.655086799989333
0.09078257542800117 0.6542720767566811
0.09176133427522497 0.6538805531987928
0.09273724999451488 0.652812594790358
0.09371976971199228 0.6521838262605071
0.0946897069445911 0.6513359440251458
0.09566541415221641 0.6506781557030538
0.09663760518654252 0.6499689525730079
0.09761879013379549 0.6492867879052792
0.09859457478750809 0.6486958589891717
0.09956947493359525 0.6478333390746706
0.10055024858001688 0.6472499649895455
0.10152248186978349 0.646330663414782
0.1025003983971245 0.6457758570666746
0.10347706022511592 0.6448838258775039
0.1044521227537608 0.6442494053845248
0.10542626741883884 0.6436874473447882
0.10640095056488187 0.6428312910338693
0.10737751464302632 0.6420601553411556
0.10835698520981936 0.6414067689099976
0.10933178005772391 0.6406951454715898
0.11030663624947805 0.6399624705627919
0.11128423834803684 0.6391812817086822
0.11226298776481754 0.6384874430957633
0.11324074003659018 0.6377758517772683
0.11421389730152456 0.6369793478019896
0.11518131416247442 0.6363804374697448
0.11616700279549234 0.6355686098781241
0.11714104033306358 0.6348800922226784
0.11812010110367731 0.6342169970186503
0.11909014962512796 0.633277488284316
0.12006918337361736 0.6327935912890299
0.12103956855976919 0.6320482182306612
0.12201752862093658 0.6313182740040699
0.12299543344760326 0.6305572637881409
0.1239756439684181 0.6297737971818829
0.12494598130031162 0.629046243564048
0.1259267701394137 0.6283502807462258
0.12690368181556058 0.6276740146013253
0.1278795888624967 0.6268734384955609
0.12885365689256048 0.6262602290526601
0.12983409376553526 0.625477998598892
0.13081097677512316 0.6247041054174787
0.13178059934620778 0.6241516373723266
0.13276086874217566 0.6234736080876435
0.13373824644290883 0.622628545026845
0.13471499422391925 0.6219559698962612
0.13569292958834178 0.6211485152959992
0.1366693148559254 0.6203624612933495
0.1376492151046433 0.6197353954170384
0.13861951611589618 0.6190360888732553
0.1395866010136825 0.6183348894818271
0.1405669696256698 0.6176024472407101
0.14154218744411196 0.6168791373412204
0.14251901694203636 0.6161543080806343
0.14349524821594323 0.6154781871071585
0.14447403773007259 0.6147356747191673
0.14545207350386768 0.6139764948966556
0.1464260714534006 0.6131774646249752
0.14740079211375212 0.6124919607466117
0.14837660755577567 0.6116923519467586
0.14936087276445506 0.6111147178042675
0.15033228940019144 0.610346469952282
0.1513171163845957 0.6096058587113155
0.15228506415943574 0.6088765440286527
0.15326746829587032 0.6082047817502241
0.15424000205622168 0.6074094239539103
0.15521442023468734 0.6067683994873657
0.15618657163430327 0.6059897317025295
0.15717269893366495 0.6053350602766531
0.15814530822599038 0.6044716188722655
0.1591173527435728 0.60384581817802
0.1600888001434447 0.6030631731829945
0.16106549351944907 0.6024241526347621
0.1620387198267487 0.6016473021035922
0.16302428752227907 0.6008923756374166
0.16400411663092018 0.6003118487199751
0.16496695387518054 0.5994944421143688
0.16594983035709793 0.5988080889317031
0.16692143726116485 0.5981580024485074
0.1678994887223949 0.5974074705329261
0.16887890846256576 0.5965559448050193
0.16985725694479878 0.5960095468467178
0.17082441248382124 0.5951217575715413
0.1718179072449168 0.594467170997281
0.1727823472213998 0.5937154607504331
0.1737555371605333 0.5930134256066888
0.17473870204759617 0.5923655074726619
0.17570864357536825 0.5915397442201067
0.17668349380091178 0.5909867749012842
0.177666421662674 0.5902153474164595
0.17864592859130698 0.5893370148405559
0.17960670099699644 0.5887597378984817
0.18059396886175266 0.5878834188235429
0.18156712113050452 0.5872581930857291
0.18254498405335787 0.5866048760225655
0.18351329312580023 0.5858596314352815
0.18449665712216304 0.5851204233266957
0.18547255319050499 0.5843899062925304
0.18644717501804173 0.5836643919273774
0.18742816188356615 0.582855538400574
0.18839909088234577 0.5822168655277687
0.1893820333520063 0.5814910686462932
0.19035227324706178 0.5807165829895353
0.1913365782356442 0.5800826401130551
0.19230317751224577 0.5793250247419168
0.1932843110191998 0.5786050801619977
0.19425787924612037 0.5778883902384604
0.19523908968421047 0.5771497244903875
0.19621502337840097 0.576273306293417
0.19720051344527462 0.575811312296524
0.19816666316129783 0.5750162051703053
0.19914339951652482 0.5743126240340957
0.20011706383598069 0.5734636133938503
0.201086011296617 0.5728054342411972
0.20206552830007618 0.5721496224302454
0.20304655649960426 0.5713663340645095
0.20403033717277325 0.570689277335912
0.20500284835211913 0.569969828803118
0.20597030329393015 0.5692221927979537
0.20694759294313103 0.5686228974314148
0.207927766236104 0.5677069481650416
0.20890961920942594 0.5670244278533075
0.20988483336873948 0.566228576061213
0.2108561157500235 0.5655705269117849
0.21182436252437548 0.564868951436681
0.2127961377362316 0.5641541364960878
0.2137828869029152 0.5633944665350815
0.21475877310467237 0.5627840078769709
0.21573530013846837 0.5619901939504707
0.21671637434105223 0.5612120234801016
0.2176888432189729 0.5605849392753389
0.21866052714829995 0.5598383673743169
0.21964432935478007 0.5591580496385348
0.22061576720342554 0.5584415116930294
0.221601885223577 0.5575853164979946
0.22256059877980025 0.5570083127338075
0.22354414106699821 0.5562011035381748
0.2245257995535784 0.5554622607569681
0.22549445805874205 0.5548644780388484
0.2264612786521085 0.5540473478196626
0.22745338223889675 0.5533022995240657
0.22842774125407228 0.5526531150372445
0.2293950466213769 0.5518945333793313
0.23037556265743758 0.551284878655717
0.23135603801839774 0.550533305173204
0.23233155386951868 0.5498212148993606
0.2333058532976486 0.5489696600894818
0.23427734544473489 0.5483386469914838
0.2352586384227397 0.5475489739065876
0.23623931034571138 0.5468188379635661
0.2371991667191979 0.5461929959040855
0.2381918399481586 0.5453955830211307
0.2391648881194844 0.5446680500595736
0.2401351425659662 0.5439453368421223
0.24111582579658944 0.5432447875152874
0.2421068388308223 0.542541805234686
0.24306304258912098 0.541721486765072
0.2440488016575226 0.5410142584452106
0.24502315788243698 0.5403721555842709
0.24599120541048228 0.5397626732942307
0.24697297939539856 0.538885494800041
0.24793543641356613 0.5381863775892747
0.24891332159718932 0.537528623586712
0.24990137090979617 0.5367459247515229
0.250873525496024 0.5360258817370335
0.2518512577622267 0.5353470354382923
0.2528216433645643 0.5345801455897936
0.25380366920394615 0.5338820309612886
0.2547883043905786 0.5331507172226777
0.25574872638473606 0.532358203139877
0.25673334670240855 0.5317439602677722
0.25771765794928125 0.5309482026837667
0.2586806932035177 0.5302712312117308
0.2596547135337085 0.5296100389125886
0.26063686759736415 0.5287627483890794
0.2616100909059649 0.5281295686607343
0.26259160611354304 0.5274124446865556
0.2635588169810186 0.5267212676224851
0.2645488177885813 0.5258680726884991
0.2655147180440843 0.5251611556755701
0.2665108555173127 0.5244968615209683
0.2674628824355143 0.5237349628605548
0.26845362607114004 0.5231789815224867
0.26941006915659316 0.5224153136283463
0.27042055279607663 0.5215443177774505
0.27136870698746174 0.5208703028058211
0.2723573185637193 0.5202291581542556
0.2733263299970617 0.5193938769130018
0.2743001340159709 0.5187185332822685
0.2752805333250058 0.5181373118726452
0.27626144884495984 0.5173678620473992
0.2772324710414729 0.516488804618433
0.278202095964068 0.5158119556334506
0.27919018125999867 0.5151157650471704
0.28015587949525206 0.5143444707758211
0.2811322647468392 0.5136393589901582
0.28211940983293915 0.5129207133818466
0.2831031118732292 0.5122938751249072
0.2840679019843504 0.5115164189169837
0.2850378133713495 0.5107574150976133
0.2860142556899363 0.5100616835933277
0.2869860208163429 0.5093837516193382
0.28798114689933624 0.5086067164389801
0.2889417277864275 0.5079184067217984
0.28993061434730777 0.5072246712018722
0.2908937944961674 0.5064526791321168
0.29188184574360976 0.5056807085529353
0.29285644083115375 0.5050052357057955
0.29382856729671225 0.5043404486357073
0.29480751057450955 0.5034889649474829
0.2957849581912676 0.50285096343778
0.2967571764828406 0.5021430983040596
0.2977303022894399 0.5014674324629267
0.2987082411830789 0.5007442228190024
0.29969198162542643 0.5000534869528382
0.30065494348175714 0.4992307977874517
0.3016373013451134 0.4984682008667106
0.30260676508975504 0.49782196147026503
0.30358773060561234 0.4970586697205971
0.30455121555080705 0.496412355933763
0.30555097950497967 0.49557142720970815
0.30653389284280497 0.49487596211277557
0.3074952449478643 0.49425298575400284
0.3084792762394378 0.4934139268565665
0.3094551100550182 0.49271237043074834
0.3104170658574717 0.4920350070011579
0.31142610972335877 0.4912998343408005
0.3123925365036767 0.4906213949918921
0.3133560661345611 0.4899194061930929
0.314323642874976 0.48912211159619434
0.31530376698188556 0.4884197845370758
0.31627897779877107 0.4877334233660873
0.3172454718766347 0.487006612668233
0.31822409087726433 0.48625685121773665
0.31920154952640295 0.48560098333812474
0.3201808696101727 0.48475822328733476
0.32115812514258124 0.48407066420261774
0.3221376845315686 0.4834322371299547
0.32311554134535464 0.4826346235617555
0.3240930105929651 0.4819165902603378
0.32508062300997176 0.48124564275480985
0.3260522000407714 0.4804647951422999
0.32701469328935906 0.47985889504100626
0.3280062488560398 0.47902908893160984
0.32898192153015327 0.4783149335750056
0.32994435441644787 0.4776242772995915
0.33090168855746455 0.4769145187305737
0.3318858726020765 0.4762083830366182
0.3328649593596586 0.4754469591187051
0.33386024145457865 0.4747063384738291
0.33483161427271113 0.47405056771213705
0.33580482433371606 0.4732735495673975
0.3367775137226478 0.47252001244681474
0.33776030964521764 0.4718600388523381
0.338735631625894 0.47108164627816407
0.3396938536796877 0.4703362865999061
0.3406891040519947 0.46962059832005804
0.3416733074080721 0.4690070272645105
0.34264900640058615 0.46822821168540774
0.34360175951751787 0.46746472165978736
0.34458325983465005 0.466749180866987
0.3455677120612876 0.465984569404521
0.3465473183366335 0.46535355101683246
0.34751996747145464 0.4646157154929878
0.3485076763734141 0.46387038758981036
0.34947265189273446 0.4632432192619404
0.35045048964093023 0.462492907285866
0.35142724717966944 0.46177873572281103
0.35240538018860634 0.46097990757985324
0.3533639145017434 0.46026186689452736
0.3543699263759331 0.4596179254731753
0.35533836248040296 0.4588247746101749
0.35631681129225873 0.458119570174926
0.3572918749983622 0.45742768047039634
0.3582685865546621 0.456666616436385
0.3592456936379916 0.4559801834086069
0.3602128947625841 0.4551982616960368
0.36117723776692134 0.45447826564598515
0.3621517682070587 0.4537835785661623
0.36312726759881286 0.4530248145776299
0.3641115062517014 0.4524408444734132
0.36509167565076844 0.4516302302038875
0.36606434310209335 0.450905871649911
0.3670221401699537 0.45020356221692376
0.3680112655510246 0.4494447085328191
0.3689996261732708 0.44878956569205725
0.3699602968763533 0.44805905688656605
0.3709463908527708 0.4474101596250863
0.3719419145284077 0.4466019949518065
0.3728996808632025 0.44576226061509594
0.3738758124632049 0.44516299457280367
0.37485866988531663 0.4444100406601169
0.37582880568653193 0.44373986176211383
0.37680615277207313 0.44297779203671406
0.3777832650988879 0.4422721322974135
0.37877872093896353 0.44148388861009596
0.3797335468543119 0.4407509424581966
0.38070817773433635 0.44010475374073593
0.381675244246484 0.4394300766726133
0.3826509670186393 0.43862844347327495
0.3836153231414716 0.43793743486130443
0.38462573180181153 0.43717798068746144
0.3856058884241348 0.4365227052599169
0.3865787001002398 0.4357089946802529
0.3875484923510881 0.435019628461406
0.38850782037330606 0.4342818964741408
0.3894902839044397 0.4336100608193826
0.39046793304016825 0.4327886926454544
0.3914713279300022 0.4321713682759742
0.3924036292330613 0.4314211385483525
0.3933854619466494 0.43065468454861133
0.39437502847449585 0.43000484034004643
0.39536336363233227 0.4293471368680004
0.3963272542191871 0.428552059865628
0.3973248808454324 0.4277817351067718
0.39828137613979786 0.4270909685890119
0.399245083337619 0.42638419761136603
0.40021981330837264 0.4256634432505464
0.40122621432974515 0.42490335168587384
0.402175118017267 0.4241715261815798
0.40317396941292166 0.42347913362677625
0.40414120250153296 0.42268601859104343
0.4051015148859423 0.42204316349043747
0.4060872633863361 0.42130540231519487
0.40704729501253223 0.4206491786901327
0.40803862192427914 0.4198114952520419
0.4090164936668821 0.41916521298379616
0.4099944443806228 0.4185073127905132
0.41097413386926207 0.41768176358740405
0.4119715512497404 0.4170029060213601
0.41293588032666645 0.4163511802790331
0.4138872638526407 0.41551346714501664
0.41487022935047174 0.41484666596591724
0.41586352595121434 0.4141325276641728
0.4168473253763847 0.41339593964509663
0.41778895044140807 0.41264957576969663
0.4187602252548123 0.4119905269496234
0.4197634444940525 0.4112055155220048
0.42075041959242415 0.4105352295692071
0.4217131542911329 0.4098078993134878
0.422685877989164 0.4090796066021494
0.42366781996273295 0.4083759505105352
0.4246351078504228 0.40759184928226344
0.4255958332658061 0.40689963329103024
0.4265719578245996 0.4060980997493992
0.42756343716258993 0.40542182928568643
0.4285484489948497 0.40471112930314884
0.42950886719875525 0.4040115494157445
0.43049496208753796 0.403240482950945
0.4314723075448796 0.40262117501592576
0.4324301141869416 0.4018969438399095
0.4334178988298697 0.40113844636222495
0.43441279210352485 0.40039406360860696
0.43536984932586326 0.399715517003391
0.4363547418618721 0.39896166307541375
0.43733017936815016 0.3982626350303532
0.4383083578748064 0.3975288155570507
0.4392762252353745 0.3968521136852183
0.440262662142998 0.3960497505501672
0.44125111101782677 0.3953090781247221
0.4422191125893086 0.3946309032217836
0.4431933732604319 0.3939130147839271
0.4441624335254614 0.3932180177172561
0.44514093908966473 0.3925359969263
0.44609878448073426 0.3918268898418969
0.4470677211175179 0.3910513075798377
0.44807877077641745 0.39029872618789363
0.4490412307811088 0.3896063072941312
0.4500103667058921 0.3888138833905604
0.45098954218804116 0.3880887804461742
0.451948548323587 0.387461917491546
0.45295289745287404 0.38673781028163207
0.45390792326385176 0.3860053764551525
0.4549048077061263 0.38519180323763524
0.45585718907944806 0.38451660546150007
0.45684757373608814 0.38382140682632737
0.4578103540348886 0.38310955286873416
0.45880524747499 0.38236028117796667
0.4597837020616112 0.38163812971986116
0.46077291385720937 0.38092842712607555
0.4617499739157425 0.3801697802287142
0.4627154908285914 0.37938272833157977
0.46368450059418137 0.3787776568805969
0.464659155452997 0.3780316370066233
0.46564355654885003 0.37734751072241585
0.4666099295191401 0.3765656256623487
0.467582256259496 0.37587820232646946
0.4685562339952841 0.37510527426155305
0.46954757910153383 0.3744245134180308
0.4705148200630026 0.3737602162672983
0.47151732868017343 0.37302299217334967
0.47247111729482866 0.3722817437003792
0.4734497880667492 0.37147879331425165
0.4744488720243689 0.3708828753086784
0.47541009566312403 0.3701016925874328
0.4763789008372842 0.36936175866130727
0.47735887461388987 0.368665647059437
0.4783185853827548 0.3679380712231899
0.4792938184657144 0.3672076239638834
0.48027289827444547 0.3664343893092194
0.4812577508318399 0.36577188393656745
0.4822181816199284 0.3650358769232155
0.4832130422422486 0.36431439772858343
0.4841832379605219 0.3636178178160351
0.48516344775204423 0.3628756037098243
0.4861460110599804 0.3621405516792415
0.4871067618708216 0.3614105893314465
0.4880878055553114 0.36073471925901174
0.48905613728999037 0.36000952442217343
0.4900266804848051 0.3592470219198287
0.4910132384823382 0.35854666854562806
0.49199921802804386 0.3578135268545153
0.49297063805441277 0.35715868533688006
0.49395479763837846 0.3564242944722393
0.4949386858188669 0.3557033126274764
0.49588281182354416 0.3549137110158213
0.49689914918675815 0.35423413478963445
0.49786420874380233 0.3535903443706557
0.4988020896810261 0.35283211757506955
0.49979334037459217 0.3520909057251068
0.5007820972429925 0.35133364430321196
0.5017470309210719 0.35057480107557953
0.5027108194227178 0.3499470526290005
0.5036946939731342 0.3492071865272156
0.5046714399409424 0.3484702657941679
0.50565212835922 0.3477440851966106
0.506608650243832 0.34710961150691355
0.507569387930824 0.34630194107365825
0.5085821929699936 0.3456480657359761
0.5095832769011649 0.3448184144272292
0.5105422338925687 0.34415117929129546
0.5115298900010913 0.3435104971823391
0.5124929420987614 0.34269300119657037
0.5134759093432139 0.34197257419680616
0.5144450859202863 0.3412625535207087
0.5154279548105861 0.3405189883848967
0.5163819836978814 0.33980616618799336
0.5173790905714467 0.3391308982771141
0.5183435698743014 0.3383589475554175
0.5193210271877834 0.33768922987544225
0.520299655886153 0.33691584725825435
0.521268699021948 0.336192044141111
0.5222689053986426 0.3355155879119294
0.523219227286551 0.33477285615781954
0.5241940135507402 0.33404918959805324
0.5252044405836865 0.33330326528960963
0.5261672148653503 0.3325904338713123
0.5271407545464548 0.3318683833934432
0.5281020033052293 0.33115426128081327
0.5290981440530484 0.3304142768521715
0.5300570392378428 0.3297245756327977
0.5310337154288911 0.3289547487821062
0.5320089406020471 0.32822932027839813
0.532983683734825 0.3275775485405479
0.5339841859385488 0.3268224984740628
0.5349648448622364 0.3260333967337579
0.5359301528242099 0.32539473741195024
0.5369057855975711 0.32465096902262314
0.5378699404827482 0.32392836266519953
0.538832928079317 0.32315230008971463
0.5398317844685762 0.3225489278660985
0.540795079829989 0.3217700290021706
0.5417727049321832 0.32104190286559686
0.5427838462087783 0.3203403349953081
0.543711163457764 0.31962277590225674
0.5446873577245096 0.31883938712269005
0.5456830818071103 0.31814846533614466
0.5466694916894267 0.31750581661723204
0.5476270674387753 0.3167304101083241
0.5486269768776407 0.3160297492484187
0.5496047700116016 0.3153092962877057
0.5505726044672705 0.31450617247451274
0.5515566128849603 0.3138096842146759
0.5525321253836831 0.3131236059549533
0.5535017666518357 0.3123790106848081
0.5544599560226156 0.3116288082879615
0.5554601128545459 0.3109571360471835
0.5564388514707163 0.3102406962322518
0.5573760823666013 0.30946934076495447
0.5583728888962732 0.30878233429371676
0.5593342518422235 0.3080818590754787
0.5603128219060716 0.3073258962440211
0.5612848328877628 0.3066166525146317
0.5622818120710835 0.3058953955233655
0.5632502190404306 0.30520129662642936
0.5642037529773409 0.30446349026446956
0.565215565026683 0.30375868012301666
0.566180097374225 0.303061352351913
0.5671811861076566 0.3022904816143063
0.568137913166899 0.30156388497103154
0.5691120510950222 0.3008227267744268
0.5701076294262856 0.3001399627602095
0.5710552987060733 0.299427456984018
0.572045839959138 0.2986750209007844
0.5730110422126329 0.2979437867529646
0.5739695414493486 0.29731033893543335
0.5749683716495327 0.2965490423590178
0.5759520742470708 0.29581634328545814
0.5769011748953273 0.2950959940464778
0.5778840045305395 0.2943675825834057
0.5788812189389813 0.293641973801806
0.5798593496651171 0.29288632552323707
0.5808077480432646 0.29219417201254433
0.5818019073849673 0.2915286392856859
0.5827699807527463 0.29078593644414913
0.5837417516286506 0.2900213143329793
0.5847379070153021 0.2892656997735514
0.5856741762674676 0.28860787060114607
0.5866584372381835 0.28783582677520225
0.5876486444182358 0.2871776334134271
0.5886199270545199 0.28645347097268825
0.5896104322931389 0.28569485461205013
0.5905842610456029 0.2849236410175794
0.5915555971116415 0.2842254732647053
0.5925408940518061 0.2835913261450625
0.5935043684079765 0.28280605895664895
0.5944836315133966 0.2820748882370549
0.5954813905334638 0.28139175814543504
0.5964392844020557 0.28067907301266004
0.597398920054645 0.27996809071896667
0.5984002924804885 0.27917425233550835
0.5993765013910609 0.2784257718068112
0.600359521869183 0.2777287678065852
0.601309857048642 0.27706246672233503
0.6023267211813659 0.27630147147566386
0.6032699270298456 0.27559179557085167
0.6042538847089013 0.2748378975333794
0.6052141363330867 0.2741866652900647
0.6062055668210515 0.27344004866923677
0.6071986721217691 0.272728843345195
0.6081546413476762 0.27199311821492855
0.60913821414564 0.2712542927622397
0.6101205277561125 0.2705744417117434
0.611090847822382 0.26982554594349983
0.6120676570905816 0.26911208227549316
0.6130373026647249 0.2683257278986
0.6140217961510069 0.2676501956226932
0.6149940085528708 0.2669352443557726
0.6159741716611836 0.2662118904407498
0.6169450131353115 0.2654900306233253
0.6179615599820919 0.2647693464086851
0.6188812850186364 0.2640587383976428
0.6198790790530413 0.26337977176025484
0.6208433567674803 0.26258144204917067
0.6218217751754003 0.2618454278856004
0.6227975368746095 0.26116619231186067
0.6237708742528845 0.2604452790238426
0.6247530449450487 0.2597372457358386
0.6257327681109843 0.25899180726796367
0.6266977355977931 0.2582863767909945
0.6276897081180474 0.2575181551082342
0.6286123584284005 0.2568541751831741
0.6296305184490001 0.25611899712542546
0.6306038674754729 0.2553879558968032
0.6316059085572926 0.2546363704260666
0.6325468299298873 0.25389530551350337
0.6335481450373852 0.25322085602062155
0.6345153759016088 0.2525288517339575
0.6355188067367701 0.25179007449148905
0.6364879025325005 0.2511064847469904
0.6374556211308249 0.2503547678166546
0.6384057080513807 0.249664447768285
0.6393954526769923 0.24891772212489321
0.6403718782184712 0.2481953925298201
0.641323900298548 0.24746201117127098
0.642322225410867 0.24673768992897033
0.643282859278866 0.24603000006570244
0.6442731127325547 0.24529899104100406
0.6452717036524434 0.24457682034923756
0.6461994899050736 0.24389892747869657
0.6471967821669915 0.24312715351803382
0.6482091633221861 0.24239355122935433
0.6491410217361201 0.24166489221423787
0.6501607231427349 0.2409073047101624
0.6511124771804657 0.24024254052343572
0.6520962126625733 0.2395389981916788
0.653056970004341 0.23881338936589905
0.6540388145611212 0.23807985683196206
0.6550075191626168 0.23739210662874688
0.6559913094398401 0.2366485701843517
0.6569591477305756 0.23591897384671148
0.6579361535393421 0.23519760222254107
0.6589266596381621 0.23449409192135906
0.6598992294602184 0.23373490793860094
0.6608690227227614 0.2330470136255906
0.6618262931543897 0.23226187516921545
0.6627985070200823 0.23161952673478117
0.663798003402256 0.23086171756042437
0.6647840772978554 0.2300969051506626
0.665767045413157 0.22939703454597316
0.6667158250791474 0.22871877156587603
0.6676832993159637 0.2279922068645858
0.6686983555040248 0.22728019342624212
0.6696721234892129 0.226501669818085
0.670631208121382 0.22579361391691288
0.6716202323233262 0.22509738412861413
0.6725835810305376 0.2243772324125689
0.6736067705639511 0.22368718635754783
0.6745452203628896 0.22291798129452928
0.6755145548045728 0.22222605674165594
0.6764893655522595 0.2214659115704986
0.6774608761541896 0.22079686342730423
0.678435194850647 0.2200632842053912
0.679435568312851 0.21928911510698035
0.6803707541309426 0.21857142071854563
0.681390599346328 0.21787022981436266
0.6823562545361949 0.2171621007654647
0.6833188437645912 0.216410114185284
0.6843067562141234 0.21568854340399254
0.6852733480284631 0.2149895619447568
0.6862614841114107 0.21428642645991577
0.6872265742038508 0.21358315568413444
0.6881901657512116 0.2128456416723771
0.6891597633695581 0.21212063238546502
0.6901461795815699 0.2113405889785023
0.6911457594292966 0.2106499861649139
0.6921168668393765 0.2099690249760649
0.6930650878434258 0.20921759510427032
0.6940489531745545 0.20853471469084295
0.6950170025683674 0.20773857704729295
0.6960249507735229 0.20700832636105446
0.6970229077720421 0.20636552317759535
0.6979669103398043 0.20563096273368173
0.6989516141436447 0.20487623066431887
0.6999357902922819 0.20415295809888834
0.700917486486017 0.20342163169980418
0.70186373092284 0.202692078695195
0.7028771697083697 0.202019697396012
0.7038320769498917 0.2013080325016583
0.7048142111340837 0.20056176570229425
0.7057835814610701 0.19983470366812817
0.7067583642872975 0.1991208850649059
0.707701958002969 0.19840738260375781
0.708730643831538 0.1976676470398086
0.7096969758873887 0.19698107647183832
0.7106681302712106 0.19624213608402025
0.7116503107108385 0.19551491443747038
0.7126017613155798 0.19479647648305629
0.7135977037248465 0.1941032553051452
0.7145546158757468 0.19332789138086154
0.7155396723811858 0.19263585042329318
0.7164973854801786 0.1918812854761639
0.7174784723557635 0.19119900037364726
0.718478527415185 0.1904472011665501
0.7194561873371559 0.189742568097569
0.7204222928429305 0.18904371042804616
0.7213854548574717 0.18830288536274445
0.7224114805678419 0.1875437729886626
0.7233589956692411 0.1868544533132954
0.7243329514676751 0.186121665212813
0.7252805513583431 0.18542401046854712
0.7262485636706167 0.18470850245995332
0.7272583643661218 0.1840016630512312
0.7282323822102398 0.18322713745797903
0.7291603555489461 0.18249979257817206
0.7301808031796746 0.18182975983585845
0.7311406056643984 0.18112551586320733
0.7321374928108695 0.18035624310912868
0.7330827512229574 0.17962906902481726
0.7340712945029747 0.1789161940575572
0.7350566402967064 0.17822838371329325
0.7360554978116792 0.17747549313863406
0.7370336520926523 0.17678625310317655
0.7379873870343758 0.1760175081715633
0.7389335624410647 0.1752961651949973
0.739934457682132 0.17456234209053426
0.7409084395730757 0.17389827840175673
0.741881531179682 0.17312981083068843
0.7428709181196324 0.1724432783894757
0.7438171961166604 0.17171589385637254
0.7448471550621802 0.17096810746632105
0.7458272991010808 0.1702486732899513
0.7467587871925345 0.16951491725942125
0.7477515636051414 0.1688274167692914
0.7487431596805044 0.16809912699692567
0.7497071835093039 0.167380140508372
0.7506783163382684 0.1666536025706753
0.75163716496022 0.16593757836756845
0.7526363947519867 0.16520229311071755
0.7536158579097211 0.16447391928699678
0.7545781127134087 0.16375337486909095
0.7555368268644026 0.16303106804075537
0.7565504276181314 0.16231931555417234
0.757508873817192 0.1615996028008104
0.7584629408924625 0.1608812497340275
0.7594780128704458 0.16018667278404525
0.7604221228047343 0.15942855854228696
0.7614002645834413 0.15869353461753727
0.7624081514150683 0.15799110104057873
0.7633427553080641 0.15728813342100603
0.764358158498446 0.1565469409722451
0.7653122783544096 0.15584612063731795
0.7662847292141507 0.15510551658946903
0.7672588474152602 0.1543952895795374
0.7682582905282592 0.15368525557080528
0.7691955644230651 0.15294711010137274
0.7701634774445374 0.15223125749669064
0.7711579582606446 0.1514810429734542
0.7721578870116036 0.15078632459335556
0.7731599486028216 0.1500812038664298
0.7741374981097193 0.14936178470158915
0.7750952649170473 0.14862043012551784
0.7760553025793953 0.14789745946634708
0.7770221447041654 0.14714806098620914
0.777991341187502 0.14645529079258593
0.7789782012435931 0.14571724503502353
0.7799752658370106 0.1450034303560626
0.780952935552659 0.14431533751119324
0.7819594787544843 0.1435549867698429
0.7829023286880006 0.14283363169775035
0.7838863477557979 0.14212450816775177
0.7848673853222611 0.1414073993969656
0.7858137933521815 0.14068154778338854
0.786807983647759 0.13995615162958444
0.7877683934180977 0.13923296113231398
0.7887642165562156 0.13853778611387252
0.7897184322906858 0.13779438216755655
0.7907267949222859 0.13709067537124703
0.7916769550941092 0.13637114489662575
0.7926550062962271 0.1356427981267976
0.7936291629854737 0.13489211676992463
0.7946459039431046 0.13419952038932983
0.7955471533931014 0.1334699519522636
0.7965910238663648 0.13275461691224738
0.7975499684986213 0.1320235331211941
0.7985245024129067 0.13132796959704846
0.799499102960906 0.130584921033061
0.8004518993932099 0.12984896353001207
0.8014432886681109 0.1291353262043159
0.8024321379133493 0.12842504763768867
0.8034104323113544 0.1277057137597452
0.8043887370136835 0.12697888206162597
0.8053308581266084 0.12625987946608103
0.8062865109540349 0.12551275607528298
0.8073263425819431 0.1248397664138839
0.808246039834626 0.12408902912704449
0.8092072253594191 0.1233875727996947
0.8102594585190929 0.12264786818729746
0.8111995051049431 0.12192450635957162
0.8121988539369572 0.12120899868954156
0.8131654979473357 0.12047267576310051
0.8141232675784528 0.11974903252612121
0.8151072687387962 0.11904199250855903
0.8161394702334738 0.11833265476841595
0.8170086209538785 0.11759555786742024
0.8180039776125902 0.11687385328823632
0.8190009154381479 0.11614029912691916
0.8199852737240194 0.1154190255126694
0.8209731822842014 0.11470578963758679
0.8219050081366412 0.11400846814151817
0.8229343839359565 0.11324545649458076
0.8238744817743865 0.11254265184639471
0.8248591021676612 0.11182098750491486
0.8258310641893936 0.11110974506499359
0.8267916023001345 0.11038143385138738
0.8278077708569204 0.10963219489841938
0.828788150835402 0.10893890902575999
0.8297344280591529 0.1082138088640407
0.8307366968007005 0.10750375103387996
0.8316947521178097 0.10678939841856215
0.8326597411380235 0.10604722222733691
0.8336639450557847 0.10533070859850059
0.834612320422559 0.10458428702992863
0.8356113869580742 0.10387512470143713
0.836575915947189 0.10316673542228919
0.8375485691973625 0.10244467219834673
0.8385940049237867 0.10171075106696299
0.8394846041182773 0.10100160353228266
0.840524598877405 0.10028577111724599
0.8414415333398945 0.09956041670504741
0.8424515041041922 0.09885938161320397
0.8434142610831566 0.09811681102664538
0.8443772840812434 0.09740371352380561
0.8453899775641113 0.09667062498641137
0.8463625168677703 0.09594984374383189
0.8472936912790199 0.09521901789115036
0.8483036647496605 0.0945130693300662
0.8492867349623479 0.09377595533131301
0.8502858900074467 0.09305589312623233
0.8511910528015131 0.09234420387624066
0.8521945263869752 0.09161488376744154
0.8532252691386648 0.0909031035711351
0.8541630681697835 0.0901677451825665
0.855158289239902 0.08945731746121642
0.8561137854633616 0.08873741801275453
0.8570876032827236 0.08801952850856583
0.8580186594034044 0.08729849663970538
0.859067780162509 0.08657582977543894
0.8599753618289335 0.08585812255970204
0.8609727066344994 0.08512526850852077
0.8620198989730912 0.08440382275904187
0.8629678142768523 0.08368400252959672
0.8638863849582539 0.08297992255170918
0.8648600475682919 0.08224713141605508
0.8659055213743563 0.08150667346371976
0.8668387649448642 0.08080380768645135
0.8677895360958913 0.08008266654567123
0.8687674893364483 0.07935264308096882
0.8697828773026327 0.07863427508706491
0.8706910793119114 0.07792391180511506
0.8717569945634769 0.07720390268031936
0.8727518102740717 0.07647519805226059
0.8736520843707813 0.07574819074603836
0.8747167464903226 0.07503787760274434
0.8756499291006009 0.07431340339077232
0.8766114426886424 0.07359759620524656
0.877589203039006 0.07286379787327746
0.8785741932787209 0.0721364112000018
0.8795530614576483 0.07142145488774207
0.8804899588814977 0.07070153579030329
0.881478901374063 0.06998247151065919
0.8824536378956603 0.06926009581518322
0.8834282790830805 0.06853285772587499
0.8844328558226561 0.06781621549422176
0.8853777123772139 0.06709926699099479
0.8863355098656794 0.06637014086072446
0.8873238941061693 0.06565101027549988
0.8883573157518935 0.06492513874339471
0.8893230969745843 0.06421112051782388
0.8903154860723638 0.06348932305442992
0.8912556572766248 0.06276332657439669
0.8922307276339706 0.06204468376697886
0.8931846424924754 0.06132142257000202
0.8941509288630832 0.06058932288671441
0.8951767683448891 0.05988530362638613
0.8961233409159138 0.059159546828854596
0.8971361411731256 0.05844784230930907
0.8980735644380544 0.05771146648519214
0.8990440999755442 0.05698775394922336
0.9000587482181439 0.05626969062387199
0.9010332080865587 0.05555596382287317
0.9019913873648293 0.05482600028762712
0.9029806652294367 0.05411099971667638
0.9039214105926364 0.053385318778136334
0.9049098907847034 0.052664345453030656
0.9059011138633329 0.0519424209958488
0.9068482785904803 0.05123098920014813
0.9077971343111189 0.050506981427498626
0.9088742641348202 0.04978344923790592
0.9097965302123302 0.04906099660356681
0.9108193532076 0.048348215921231986
0.9117666164392295 0.04760780268756291
0.9127045701388049 0.046889692870536036
0.9136739220447287 0.046167487089172315
0.9146257579578205 0.04544614706128178
0.9156695787828731 0.044728340562791645
0.9166326087972269 0.044003035818530975
0.917567395289048 0.043287629389777586
0.9185664814038405 0.0425659201601813
0.9195820998982824 0.041835521071194114
0.920515405824101 0.04112557579872305
0.9216038356994066 0.04039611566984158
0.9225111880193669 0.03968191002105703
0.923451563289058 0.038958107741052204
0.9244142918282623 0.038242649368360755
0.9254051108973963 0.03751897751700738
0.9263606496509419 0.036789138532851005
0.9273826759866718 0.03606751134357159
0.9283136902561365 0.03534649589274554
0.9293017324373491 0.03462989583738619
0.9302954824374504 0.033906519334082286
0.93128604533286 0.033179970107829644
0.9322329596829272 0.0324695368192757
0.9332178769472254 0.031746402587709034
0.9341798966157209 0.031020869185489467
0.9351809638393984 0.030296864182799935
0.9361751510059295 0.029576520778009558
0.9371377780917598 0.028855500767896242
0.9381014898670148 0.02813376494757334
0.9391259166626017 0.027418706816923866
0.9400599868257358 0.02669411306154912
0.9410106450693821 0.025972271949336063
0.9419823920505874 0.025250860609552266
0.9429949922344041 0.02452779575139067
0.9439813116082091 0.02380444052070998
0.9449251209932709 0.023087366075568206
0.9458439160328967 0.022368302588468846
0.9468949711692143 0.02164488964356355
0.9478403887031985 0.020922955815121196
0.9488525368938012 0.020200375841944812
0.9498654787741874 0.01947629776110083
0.9508053043093132 0.018761150485083204
0.9517770047151327 0.01803488181387228
0.9527390999132235 0.017316058111219203
0.9537401527588991 0.016592402214463956
0.9546879460246267 0.015872342657570027
0.955697969368641 0.015150464110210276
0.9566505871668677 0.014427013333976068
0.9576541608316824 0.013710299786089506
0.9585895538064461 0.012985841931497094
0.9596464599812716 0.012265430757726478
0.9605523228716638 0.011543066861846618
0.9615581595499869 0.010819192553800313
0.9625675577865078 0.010099394345506711
0.9634513341517448 0.009379639384570471
0.9644632797142482 0.008656638356053957
0.9654260990536834 0.007935282713332523
0.9664101765872541 0.007213700034634347
0.9673849094818567 0.006493075483205109
0.9683607430273421 0.005770400791164167
0.969380488646069 0.005050296965727772
0.9703535598637634 0.004328321230907553
0.9712919424562916 0.003607192901294748
0.9722688903669744 0.00288602150199823
0.9732425085312255 0.0021643719276489884
0.9742125419845556 0.0014429546302682286
0.9752301847594781 0.0007213887346897846
