#C1,C2
-0.1752982902137794 0.5662939278550335
-0.1707395550969787 0.5657556446139019
-0.16624547021731606 0.5650048841088416
-0.1617594101061911 0.5644514103377961
-0.15730238492091098 0.5637190302300201
-0.15284766477680434 0.563019097819537
-0.14841756715875587 0.5623018301153623
-0.14403090582713485 0.5617192826791623
-0.1396487779109098 0.5609180632248064
-0.13539184668298876 0.5603001345211542
-0.13102354342663247 0.5594519113859298
-0.1268287430156534 0.5589203126616121
-0.12253093890481548 0.5582859880055322
-0.11830572942616169 0.5576367847704307
-0.11409711142734102 0.5570277832076116
-0.1099777956196869 0.5564520678573712
-0.1057734837240395 0.5556665577913559
-0.1016345259148752 0.5549053294143226
-0.09746788670198336 0.5543685470381589
-0.09334517054669278 0.5536736800773902
-0.08935519982114093 0.5529902511935786
-0.0854471809599926 0.5522311619654313
-0.0813958357653134 0.5515896309966087
-0.07731328182525476 0.5510313190665898
-0.07333875996072237 0.5501481411519683
-0.06952071982575381 0.5495281226912134
-0.06550193604778931 0.5487415689691004
-0.06162317381445504 0.5480271776345326
-0.05779456832868735 0.54744051994075
-0.05387133556245228 0.5468703168036141
-0.050031960888199285 0.5460173536747205
-0.04626462728224324 0.5454727788191446
-0.04247184356768564 0.5448668795978516
-0.038703572132371085 0.5440698035813524
-0.03491205575834667 0.5433273308633741
-0.03115025666274563 0.5426712130251616
-0.02752249390284634 0.5420487664543455
-0.02379396693577685 0.5412344225981751
-0.020160814960371705 0.540502428429366
-0.01651408431898494 0.5398786437592752
-0.012797502255163079 0.539263071473059
-0.009222413515787347 0.5386567884940635
-0.005746194311563873 0.5377592252846856
-0.0020449649416731715 0.537108175382419
0.0015839163591826414 0.5364008671811912
0.00507624565985953 0.5357216546762268
0.008524703672258655 0.5350790251671366
0.01205202309247832 0.5344037215446583
0.015545554483518348 0.533545155174192
0.01893802603537053 0.5330559533916505
0.02247932667953067 0.5322802700907407
0.025741670751205918 0.5315148621508843
0.029211562737579737 0.5308777077297726
0.03270546267771967 0.5301607129390079
0.035974749224408346 0.5295443418330382
0.03942457106099528 0.5287865340227943
0.04277558806354053 0.5280394540129384
0.04613383315737884 0.5274055962024626
0.04930065707506447 0.5266857891547579
0.05258053028149511 0.5258854480460643
0.05599672721180459 0.5252775747421368
0.05914872417065253 0.5246604592196652
0.0625120670134861 0.5238246758955086
0.06568278774853498 0.5231441617821582
0.06880196816286333 0.522459762140569
0.07212532049343034 0.5215730119024738
0.07526372058746666 0.5210088102473426
0.07833130222602702 0.5202678063498994
0.08147006259200107 0.5195402814952373
0.08463703361274133 0.5188294139801723
0.08768006345321455 0.5182922191877869
0.09073711644848659 0.5173759200791875
0.09390591109203017 0.5168198767009266
0.09688458122670984 0.5161710306067354
0.10000189599383369 0.5154624356570098
0.10297345215255871 0.5145421038988053
0.10599358547032844 0.5138914827199567
0.10901091296072463 0.5132656808573216
0.11208089741450644 0.5124713979182699
0.11491087543361023 0.5117468265332794
0.11792445303265198 0.5110018317259546
0.1208389601709049 0.5104374351511222
0.12385495035580918 0.5096679803569159
0.12683406423006394 0.5088438426073975
0.12974013151421915 0.5080492588733806
0.13253865882156202 0.5073518408292402
0.1354544315356907 0.5067765267285407
0.13845818418665967 0.5059616732157918
0.1410912213472867 0.5051571813851433
0.14393469364639044 0.504670850105933
0.14676434318863651 0.5038749671887917
0.14950970346521353 0.5031377164745799
0.15227892580489455 0.502410937188626
0.15517439309309045 0.5016319700170836
0.15792708538580713 0.5009071692138866
0.1605387385252669 0.5000857284797883
0.1633951079104221 0.4995091584086873
0.16608802049552807 0.4987781095233553
0.16875449685293287 0.4980670661167002
0.17144691428562975 0.49738408273099805
0.17418473001552737 0.4965660517565674
0.17701516539818685 0.49591794626154756
0.17952551897822877 0.49509077128646534
0.18211258851312195 0.4942513945048715
0.18509909379156275 0.4935884604729586
0.18735818206689725 0.4929356800558676
0.19006957378783595 0.4919635879785959
0.19274678990665928 0.4915621758362148
0.19533858432367024 0.4908032821984742
0.19784425307520026 0.49014722533369043
0.2003267188072082 0.48925385148245565
0.2028562163365767 0.4884391210364077
0.20550525128575514 0.4879328783665858
0.20796503956535362 0.4870719363904073
0.21046952044026446 0.4863711778761461
0.21295033168713384 0.4855180646899569
0.21548563560174883 0.48483543662626066
0.21795458126318956 0.4841084882734708
0.22052897972419305 0.48342884570752337
0.2229539916899187 0.48255887782308365
0.22541784192173164 0.48199379146640303
0.22764439505972023 0.4810279578379029
0.2301968647621676 0.4804324230713955
0.232543326499558 0.4796281346144517
0.23489922880219138 0.47897181729198374
0.23732939100694894 0.4782829195323169
0.23985324500505478 0.47742354563711115
0.2421612186795018 0.4767003754907089
0.24458094653693452 0.4760666562862835
0.24695149665002258 0.4752821521156601
0.24924216346320083 0.47439058946173757
0.2516595232784341 0.4738463109059879
0.2538881721197207 0.4731271092430141
0.2560356402767685 0.47230904488550146
0.25848062375957326 0.47155816274211565
0.2606355906255271 0.47081458588863906
0.26290041393690405 0.47002318413883876
0.26510824776541003 0.4692848058545935
0.2675212587411239 0.46851295531267884
0.2697842686732386 0.46764649087522697
0.2719854573498404 0.46711234644828387
0.2740510210337436 0.4660266018013404
0.2762445011312739 0.46555554596767507
0.27860035172638925 0.4649289682562214
0.28085065147342975 0.4640323724281488
0.28296235831778066 0.4632998721244264
0.28505450955797135 0.46249871000266835
0.2872497972588411 0.4617233741075167
0.28943548300236516 0.4609623917283046
0.2915010443859594 0.46040104433845325
0.2936053658426117 0.4595773187728172
0.2959576282940682 0.45880360625347066
0.2979933403885204 0.4578174790514557
0.30003494717655027 0.45728404663653405
0.302014823573261 0.4565848546093266
0.3041580631624012 0.45581452287078345
0.30624257708002717 0.4547828370217178
0.3083400374199799 0.454171219968077
0.31039382578039215 0.45342212169774193
0.31243487792467955 0.4526869445157649
0.31455912796874824 0.4519929540639232
0.31664201448023127 0.451035683495374
0.31854189639971914 0.4504187051256035
0.32047708453397455 0.4496290656658865
0.32272712292045974 0.4488363044502219
0.32449242302243503 0.44819738384980484
0.3265191924782879 0.4474069950900486
0.3285198445465782 0.446701690954974
0.33038461139088743 0.44601416428818613
0.3325072901428779 0.4450593474878684
0.33436447115388995 0.4441553892352807
0.33636629669018087 0.44349680818541365
0.33823966735297434 0.44269873967481704
0.3400256017214213 0.4420402326020921
0.34211973985834726 0.4413372637055491
0.3440099446636717 0.4404395712542815
0.34593338640532184 0.4396451633595902
0.3477664667317088 0.43897341977864507
0.3497575919444493 0.4382005400629981
0.3516268213216555 0.43744811472748296
0.35345065469213793 0.436512586018211
0.3553490592527219 0.4358158081951537
0.3571024056381597 0.4351944561313839
0.35897119396412686 0.4344234725354266
0.3606445825349996 0.4335357409522452
0.36267099891520965 0.4327372716933618
0.3642806446351405 0.43201032899522446
0.3663330072865216 0.4311589631514457
0.36805678086075394 0.4303169451081185
0.36990326077189545 0.42965940676587416
0.3716843939348093 0.42905693156790786
0.3733779564003565 0.42823202654971354
0.3752556016086485 0.427226027445547
0.37690817736062104 0.42659252895886574
0.37871295177061753 0.42573367304729454
0.3804599788585726 0.4249184392041763
0.38219227169150866 0.42426920871247337
0.38382752855850993 0.4234168934105173
0.38578450200175646 0.4226244749488069
0.38753347880316075 0.4220514182932907
0.38913803535946306 0.421128661650726
0.3911119756411498 0.4204803189764437
0.3924805567293594 0.41959437005703987
0.39410435073677136 0.41885889120049985
0.39599149340216483 0.4180023225570609
0.3975279210548142 0.4171534188186659
0.39921026056954706 0.41628830683921497
0.40077552063794725 0.41555930663881263
0.4026953795877248 0.4149218470393195
0.4040442198097614 0.4140597525881698
0.40594258866149596 0.4132716968219075
0.4074636104131309 0.41256318565471467
0.40893603371254333 0.4115039369718277
0.4108082336449376 0.411037077557914
0.4122335663054046 0.4101218557911935
0.4139378717606845 0.40928060413910533
0.415480550953458 0.40862147206186444
0.4170398332340341 0.40783553612614304
0.4186987381728064 0.4070852605852036
0.4202247675083592 0.40613093335747635
0.4218523729767191 0.4053588143520673
0.4234633659731872 0.4045865716283468
0.4249571464978125 0.4038038274528674
0.4264817161004892 0.4030260158404409
0.4280463335817983 0.4022338930198979
0.4295462393126536 0.401370801266047
0.43118458037804114 0.4006294904583793
0.4327155991374431 0.3999253430170449
0.43406635490197915 0.39926882934196467
0.4357211982219558 0.3983022225147687
0.4370940971652488 0.39770334948607194
0.43858457294239556 0.39648358383624754
0.44029796954034645 0.3958781227477179
0.4417441887162596 0.39511472163903566
0.44313971750198705 0.39432805884718275
0.4446112041447782 0.393444680312159
0.4461655479679771 0.39278786030402696
0.4473709396231004 0.3920577517794874
0.4489079138583048 0.39107488418039965
0.450383167309704 0.39042265895801537
0.4519506657458136 0.38949991321502114
0.4533609606730626 0.3886568483273934
0.4548375082448293 0.38767718639638077
0.45615935303819727 0.38702518794368795
0.457639970277212 0.38632366641852195
0.4592254156912125 0.38546552664895534
0.4603627173999247 0.3847258999472038
0.4618765568119551 0.3839156586779224
0.4632816611069857 0.3833226731209239
0.4646205353878227 0.38226155573020243
0.46614969320063276 0.38165646985159213
0.4674674151666877 0.3807378124431265
0.4688039006293692 0.37980587221642265
0.47015680787981967 0.37927367273716667
0.4714724716757643 0.37817840053407586
0.4727989371564593 0.37747995483234914
0.47415304053084534 0.3766156382642934
0.4755425949316567 0.37595367473330615
0.47690815431214456 0.3750465743647579
0.47818901850075163 0.37421210836460167
0.47951698908514867 0.37331451264306353
0.4809584421834295 0.37267619608565333
0.48218544951282355 0.3719267416491892
0.483451945063413 0.37107144798484454
0.4847741425748943 0.3701053731827139
0.48624194196772524 0.3694585326869602
0.4873825301721237 0.36853826414962704
0.4888060286331783 0.367813658643019
0.4900642781774022 0.366906465137215
0.4912145544237671 0.36608251707359535
0.4925482684266736 0.36540616624706806
0.4938478649204136 0.36451028034581273
0.49528821520242355 0.3637154102519358
0.4962711638186174 0.36300978004898526
0.4975823179469813 0.362199512966558
0.4987632946159882 0.36152359623451386
0.5000213873610165 0.36025783984341825
0.5013619429125651 0.3596952523768772
0.50253921212149 0.3587718480238931
0.5037921182987155 0.3580536478362087
0.5050309852821371 0.35724491475622216
0.5063387648419082 0.35648635452170924
0.5074916857804028 0.3555122226457947
0.5084986534351396 0.3548693723712953
0.5099734980380419 0.353783716734088
0.5109404191749569 0.3532308742263676
0.512313376182143 0.3523684266694788
0.5135399008840766 0.35157477165689194
0.5146335368383593 0.3506735193052702
0.5157432123810162 0.34994840203112404
0.5169888853101889 0.3491436565660358
0.5181942686905405 0.3482513661236391
0.5192843023544877 0.34752808753417336
0.5204019299531 0.34672514224610357
0.5215243167119885 0.3458162484521892
0.5228833398868478 0.34488494744837744
0.5238715151887698 0.34414396875143377
0.5251936023835603 0.3433766259865522
0.5261648527551204 0.34271033525766786
0.5273151621437384 0.3417156462044894
0.5284034043966034 0.34100176439944857
0.5296199821596289 0.3402411244887162
0.5308173189036048 0.33920324751084946
0.531884241727853 0.33836427977647493
0.5330290276117127 0.3376666064482398
0.5339790378052041 0.3368884319297067
0.5351376167981667 0.33595899415519476
0.5362807064753841 0.33508604418074245
0.537249446192192 0.3343929645107004
0.5383040870233116 0.3335457116850566
0.5394848727293337 0.3326147037337987
0.5406279606025681 0.3319301031217284
0.5416757767270479 0.33112160526285644
0.5427522385747887 0.3299254457420983
0.5438422667425415 0.3293383150003177
0.5448865064662032 0.32872460445655766
0.5459341160797182 0.3277244608857372
0.5470008096318402 0.326772335772379
0.548014251174997 0.32589089815213984
0.549176022579839 0.3251829505543116
0.5500985944409061 0.32433684247941325
0.5511665376325697 0.32362741583489335
0.5520685639484071 0.32277251921503375
0.553217886025334 0.3219009890534253
0.5541894095389626 0.320858356997851
0.5552899132095976 0.3202490330474352
0.5561999789238732 0.31922994501928387
0.5574052667823046 0.3186856034967766
0.5582216083501718 0.3177620541278852
0.559223672589284 0.3168874168831845
0.5602328793372819 0.3160907307995788
0.5612120456560453 0.31532518764061584
0.5622280566681199 0.3142781739402872
0.5632738007628271 0.313593082174713
0.5642137903710379 0.3128834905646552
0.5651955175339548 0.31177827506739536
0.5662472783922752 0.3111075878253476
0.5671986460899838 0.310275658785566
0.5680622579383037 0.30960076547636767
0.569038731679389 0.30824257568426233
0.5700646720242514 0.30775057042540427
0.5709337589659523 0.3070368344287146
0.5719839605963242 0.30612613320510346
0.5729956878127841 0.305232861907241
0.5739706677820675 0.30458334367950185
0.574795797791765 0.30350591110659303
0.5758230711992814 0.30258986389744474
0.576597129424837 0.3017946660435587
0.5776506129994219 0.3010314677051346
0.5786841977275927 0.3003009311962868
0.5794791912021777 0.29949199790487485
0.5803839040329126 0.29881060132129095
0.5812013517514764 0.29774160227468033
0.5821461215896719 0.29686247788320635
0.5830815306621416 0.29582463473387594
0.5839176384889386 0.2950645020934592
0.5848368534423178 0.2942622930683831
0.5857075226697589 0.29354560229727683
0.5867962151276911 0.2927849028971123
0.5874927939349573 0.29189019340868244
0.5884628196317545 0.2910016574174425
0.5893145679360314 0.29014857808815936
0.5903396205296636 0.28934473546288125
0.5910840510573605 0.2884810756994865
0.5919492182708678 0.2876554710640494
0.5928598602151864 0.28685041804976735
0.5936783171349452 0.28598805475063666
0.5945272144021783 0.28527918309557726
0.5955170301982995 0.28432146681204423
0.5963219628180207 0.28330119297583317
0.5971407393539643 0.2827159758065398
0.5979003715675718 0.2819305954228433
0.5987303160464466 0.2809730061997681
0.5997087187970946 0.2799446114523331
0.6004658710975264 0.2791399764991053
0.6013696090642271 0.2782804146478934
0.6021176538027047 0.27768809730280547
0.6028221156644296 0.2767823429604433
0.603851885834393 0.2757764516482339
0.6046289540671611 0.2751657906283251
0.6055016714602592 0.2742534237384198
0.6062781800900585 0.27332974764060664
0.6071606655602783 0.2725826499152017
0.6078822785124478 0.2716788179593937
0.608617561434661 0.27081389432476927
0.6095506674663668 0.2699219236124109
0.6103370740657683 0.2690201681871737
0.6110606211410432 0.26824154218033164
0.6119589786673434 0.2673374007076254
0.6125842049554238 0.2664036586775937
0.6134665027055496 0.2656362266250775
0.6143507460032158 0.26484410390977525
0.6151278229712855 0.2640015455616133
0.615868741963301 0.26321681544522707
0.6165707491586307 0.2623071300818491
0.6174827433992278 0.2614797415771722
0.6181529036468427 0.26074293116307584
0.6189275863215065 0.2597628588207223
0.6195670920776513 0.2588912795259329
0.6203520173587993 0.25814055249809337
0.6212196066791923 0.2572712000623251
0.6219073386956779 0.2563430206106652
0.6227575296741373 0.2557487812184093
0.6234990258668137 0.25456420363133486
0.624285339618174 0.2536141584570301
0.6250023593522945 0.2531318254869605
0.6256660637822967 0.25213810990130775
0.6265103826008783 0.2514319410449945
0.627104245056795 0.250398389187304
0.6278925808461606 0.2493862799487198
0.6285089294738235 0.24866891094249405
0.6293366614298788 0.24772416876132314
0.6301591811487315 0.24711162500622624
0.630916214139945 0.24628450180851452
0.6315288125499232 0.2452674713315936
0.6323265753152276 0.24457547193428314
0.6329959475849962 0.24373053912742176
0.6337254742495246 0.24279490528666076
0.6342748598173418 0.24196084036963922
0.6350393764785474 0.24122666597395254
0.6358275673048897 0.24021319824916326
0.636529028190391 0.23930116282444497
0.637201913220069 0.23836079669266325
0.6378776769902771 0.23770847514455934
0.6385858903004364 0.23678696465064458
0.6392739466594795 0.23595703457689315
0.6398689893487866 0.23506970851831405
0.640674223368332 0.23419622984304306
0.64143002049995 0.2333008291906024
0.6420226840696303 0.23238490208337564
0.6425589141454331 0.23184670262144474
0.6431899601141764 0.23085103401881485
0.6439502418706877 0.23006515136070665
0.6445992443885091 0.22902462467036694
0.6451770590909454 0.22821901839192132
0.645857521166828 0.22721164937685406
0.6465855674089163 0.22660131959149582
0.6472408508621201 0.22569308666831428
0.6478729615207297 0.2249490567621621
0.6485080697912249 0.22417279385309813
0.6492839511651126 0.22310406011173606
0.6497944006101155 0.2223582488762071
0.6504791224491973 0.22145562751344844
0.6512456907899409 0.22073638418441904
0.651845399013617 0.2197525817879708
0.6523856312703147 0.21894829326996962
0.6530051872396091 0.21810150466884476
0.653761270018331 0.2172653397463315
0.6543788338989155 0.21619023963783007
0.6549319702405382 0.2155999731937876
0.6554740796790866 0.2146711538158021
0.6563239331114971 0.2137143153140641
0.6566625949324305 0.2130738049085183
0.6573505857830024 0.2118316277723456
0.6578494193679854 0.2111735175035288
0.6585690589158747 0.21044705269447544
0.6591772612821805 0.20933500666998034
0.6598185160703636 0.208475971680591
0.6605252847263736 0.20794231492883303
0.6610957665026409 0.20704347563846698
0.6616599952388553 0.20602436661658236
0.6623753698729925 0.20542224664078562
0.6628984504693696 0.20434112635555363
0.663421135425057 0.20346766937603217
0.6641268213539132 0.20234783603247014
0.664689746922292 0.2020016097741129
0.665257605343164 0.20077672069534597
0.665827598663139 0.19995713393451525
0.6663333030031926 0.1992656941004753
0.6669449272603404 0.1984123946771012
0.6675482294808016 0.1974249218746464
0.66818242995759 0.19674662443596175
0.6686700569935514 0.1959035750000458
0.6693163388865505 0.19500749989582883
0.6698692337426287 0.19427928628886576
0.6703872592767395 0.19303732151394265
0.6710443653434301 0.19234278848908376
0.6716116785206838 0.19140099583009257
0.6721775274735877 0.1907399021081036
0.6726268743395261 0.18982288130876562
0.6731736408957236 0.18880992015357717
0.6736318059035399 0.18811655709485336
0.6743275006049088 0.18719070690772605
0.6748606799032104 0.18630661538762788
0.6754242858523548 0.18552376505944385
0.6759065094052885 0.18474422003602636
0.6764637562129081 0.18373169789775495
0.6770468263576901 0.1828919320038342
0.6776836624299598 0.1820142817055676
0.678257015080382 0.1811153232251001
0.6786310741820941 0.1805442133875415
0.6792333642991464 0.1795685284884983
0.6796960398479658 0.17858758605827146
0.6801770222795357 0.17766277096197197
0.6807593160791802 0.17685348581022903
0.6812835153687574 0.17605503231041847
0.6819283592812644 0.17501403192967419
0.6824163782507826 0.17426639444840603
0.6828579602596494 0.17340108234195645
0.6834494777187821 0.172439349734043
0.6838940939042598 0.17189066571589656
0.684328965489832 0.17113166143597175
0.6848272625024456 0.1702961108242072
0.6854404136435714 0.1692760041957621
0.6859743559946012 0.1682885642163619
0.6864767384687067 0.16740688856064417
0.6870022458746283 0.16671716576061796
0.6873592355296136 0.16596296503195113
0.6880460899417267 0.16487322078574757
0.6884758280214414 0.1642131253424231
0.688968114245456 0.16329344613072855
0.6894132436155527 0.16232442574873013
0.6899117665707808 0.16165203259707256
0.6902747894255808 0.1607231020615118
0.6908802620101251 0.1597612040835497
0.6913221270284963 0.15899053309848826
0.6919663739779991 0.15791496375534747
0.692272945569407 0.15722944551052204
0.6927442195287882 0.15640401703333567
0.6933375969104207 0.15535262476911288
0.6937598796287605 0.15483445834779036
0.6943898092914631 0.15398619477715342
0.6948030774359744 0.15302964918495182
0.6951907080268229 0.15222886175711042
0.6957427533296487 0.15135934757016284
0.696214619752828 0.15041186157107583
0.6965705730150034 0.1497528643341322
0.6971787181389713 0.14859805006109056
0.6975168634580057 0.14789011897133036
0.6979878326020494 0.14688807871575588
0.6984530491977453 0.14614438793992018
0.6989325336632244 0.1450802592053167
0.6994380945019034 0.14418433790460078
0.6998556653421345 0.1434624390268316
0.7002696604416383 0.1427258379974889
0.7007491524498897 0.14180689571461252
0.7011959580836078 0.14072905583417988
0.701595313804068 0.14004202814363126
0.7020780757476124 0.13917737062937313
0.7025448120208926 0.1383647930787934
0.7029590682903873 0.13749966442897327
0.7033451428382429 0.13690739371004973
0.7038923436512033 0.13580161786413308
0.7042313525073218 0.13504090726043766
0.7047167809319881 0.13407285013991926
0.7051326565397894 0.13321624480228328
0.7055866884666196 0.13230792702621869
0.7059936566606446 0.13159231663228094
0.7064908536936897 0.13087559770446672
0.7068923130855403 0.12991738530864855
0.7073097913254452 0.12895810426539406
0.7078044357948132 0.1282060616118456
0.7081641565105093 0.12741907849176232
0.7085729180613494 0.12660783105716206
0.7090794799738481 0.12557790552033027
0.7093815788316523 0.12506016567368367
0.7098199528856547 0.1241630376823673
0.7102106011675015 0.12319496205551844
0.7107010713954774 0.12229227694742945
0.7111398999608417 0.1214705475448809
0.7114705951779386 0.1205705040699861
0.7118625072141493 0.119897656715313
0.7122029445232773 0.11877687305293044
0.7127441780258454 0.11811187426222186
0.7130704940143479 0.11712665406112771
0.713533561576155 0.11646296828500163
0.7138876235189907 0.11552070693044308
0.7142737195015283 0.11438484785634889
0.7146036307929876 0.11370563222414082
0.7151082461674352 0.11295374026893462
0.7155234932796991 0.11199765020829117
0.7158699667503773 0.11132085074838444
0.7162767293170856 0.11043333212425027
0.7166730539277182 0.10933094715662789
0.717161718983313 0.108787185114888
0.7174644346379131 0.10777647722217804
0.7178798007398789 0.10694617183892591
0.7182181377542725 0.1061768729713411
0.7186334584088095 0.10539045469015157
0.7189952867814033 0.10430423627664037
0.7194583257210774 0.10358626194730808
0.7197349398664415 0.1026190839420767
0.7201542217582232 0.1017669639353393
0.7205435293072047 0.10125639165108308
0.7209173951415402 0.10017978482778139
0.7213544863291437 0.0992936932706387
0.7217123160689705 0.09849590448412276
0.7221127868738936 0.09771251750957216
0.7223911131205959 0.09674751513107877
0.7228126596558797 0.09603688280587502
0.7230434468223061 0.09516262512338919
0.7234846860437528 0.09419321086120663
0.7237943757850862 0.09331046523370062
0.7242951972957663 0.09245882201928018
0.7245829573536456 0.09176571073091472
0.7249063606898594 0.09103190162318059
0.7253585273329283 0.09006845268388147
0.7256135874853661 0.08934165489976015
0.7259578861271538 0.08842799661989459
0.7262974691079198 0.08750065714391048
0.7268021419760411 0.08666449171166374
0.7271017651948004 0.08594890079493417
0.7274183897421119 0.08507838345368385
0.7277946495082093 0.08428051198343073
0.7280837890023785 0.08345421978565465
0.7285160116497355 0.08267133120024422
0.7288585716464778 0.08169989293432606
0.7291298511862562 0.08086534225435277
0.7295183596665312 0.08010944407329118
0.7299004971890932 0.07900338038863947
0.7302258633279662 0.07840698240031913
0.730522820010887 0.0773888078845752
0.7308901813145262 0.07662728444298456
0.7311794153570648 0.07590052449336121
0.7315008480660138 0.07479486163049792
0.7318733231205171 0.07395829337706578
0.7322697836197251 0.07329855045968098
0.7325290671535597 0.07259003028482963
0.7328585327070943 0.0715861094348727
0.7332330114746478 0.07074502824108547
0.7335786530108835 0.06996160300332738
0.7338804880243566 0.06910742489417349
0.7341570529298909 0.06847958287866424
0.7345894996743849 0.06764584857706829
0.734792150288902 0.06652355505445501
0.7351302247374201 0.06580529447579692
0.7355357372514123 0.06514512029615144
0.7357651886374689 0.06417816159918316
0.7361089023295834 0.06333797572932182
0.7365097759770234 0.06255730081207106
0.7368187843546128 0.0616778483026204
0.7370169238722101 0.06090139633775853
0.7374598432535817 0.060162969209892996
0.7377512083779023 0.05926404019055092
0.7380087957217479 0.05824138014642937
0.7382641681540603 0.05737410148587712
0.7385967514904442 0.05694812535956744
0.7389783134961075 0.05583855114097196
0.7392622602828174 0.0550140072789727
0.7394559677500472 0.054107070343350876
0.7398254393323416 0.053278787635414986
0.7401449033388422 0.0525032188880668
0.7404345285742481 0.05179243910037284
0.7407050315595776 0.05094524704470265
0.7410521371312881 0.04999557332431142
0.7413363242874949 0.049373703853986366
0.7415868952301983 0.048589159033081634
0.742025206921218 0.04760386983378
0.7422551055649805 0.046790395646375486
0.7425890672409954 0.046020096113901836
0.7428398681903027 0.04533511634226
0.7431508208305112 0.044483529714637586
0.7434795208307511 0.04345062603219157
0.7437148461685147 0.04279878303496636
0.7439761463094865 0.0420508711637057
0.7442890435522317 0.04100915415767186
0.7445815019243689 0.04016900328940703
0.7449462342194342 0.039405428399905844
0.7450739743553417 0.03862841984375003
0.745410548164564 0.03780000601106919
0.7457004200801415 0.037121647674331286
0.7460186617324063 0.03624676685050104
0.7463170749028655 0.03530962633980388
0.7465568439951376 0.03459554237208478
0.7468672501938236 0.03402656535619324
0.7472324008811033 0.03288796159056922
0.7473953093277588 0.032368904256436064
0.7477036394497059 0.03134771482099812
0.7478881796109664 0.030514750485314095
0.748239723875082 0.02970251884526292
0.7484283472814165 0.02898990145924723
0.748757740616054 0.02803463237242903
0.7490569942290256 0.0274607450028092
0.7492515019783871 0.02644044025196384
0.7496570018756772 0.02554530854645947
0.749891470869515 0.024803520828733543
0.7501204489432448 0.024184619712574844
0.75045027581641 0.023170409869971924
0.7507015183679359 0.022345794779723475
0.7508800762265501 0.021817902191065656
0.7511494467580971 0.020876889265810043
0.7514523707708443 0.01998700240729028
0.751701805223483 0.019213200860209105
0.752013625732805 0.01853413295900424
0.7521865928018412 0.017774326953022217
0.7524592779638777 0.01680647145723862
0.7527931462430079 0.016045934307559233
0.7529331358848138 0.015228247262864364
0.7531667589787308 0.014703801087728225
0.7534679312565652 0.01372980252187333
0.7537129179610583 0.012889707949853274
0.7539841116809399 0.012118467727419808
0.7543554059646114 0.011352322040870383
0.754559173612333 0.010680753878207045
0.7547518909871092 0.00968591819898284
0.7549636442247414 0.008883618208823269
0.755258940808331 0.008021627150369076
0.7556166325507139 0.007329615589759692
0.755791691590243 0.006642211904392898
0.7559969021216877 0.0058186019395898795
0.7561965241807747 0.004936678780837417
0.7564125926121782 0.004054268748099938
0.7567007200007554 0.003428493767010649
0.7570031237953128 0.002490292864395777
0.7572521343887207 0.001839187250043223
0.7574944200684381 0.0010051293020484856
0.7576278638822924 0.0002963726310069529
0.7578859279819326 -0.0006184301467587246
0.7581104054474246 -0.0013383949647349288
0.7583717701782737 -0.0020235707506824404
0.7586798353199697 -0.0028646293278270004
0.7588433744287532 -0.0036939349914966776
0.7591021091935043 -0.004250925907249464
0.7593023199425122 -0.005126962615206459
0.7595600099496587 -0.005913659675583499
0.7598165268964473 -0.006734357827632603
0.7599752909759327 -0.007546293312820146
0.7602858237749892 -0.008364247457259227
0.7605114116967333 -0.009077261881781434
0.7607292029263868 -0.009806423754170573
0.7609286006960844 -0.01042675216852324
0.7612076090443967 -0.011452242992792188
0.7614688810435594 -0.012120383668759177
0.7615926082575197 -0.013017467169748003
0.7618377222331834 -0.013593855886888611
0.762126229895972 -0.014385041515508517
0.762242835779312 -0.015297289971178579
0.7624828398542446 -0.016052193597203397
0.7627416303867831 -0.016810155382558874
0.762961358678356 -0.017467196291109884
0.763149983270621 -0.01837271105167588
0.7633777684833374 -0.01903688723987646
0.7636296712927038 -0.019786754645315048
0.7638113085027062 -0.02066084748066361
0.7640690082259476 -0.02127748182153639
0.7642564998899322 -0.02207079406835783
0.7644874986567787 -0.022873318379307013
0.7646732694196497 -0.023691430537910625
0.7648644988713659 -0.024367250927278934
0.7651490633653734 -0.02532176640586909
0.765315121620336 -0.02574984456799407
0.76556070902236 -0.026667056758204306
0.7657664734327969 -0.027205890021783148
0.7660197980734003 -0.028042065127266987
0.7661730388883511 -0.02880889202840737
0.7663303774648268 -0.02966781274754577
0.7665442589837433 -0.030230650150403444
0.7667649041334657 -0.03114542966825779
0.7669514301592979 -0.03194500129330164
0.7671716263300189 -0.032565089313610414
0.7674092921149328 -0.033470802125735895
0.7676153196667338 -0.03428142529799911
0.7678268294482425 -0.034824855010661966
0.7679769960035833 -0.03565808526621778
0.7681976148243597 -0.03637038476191929
0.7683482941889711 -0.03719324182288237
0.7686060627839477 -0.03772460104693449
0.7687867204862563 -0.03870030017806209
0.7689706339192037 -0.039239523904783975
0.7691911825658878 -0.03997892947275567
0.769490110641093 -0.04091239463603275
0.7695845125887444 -0.0413118124771596
0.7697733041635734 -0.04230492714330187
0.7699409385019833 -0.04279929387016374
0.7700892293252499 -0.043603594793440066
0.7703761754603595 -0.04450782452718966
0.7705657036864876 -0.04503466304346488
0.7707761927574975 -0.045772070774872504
0.7709592069167184 -0.04662914405045621
0.7711664763681251 -0.04732368949481131
0.7712992929579873 -0.04777442269943739
0.7714994826890726 -0.048697847222636544
0.7716803531508087 -0.049328635143150064
0.7719009035327871 -0.050350506887085374
0.7721164218265301 -0.05085944504525836
0.772300373333757 -0.05138602627894213
0.7724563271448192 -0.052403834662402456
0.7725800752577909 -0.0529058443981097
0.7727763749002564 -0.05373027748023735
0.7729837969067941 -0.0543089214502241
0.773196691453034 -0.05496076241126319
0.773355905873 -0.055737405344771625
0.7735569000228024 -0.05652563845996323
0.7737445790641247 -0.057145941715886224
0.7738510323553234 -0.05794163419664795
0.7740328826853038 -0.058677299852199445
0.7742662954557495 -0.059359117638181864
0.774390112779602 -0.06005036126960601
0.7746324743213107 -0.06085596053517934
0.7747268631116843 -0.061452204584207144
0.7749440866709834 -0.062103434757759986
0.7751430540561246 -0.06301559615566993
0.7752784454571029 -0.06363749131914859
0.775483281161759 -0.06401139931161309
0.775712804768847 -0.06470857600472618
0.7758078999784659 -0.0657061774972107
0.7760466080798103 -0.06623217464467906
0.776177395114457 -0.06684806458825637
0.776344382693254 -0.06760655417830358
0.7764788631410834 -0.06840594989553944
0.7766789820388211 -0.06911391138119422
0.7768253893173793 -0.06980947367324669
0.776998599926432 -0.07039459684966515
0.7772162358268109 -0.0708313355889269
0.77739238133768 -0.0717000505690229
0.7774576607695372 -0.0724842973320276
0.7777325111392511 -0.07305266192578169
0.7778563925911971 -0.07368318257883183
0.7780250096480184 -0.07435402515944661
0.7782218858926501 -0.07496058784645249
0.7783995628995647 -0.07568214836269144
0.778496723068085 -0.07647278293688747
0.7786491470238639 -0.07703302690638508
0.7788082544553296 -0.07770088570671313
0.7790302338546312 -0.07818292662345389
0.779138149731205 -0.0789511711584236
0.7793559770711757 -0.07990811058295627
0.7795462374800792 -0.08029876080056425
0.7796497632525323 -0.0809505993278185
0.7797864743075377 -0.08164943694764187
0.779909527717525 -0.08223646331262685
0.7801199984302801 -0.08278686457777368
0.7803059178095558 -0.08369955283639902
0.7804430218387334 -0.08432278306285296
0.7805279792771292 -0.084962807568224
0.7807278091209543 -0.08566364837406376
0.7808609320267939 -0.08611661138063692
0.7810533290414238 -0.08673980304418277
0.781218741296419 -0.08754691371590789
0.781347046017782 -0.08798721663294368
0.781509808671202 -0.08867612098071093
0.7817427693297162 -0.0891893774550035
0.7818739303056372 -0.08979800132440291
0.7819207248357419 -0.0906367613269547
0.7821331302475955 -0.091179443394868
0.7822711209825177 -0.09192747533532114
0.7824735155998561 -0.0926508241834178
0.7825574035978644 -0.09293444820181013
0.7826917100474243 -0.09392310397075304
0.782870471972035 -0.09439759939590414
0.7830923376016845 -0.09496642520561299
0.7831167039253518 -0.0954303467948428
0.7833391519348148 -0.09623362993952739
0.7834930255229908 -0.09686337740164624
0.7835933464438265 -0.09724854419103529
0.7837360929370669 -0.09788548671865666
0.7838385324428806 -0.09868984381985296
0.7840397641939256 -0.09923556254648674
0.7841711301298433 -0.09982455161267761
0.7842897236655934 -0.10048119614495182
0.7844556747272866 -0.10108460268610658
0.784610488979324 -0.10166293738569648
0.7846901808866399 -0.10209257935814248
0.784850144630985 -0.10275608151693577
0.7850191196469953 -0.10325497252474597
0.7851398582989723 -0.10393172125093747
0.7852270312475336 -0.1046918753109502
0.7853144770593447 -0.1049601334578078
0.7855649819816258 -0.10566568826357708
0.7857012882503422 -0.10624788053832374
0.7858585692391181 -0.1069195699457633
0.7859278278848202 -0.10736450115403401
0.7860768871956254 -0.10796253385841453
0.7861962553060176 -0.10864736655741442
0.7863951690544105 -0.1089918392902372
0.7866158284123712 -0.10961545753235485
0.7867341059094234 -0.11025820877897702
0.7867875515982925 -0.11071348424500543
0.7869587413871403 -0.1113938873005354
0.7869901776053402 -0.11185641141581198
0.7871039831483999 -0.11244660483199381
0.7873182132285187 -0.11296408997033919
0.7874499271352777 -0.11358834127135625
0.7874975836017423 -0.11410856503735628
0.7877055671752058 -0.11481858647063176
0.787789643440743 -0.11502987395610947
0.787912405142261 -0.11568535584424872
0.7880746504932753 -0.11630266347810264
0.7882239436115971 -0.11672753651243911
0.7883737382165833 -0.11741205336205368
0.7884825214454371 -0.11786437155884982
0.7886092110170987 -0.11829949750135976
0.7886737322127143 -0.11897823263386714
0.788878089022314 -0.11950076039211349
0.7889564988654347 -0.11977519676081144
0.7890970554918038 -0.120432483377724
0.7892072124582367 -0.12075821692794503
0.7893848536011808 -0.12147104475965526
0.7894814900761616 -0.12170070709640529
0.7895911624036723 -0.12242021857030155
0.7897262745392972 -0.12292111591869287
0.7898124305809088 -0.12350770759909652
0.7899598606552651 -0.12391968142035664
0.79008275617122 -0.12447086478894048
0.7902095092678055 -0.12483728311815762
0.7903398570432506 -0.12536289686047192
0.7904741471187323 -0.1257865489648416
0.7905813298841206 -0.12632124987073706
0.7906493795295729 -0.12688546099671089
0.790780360633999 -0.12731901191252998
0.7908760742103893 -0.12777714245646837
0.7911040172949193 -0.12827349807017113
0.7911639798515845 -0.12874909755337943
0.7912882997556304 -0.12918325750530307
0.7914039733241188 -0.12953927627906564
0.7915475735899496 -0.13021156595503097
0.7916427682217896 -0.13056657763263585
0.7917601364915114 -0.13107304218820387
0.7918081897804177 -0.13139936696588944
0.791950120642931 -0.13202756884893202
0.7920864647997131 -0.13240888542089763
0.7922334842524394 -0.13281765111591565
0.7923417992518904 -0.13322023462481075
0.7924510368887585 -0.13370675480309774
0.7925480977309622 -0.1341115280444682
0.7926613424532576 -0.13446044754707115
0.7927646130879573 -0.13509168227339646
0.7929011188083916 -0.13523805796226046
0.7930390668533417 -0.1358201873728196
0.793102209774421 -0.13613800892863298
0.7932292352616449 -0.13666132285325933
0.793341378347427 -0.13701655342308955
0.7934522623818433 -0.1374076816554189
0.7935374391931325 -0.13786290209172042
0.793675924031685 -0.13831039288477426
0.7937691476451164 -0.1386027500353672
0.79392071780528 -0.13896360018711323
0.7939581347519591 -0.13947559174614826
0.7940543534633835 -0.1397655315549548
0.794173247095323 -0.14012941562377085
0.7942842048530213 -0.1402933241207424
0.7944375907210038 -0.1408742801911657
0.794489818881925 -0.1412682234383898
0.7946271824673791 -0.14142711996806417
0.7947164513593518 -0.14197949351645284
0.7948280134515012 -0.14223858627004465
0.7948566753145301 -0.14268488002747032
0.7950514771365244 -0.14295119700845532
0.7950934891456547 -0.1434555029017464
0.7952408539006215 -0.1437964892955898
0.7952892807468664 -0.14405371151074003
0.7954789995721021 -0.1444175921431901
0.7955182407177278 -0.14472366121200192
0.795624100153803 -0.14498975171724143
0.7957684716600864 -0.14520840021329934
0.7958851239538268 -0.1456477968937982
0.7959485530565459 -0.14585823583745056
0.7960674934497586 -0.14625872248783905
0.7961547927544619 -0.14647794642200013
0.7962421985851588 -0.14686427827293086
0.7963535201547453 -0.14708158332095972
0.7964535238760798 -0.1474080693388879
0.796520021802356 -0.14772900410027184
0.7966129490001841 -0.14804781122212135
0.7967421781556294 -0.14834205053727928
0.7968299084534015 -0.1485713362857401
0.7969785159126407 -0.14883113499749473
0.7970725230408136 -0.14903475301319263
0.7971455391524013 -0.14937970959709573
0.7971979629919648 -0.1496401561322322
0.7973085611511059 -0.14970716540953893
0.7974754936053148 -0.15008134115641075
0.7975298362701295 -0.15029379869234644
0.7975940989319945 -0.15050743470169475
0.7977339202793138 -0.15082971209062296
0.7977883465687922 -0.1510535346136354
0.7978768354472404 -0.1512545023567044
0.7979547616568561 -0.1513735403128212
0.7980931311557521 -0.15157862099461633
0.7981972211402616 -0.1517484756890421
0.7982651166280338 -0.151972176656812
0.7983616182433624 -0.15224638026846077
0.798424917742512 -0.15239884509139484
0.7985404255330535 -0.1525027262235336
0.7986752335683982 -0.1527272844506385
0.7986969029008258 -0.15293293225939159
0.7987761298446322 -0.1530780881671983
0.7989091462289495 -0.15321651240459527
0.7989778285925176 -0.1534116445179991
0.7990468458785444 -0.15343627251389508
0.7991704383062519 -0.15371275686373348
0.7992273523961865 -0.15370554563569777
0.7993162232627372 -0.1539308231809347
0.7993615773076301 -0.15400740816308106
0.7995353337742818 -0.1541473788052053
0.7996124514744944 -0.15430085531265908
0.7997097936538169 -0.1543520754398628
0.7997826611101776 -0.1544831032640414
0.7998627757181627 -0.15451240963259266
0.799929084537836 -0.15456906105883456
0.8000169704327282 -0.15470154243315698
0.8000887946759486 -0.15480379726518217
0.800222107743895 -0.1548834062443783
0.8002670498702817 -0.15487008819071296
0.8003580719871884 -0.1549334303256979
0.8004600818204003 -0.1549544242538216
0.8005433374457004 -0.15503710158163037
0.8005851597787852 -0.15506598789977005
0.8007122109056417 -0.15506178485079553
0.8007759111217094 -0.15508840591481315
