#C1,C2
-0.23580754850389907 0.5066467184624593
-0.2348951977163236 0.505741021287575
-0.23398282251317132 0.5050304923893432
-0.23307050596083773 0.504376947665035
-0.2321577866516265 0.5037339719813134
-0.23124554355891258 0.5029347219995233
-0.2303332161159946 0.5021663882129014
-0.22942171141104506 0.5015437765624389
-0.22850922233047655 0.5007758674025826
-0.2275965868915128 0.5001445435842726
-0.22668432630774193 0.49943081091458735
-0.22577109106057425 0.4984607450129684
-0.22486011368152192 0.497924001717784
-0.22394631160488956 0.49705598174600657
-0.2230358438338373 0.49645300538091125
-0.22212155996053046 0.4959008907828724
-0.2212108503879174 0.49499484746033257
-0.22029759288002843 0.49428909176246655
-0.21938492674564825 0.4935489114337334
-0.21847365326083723 0.49274507315637767
-0.21755890019503668 0.49216634807406495
-0.21664787440762895 0.4914371468891818
-0.2157372772546457 0.49078592248944025
-0.21482415805320662 0.4899935702557178
-0.21390875886026445 0.48920482842753005
-0.2130000492127707 0.4885931421884953
-0.2120864837567767 0.4878683322634761
-0.21117426426127195 0.487122967773236
-0.2102599615047819 0.4863697367254229
-0.2093481813156598 0.48576906310508466
-0.2084379880870177 0.4849328707856502
-0.20752211096558412 0.48407104347031976
-0.20661152292250912 0.4834577010274757
-0.2057002122976771 0.4827537827767096
-0.20478528551299802 0.48191507475442735
-0.20387485417150641 0.48142960555692266
-0.20296420843569407 0.4805353396886835
-0.2020474167522874 0.47993423556098264
-0.20113757973848445 0.47918810963212116
-0.2002263896980187 0.4784342454873623
-0.19931061717746926 0.4778882482177366
-0.198402427980914 0.47701639225980524
-0.19749116118903504 0.47632234941999924
-0.19657677325846126 0.47559859172957536
-0.19566608650409636 0.4748505917037044
-0.19475180470563913 0.4740881752324108
-0.19383798186142037 0.473396997189754
-0.1929293125451399 0.47261854241727735
-0.19201646783497686 0.47182789798015673
-0.19110015722445076 0.4712746595336272
-0.19018428423642184 0.4705066472563402
-0.1892770769290593 0.46985727063458144
-0.18836407654027765 0.4690868190850351
-0.18745041704663354 0.46829943745858277
-0.1865388887405001 0.4675393306652544
-0.18562960923537994 0.46680102084543124
-0.1847213531550912 0.4661390405948462
-0.183803218632557 0.4653067601384763
-0.1828915372317292 0.4646451797198056
-0.18197578553669205 0.46385382326467034
-0.1810700543401888 0.4633025349594519
-0.18015403731048316 0.4624624563297773
-0.17924944021890543 0.46166923790260844
-0.1783296630646918 0.46106597535144606
-0.17741389424910303 0.4603910714749084
-0.1765070913940227 0.459674339278972
-0.17559335263766573 0.4589087635833336
-0.1746773092002375 0.458211210680688
-0.1737684665381043 0.4574526881257968
-0.17285663079976626 0.4567787178637763
-0.17194473444879865 0.4560204508883458
-0.17102996957020056 0.455341919889895
-0.17012055565415357 0.4546438697687882
-0.16920638165937213 0.45391539514033147
-0.16828553576003114 0.45319678040305383
-0.16738918527566904 0.4524795531757075
-0.1664683571994518 0.4516566643235849
-0.16556610592348203 0.45108906091983075
-0.16464359832080389 0.45031288539626174
-0.16373014475164763 0.4495555566334635
-0.16281906667249346 0.4489244110141995
-0.16191227204730674 0.448130838731513
-0.16099156805003267 0.44748779661791543
-0.1600864248582593 0.4466494609331441
-0.15916354723759707 0.4459078847604518
-0.15826544186885622 0.44527353720539536
-0.15734340015771886 0.44452817684676277
-0.15643193197868593 0.4438744339915958
-0.1555123152021609 0.4431276430133096
-0.15460697826270658 0.4423984596822918
-0.15368397226518582 0.44161126504764164
-0.1527762939471231 0.44098208297502645
-0.1518718924220036 0.44014400906657886
-0.15095330652127192 0.43946445863900013
-0.15004318778906955 0.43876207083897806
-0.14913269641353327 0.43798146326436876
-0.14822482173458434 0.43713029428316114
-0.1473039151208697 0.4365554242655592
-0.1464021082924128 0.43572336182440147
-0.1454844111615577 0.43516827529436014
-0.1445685557662924 0.4343655290186054
-0.143651001216151 0.4336613890252577
-0.14274797953080834 0.4330441366754641
-0.14183346327424556 0.43228125353183716
-0.1409282354154861 0.4315467498408004
-0.14000492915072027 0.4308730967844066
-0.13909667795970565 0.43009694450014974
-0.13818267503234113 0.4294011372936673
-0.1372767853791876 0.42870069055630183
-0.13635700105315723 0.4279614865515547
-0.1354463153460567 0.42716895871609045
-0.13453668538098187 0.42639376863454476
-0.13363246727284095 0.4257823431942706
-0.13271932352806765 0.42505313763931835
-0.13180468425968705 0.4243383052789638
-0.1308923415927037 0.4235560028068756
-0.1299743163712362 0.42287917585678286
-0.1290724926644535 0.4221781370487762
-0.12815661042832438 0.4214275392614874
-0.1272352885030843 0.42058900112141934
-0.1263250601505399 0.4199726676718846
-0.12541434622869876 0.419208122620705
-0.124497755898105 0.41858328459221233
-0.12359347269373688 0.4179719456384909
-0.12267978318368211 0.41710266544734204
-0.1217658740886362 0.4164215593332425
-0.12087077028767215 0.4156515001912991
-0.1199356321110838 0.4149677157521153
-0.1190305913324492 0.41418871606856617
-0.118110799614324 0.41364451449432443
-0.11720727533480213 0.41270397686491206
-0.11629060406009878 0.41203570495813274
-0.11537406466283207 0.41138811902162026
-0.11447282103883738 0.41051682205126633
-0.11354999000229948 0.4099649179341726
-0.11263957021108886 0.40914648566979034
-0.11172515863044527 0.40843172880346296
-0.11083131630522755 0.407689619507651
-0.10990854000592828 0.40709316080725094
-0.10897920512591786 0.4061503691651141
-0.10807120364593525 0.4055426840934658
-0.10716222321875041 0.40485271235027936
-0.1062521815662692 0.4041772690381306
-0.10533820520612602 0.40332782984991217
-0.104425487427729 0.4026267286048459
-0.10350812773477899 0.4020206587807787
-0.10260093418074406 0.4012410080113556
-0.10169877857025852 0.4005523055209093
-0.10077664259116059 0.3997565921432688
-0.09986870287050487 0.399036363551215
-0.09895569545104213 0.3983787150495706
-0.09804258696228135 0.3975131524682976
-0.09713024890764374 0.39692761759847633
-0.09623409655803503 0.39621360765160313
-0.09530657631482026 0.39553455224699824
-0.09439474000057263 0.39478191426591785
-0.09347567237758472 0.3941250126033958
-0.09256985118010025 0.39324979161211165
-0.09163731886717252 0.39272336758848175
-0.09073108353763196 0.39173221875652225
-0.08982218308615861 0.39117421044219586
-0.08891393185676616 0.39040888303073046
-0.0880068667772248 0.38972193215825907
-0.08709530858557968 0.38908748734717974
-0.08617874921535479 0.3881696942958552
-0.08527292012812668 0.38748851496081776
-0.08435653749555871 0.38673512513022296
-0.0834450705811649 0.3860499029467293
-0.08254148622703916 0.3854042117763043
-0.08162016580277992 0.3847254796712413
-0.08069786206341212 0.3838795042950705
-0.07979377915621652 0.38315133893888015
-0.07887365884060635 0.3825309015291975
-0.07796684186315542 0.381828697238393
-0.07705939825793692 0.38101169064066015
-0.07615135758717531 0.3801975088640199
-0.07522299618751185 0.37964300307595783
-0.07431658941830646 0.3786960606770577
-0.07340864093275029 0.37817910697346085
-0.07250414091807703 0.3774131430011108
-0.0715721717813664 0.37676823254882125
-0.07067248462216058 0.3759861543616155
-0.06975839850996107 0.37528181248541553
-0.06883965430375014 0.37454094584525516
-0.06793751074122747 0.37384845463758315
-0.0670274253301161 0.3731569328248156
-0.0661235700694465 0.372387741861774
-0.0651925916035028 0.371664318351452
-0.06428438403205797 0.370924313637557
-0.063365175886024 0.3701249319914713
-0.06244196546157346 0.36948474976364626
-0.06156401449119753 0.3687637720128552
-0.06062584681795885 0.36805084713201547
-0.05973054489032992 0.36734818192202073
-0.05880677730156453 0.3665843104724425
-0.057900703772501866 0.3658722146673358
-0.056991810448257685 0.36508928191107654
-0.056068383523990656 0.3643979436298748
-0.055152452977265815 0.3636477252965145
-0.0542430172561858 0.36292044355815617
-0.0533321906974219 0.362233817792271
-0.052416152127219284 0.36163321910799723
-0.05151475756533552 0.3608361011173333
-0.05058962628538599 0.3601080484562504
-0.04969971422279307 0.35934645462753806
-0.04878375863994014 0.3586861797472061
-0.04785519297820778 0.35797095546255114
-0.0469531258082477 0.3572361962949488
-0.04603266537901782 0.35641422415111773
-0.04512675711121586 0.3557971002206472
-0.04422222118428337 0.3551293102007192
-0.043302047914694164 0.3543465080556603
-0.042380269396612796 0.3535499083107328
-0.04147186060137442 0.3529638728705173
-0.040560741332253986 0.3522146803429114
-0.03966033862879201 0.35142292474897735
-0.03872922167463022 0.3508113944267956
-0.037808327401268355 0.3500526555172991
-0.03691748634381142 0.34936503631897703
-0.03600446637649091 0.34864156671486407
-0.0350804691807734 0.34802679391900976
-0.03420530409697772 0.34713995560700833
-0.033264534537000984 0.346389001734611
-0.032352472662780324 0.345693925032911
-0.03143509260635033 0.344995147807636
-0.030533644773225514 0.34424163243947487
-0.029616896432812182 0.3435292413462871
-0.028714103341855344 0.34285424961209326
-0.02779386889213409 0.3420796614144294
-0.026868894453511514 0.3413047509533698
-0.025978541219370214 0.34047085172942076
-0.025062808432024717 0.33994043298693916
-0.024141316602199956 0.3392147806230171
-0.02321564144232022 0.3385367721506081
-0.02232513936486297 0.33779878477500475
-0.02141747427344135 0.33699974167638497
-0.02048741143413266 0.3362676622466531
-0.019586031226347504 0.33554188606885255
-0.018666824439599192 0.33497198905417386
-0.017756619288677004 0.33416511692197165
-0.01684795011827245 0.33338336677522334
-0.01594383502219904 0.33271220196311585
-0.01501699658736511 0.3319167907411303
-0.014096409804776559 0.33122727965888815
-0.013191018057976626 0.330569991385876
-0.012282900511503606 0.32973615607257895
-0.011386043141474792 0.32908607260890516
-0.010460827488556316 0.3283049153438296
-0.009553755469865342 0.32767005333019356
-0.008630155194126441 0.32692914531310996
-0.007692183869907585 0.32627584336648224
-0.006793072438885609 0.32547184685628333
-0.005902918109747832 0.3247523296669544
-0.00497034048946016 0.3239236381919068
-0.004059298425873329 0.32321065025781487
-0.0031501099580127125 0.32253490840858695
-0.002246023324927241 0.32187705644921577
-0.0013320488487448857 0.32114590963083495
-0.0004058640273504645 0.32041381177083367
0.0004901474479073985 0.31973129092583624
0.0014132898231763134 0.3189746291901107
0.0023023223332333774 0.31833627667140557
0.003233944079988029 0.3175773937134014
0.004143288283339288 0.3168468334837104
0.00504596711517016 0.31612799038760103
0.005978112050931735 0.31531842169004026
0.0068836097228370495 0.31463405305084163
0.007791507463172333 0.3138899954072996
0.008707046325817116 0.3131979436166305
0.009612902295077632 0.3124988558555792
0.010517865296053693 0.31174615538907385
0.011455328817829565 0.3111209410796126
0.012364308885580069 0.3104041072284303
0.01327166683347333 0.3096679991091859
0.014193377773130341 0.3088101368084171
0.015090930844786018 0.30820354256256605
0.015992390203942105 0.3074061306198345
0.01692666673135867 0.3067792682372544
0.01782005571035766 0.3060006438911503
0.01875307894495015 0.3052475866899412
0.019658350823789635 0.30457422996511824
0.020543355796514392 0.30386405983949366
0.02145166837988482 0.3031388836153284
0.022389739378775416 0.3024116541756657
0.023308247286386082 0.30168076254131754
0.024219798003274947 0.3008856049948084
0.025142712554313825 0.3002227536575957
0.026037309658004878 0.2995719241734121
0.026954892126172355 0.2986868482389216
0.027846527231168813 0.29807440873387064
0.028777117694968376 0.2973859271382107
0.02967719546518843 0.29667981422767115
0.03061245710652832 0.2958098007088316
0.031503748491939876 0.2951421498585917
0.03242423312560477 0.29439154933870254
0.03334386334310585 0.29386005752302663
0.03425053981571191 0.29310026713523313
0.03516517654954632 0.2922605090784319
0.036095497609531735 0.2915877300694441
0.03697464754361218 0.2908367959129074
0.037887610814756334 0.290044079696452
0.03880479270556636 0.289342066249166
0.03969616020157074 0.2886758503795825
0.0406342127110188 0.28791406185826035
0.04154688921912092 0.28718771425532236
0.042447636843980174 0.2864472208802777
0.0433635114811603 0.2857720351737913
0.04425108868751909 0.2850003836010358
0.045217284961831083 0.2843900647457153
0.04612664793207988 0.28361447385817457
0.04701053604981342 0.2828945485974779
0.047936169042522125 0.2822234621150053
0.048833796319204426 0.28145342873759766
0.04977523558810654 0.28076018979473066
0.050677866566405605 0.2799426296402722
0.051582406839597805 0.27928450481530415
0.05249836024750848 0.27860068704861846
0.05339060882058211 0.2779422565966147
0.0543089796224111 0.2771533658935284
0.05522358208293032 0.27647387914998295
0.05614191699215415 0.275798426140527
0.057073176689347915 0.27497866534573107
0.057944829653439 0.274191722641906
0.058885523425644515 0.27349999670171793
0.05982788174792436 0.27276644526063926
0.060709908248187894 0.2720553187212222
0.06163277715108101 0.2714375634571353
0.06252125513632151 0.2707222842135034
0.06342617418090185 0.2698211532910618
0.06436794994644035 0.2692796128995869
0.06526741058017227 0.2684792726298028
0.06618790954711501 0.26769592070719606
0.06709034730506219 0.2670952225761329
0.0680160287765994 0.2662996347472955
0.06893248274864511 0.26560958280527647
0.0698244321767737 0.26482387223331977
0.07075137857066044 0.26417555735707804
0.07166632894311281 0.2634725737146582
0.07255889905719903 0.262633456855045
0.07344887891618529 0.2620609378180353
0.07440383892251351 0.26125817975727117
0.07528788631941952 0.2605335561935558
0.07622517811299145 0.25986249397367317
0.07711787140670895 0.25918488491947594
0.07804373201278375 0.25837022261394993
0.07894289278975225 0.2576060229408365
0.07988146799731138 0.256947820859444
0.08076692306264532 0.256245216533663
0.08167994063747952 0.25564637558982345
0.08262655405229485 0.25477175731210894
0.08354818592527308 0.2540368409165074
0.08444619039677398 0.2533092761348243
0.08533443425982473 0.2526125655771678
0.08621176996872731 0.25190332845344127
0.08718291546907053 0.25114507588773216
0.08804948602803708 0.2504410588540091
0.08900251815026372 0.24978029981044883
0.08988094982363876 0.24898972510189163
0.09080151421143301 0.2483037008767122
0.09171903857056674 0.24752800536838535
0.0926465539171924 0.24684988056374005
0.09358383295247169 0.24614585116262674
0.09448842671446961 0.24548027864819041
0.09537612231218728 0.2446184242463824
0.09627458760551644 0.24394819498523493
0.0971846516449073 0.24319910888942145
0.09812738724925213 0.24240362043051375
0.09900068182926047 0.24182235995819737
0.09991450805385182 0.2411319765141304
0.10084392420762439 0.24037080845797107
0.1017786797314239 0.23967399062878128
0.10264298103413161 0.23891193168058636
0.10363137002558043 0.23816338383727867
0.10449663460934627 0.237474984922686
0.10541145076506203 0.2367510829078607
0.10631744103783836 0.23606303889804184
0.10722345899752772 0.23529393021276304
0.10818492638069205 0.23456922250381998
0.10905021458055164 0.2338800479318471
0.10998633981228911 0.2331388955262085
0.11090775720154034 0.2324806637825436
0.11181096079804526 0.23161527352374464
0.11270933992404142 0.23094287714314773
0.11360108546149483 0.2302612838312075
0.11452634574481763 0.22947348271730958
0.11545129999177234 0.22873976300741813
0.11634582162237717 0.22812095234635313
0.11729261141939812 0.22733786717432705
0.118160716720762 0.22653514389549148
0.11911953602995407 0.22583482591167228
0.12001538440933418 0.22521337671244865
0.12089826511277585 0.22446522753034712
0.12181551166036314 0.22377425640676882
0.12274777599061443 0.2229753469707382
0.12365047908833199 0.22233920368548474
0.12459628972990106 0.22159554020785235
0.1255012570504599 0.22090130529874016
0.12637573465422608 0.22014628024097097
0.127298482222025 0.21949845160879608
0.12823133487054533 0.21880215181707427
0.12912431979338684 0.218051505455812
0.13002767232706486 0.21735142009870154
0.1309363032213638 0.2164785120541263
0.13184991397733453 0.21580676776804356
0.13277446387537667 0.21512344215082038
0.1336611996666326 0.21445342849668833
0.13460129742671478 0.2137207248896322
0.13552831503897272 0.21293803292410776
0.13642875860997683 0.21222968398252476
0.13736513380083992 0.21140378913221639
0.13831603212159344 0.21076099956813746
0.13918509336085017 0.21006227118760842
0.14005553413951854 0.20932136424170208
0.14099219669698942 0.2085722742310794
0.14191816982259403 0.2078980028306058
0.14280005783370275 0.20719647321736465
0.14371703256382362 0.20647310575293018
0.14461779554289422 0.20566176700067282
0.14551676440715067 0.20493160097177318
0.14641752319093515 0.20424983256777643
0.1473668831026108 0.20353479990721765
0.14831123235062105 0.20284414926935826
0.149190078767298 0.2020950324328966
0.15011923217750067 0.20134683716258014
0.15101989369645835 0.2007812157374335
0.15194242850360784 0.19992384801123322
0.15285893009164286 0.19921989959596478
0.1537257316227697 0.19847864407826596
0.15467074539540587 0.1977616858390396
0.15560646107807818 0.19703817528724296
0.15649472824609872 0.19633730084607878
0.15741770811054256 0.19557707667712762
0.15835056318976826 0.19485835069403276
0.15924851614604063 0.19407922894542143
0.16014862672604002 0.19340704570099757
0.1610479007173724 0.192809886082393
0.16197362548212024 0.19200567677746141
0.16291028605588703 0.19130502827276827
0.16382873785535645 0.1905721286524447
0.164718042189681 0.18986865905378011
0.16561883135202882 0.18916253147336062
0.16656154624788688 0.18836604580330543
0.16743705865310654 0.18770675596695793
0.16836761032278497 0.1869740802245292
0.16929739384400855 0.1862488046704511
0.17019274304330667 0.18551502595208016
0.1710824305510683 0.1847646149037919
0.1720196093890098 0.18408538792518483
0.17293716390910568 0.18338420619644033
0.17382412660147045 0.18262022603720077
0.17471208909569863 0.181895083618521
0.17568105372377857 0.18120089568740697
0.1765969642985909 0.18042734906740368
0.17749110350992425 0.1796959018752103
0.17841290825602207 0.17904826980972924
0.1793175228111225 0.17830678323817403
0.18024023544105017 0.1776134401045749
0.1811485387223073 0.17688273784877054
0.18205905530438382 0.17617139615253427
0.1829469265472028 0.1753713901875056
0.1838385764037298 0.174671880588074
0.18479019539184077 0.17397125952186102
0.18570566799238192 0.17321898779582337
0.18658545069747562 0.17252433957052568
0.18755143364929105 0.17181425706393774
0.1884190860765299 0.1711060373043933
0.18935700669980848 0.17036537461407122
0.19025226134361484 0.16965568207974083
0.19114863074706595 0.1689791734117896
0.19207500709620928 0.1682251723313317
0.19303496403161796 0.16743371635748225
0.19392019963973478 0.16683614117306936
0.19481684161501067 0.16598837333931168
0.19574653956681964 0.1652441491406704
0.19665964808251052 0.16460897052038578
0.1975131022011249 0.1639178118659261
0.19848794632408523 0.1631558189802699
0.19938187180150047 0.1624004423436878
0.20029556308128454 0.16169402006759823
0.20119185774373566 0.16094452991945216
0.20209686915066039 0.16032352791194213
0.2030287091235255 0.15948115822950568
0.20392081488597152 0.15883692404397723
0.20486386963470565 0.15814101788260557
0.20574536564463763 0.15739440909164834
0.2067081578507171 0.15661302114172773
0.20759677674928656 0.15597253045447348
0.2085356879774346 0.1552444482056217
0.20937168028564745 0.15452350172750776
0.21026581556115959 0.1537729459407334
0.21121519832728125 0.1530748561802828
0.21215987545994341 0.15230603009240098
0.2130607703632078 0.15161573297912814
0.21399151111045922 0.15091778607447195
0.21490270618493612 0.15020438122581772
0.21581475286640195 0.1494483340864197
0.2167633276841941 0.14870246637460752
0.21760079491035422 0.14802187791779733
0.21853494502612242 0.1472684767619092
0.2194345200524604 0.1465519215250848
0.2203681967781586 0.14576211470933145
0.22126390847432909 0.1451216533352306
0.2221833142814152 0.14438740643224415
0.22310168885810105 0.14368215110271634
0.22403289275305227 0.1429286288001216
0.224941380466941 0.14219609631477145
0.22578935510558606 0.14151003100901896
0.22673716144128198 0.14082447337564621
0.22767238250228983 0.14011708409062182
0.22855769384330504 0.13936020129754076
0.2295032137635884 0.13865524937420923
0.23040607934587576 0.1379072645017165
0.23132249317110842 0.13716687016102422
0.23227050384457587 0.1364509675028995
0.23315383401311318 0.1358213631033082
0.23404680844030407 0.13510495714628765
0.23497863276168635 0.1343066336629586
0.23589003901880906 0.1335594990415395
0.23680070723956803 0.1328779816932126
0.23770478088103086 0.13214987911793827
0.2386373213436766 0.13144404800380913
0.23947284763932153 0.13063908907963304
0.24040062611890767 0.12999409770234252
0.24135167518126716 0.1292611147604418
0.24226191363422722 0.12851941367106726
0.2431838105168838 0.1278619061256537
0.24412537830343306 0.12711698949039632
0.24502459121496273 0.12631395918933222
0.24591757977919398 0.1256146482012763
0.24683402762534978 0.12496694099001657
0.24774010447438083 0.12413566394735073
0.24871642363516594 0.12343795338937866
0.24957216756132 0.12277849748103839
0.2504525668648158 0.12205394867840355
0.2514224159284822 0.12132468914642888
0.25232258523635903 0.12058146705371739
0.2531977604411228 0.11989448149501022
0.25412779348581704 0.11913964528165996
0.2550545722600674 0.11842049730711465
0.25590885877290004 0.11773473302793344
0.2568627132148755 0.11697332036363148
0.25782086859973097 0.11625060995424899
0.2586808848305963 0.1155520851348533
0.2595415317681207 0.11480629435594028
0.2604706554045466 0.11411210236884065
0.26146161539509716 0.11338586379655494
0.26230506745468396 0.11266788228930649
0.2632416331699886 0.11193135468153295
0.264154137394679 0.11128677559331843
0.2650669032782528 0.11048680768608757
0.26602617504695014 0.10977568435297783
0.26690853319470165 0.10902391426136479
0.26778461765826034 0.10832699168524038
0.26872606308836366 0.10763487923093154
0.2696215474850756 0.1068689476165948
0.27053740456122843 0.10615439707930793
0.27145258469106204 0.10539029798908287
0.2723673593110165 0.10478530982791481
0.2732734145631057 0.10402079722464355
0.27416081357407107 0.10330634569545075
0.2751048986112502 0.10257966327386389
0.2760335318004672 0.10180174890136875
0.2769532733327703 0.10106426274348204
0.27785971375764573 0.10044556772726251
0.2787118067092238 0.09965384244108924
0.27966124806921844 0.09891726471710002
0.2805767398651168 0.09819425908618232
0.28152004690957133 0.09745454258017147
0.2823778494134762 0.09681205892450198
0.2833632516966018 0.0960135023700737
0.2842623757573406 0.0953572313554866
0.28515027555503136 0.09464212208958792
0.2860642818704243 0.09386284248619522
0.2869403802852062 0.09314004660186057
0.2879011481950543 0.0924731617225106
0.28885857185301067 0.09176341028973786
0.28968589833863045 0.09101718415800483
0.29057466045204183 0.09026658701774773
0.2915456631045905 0.08950655699030016
0.2924491388686197 0.08881746918577263
0.29334367054277 0.08814512983419212
0.2942768287854304 0.08740764630267026
0.29517270174556487 0.08662818063743252
0.29603590300678817 0.08598905905471924
0.2970191967081204 0.08522968614270052
0.29790979551301267 0.08450473846053805
0.29886866274152635 0.0837899564027256
0.2998341281733057 0.08309086765408921
0.30066396939284623 0.08229544289289911
0.3015716929787122 0.08165437105780896
0.30247121057974935 0.08087452062509018
0.3034213328422949 0.08021173884349911
0.3043756802320633 0.07951069362191795
0.305209182001857 0.07870435632018549
0.30614415098301007 0.07803098193378002
0.30702940926754985 0.07731193183363652
0.30790800929821793 0.07662527350861045
0.30887873056406445 0.07589274307828878
0.3097916779848956 0.07512911257264007
0.31070284144019833 0.07436452992492645
0.3115955265559862 0.07366593864560769
0.3125144591727038 0.07295459630329335
0.31339869136321596 0.07230433951301937
0.3143406982475043 0.0715443151855342
0.3152674658967971 0.07077572292558668
0.3162162533772339 0.07008851405831548
0.31709134392197647 0.0693612173499191
0.31800977367906413 0.06865299299435898
0.31888493796042305 0.06793575613156169
0.31983557599263324 0.0672264874531022
0.32074179879981946 0.06645393553948939
0.32167627183501235 0.06571208039070406
0.3225700450753415 0.0650465950571574
0.3234499070446958 0.06432913034010482
0.3243907582048666 0.06357131795808832
0.32528092279572074 0.06286031107502263
0.3262080606432446 0.062110564605294266
0.32710909490929185 0.06143431549555686
0.32803736255427485 0.06069648822403931
0.32896422197086106 0.060014293300819394
0.32986261356258406 0.059270139123131366
0.3307812927455339 0.058559965207168635
0.3316605711507131 0.05779919543183562
0.3325876644805311 0.05711470546899147
0.33350635923025806 0.05640801227957273
0.3343680162673567 0.055674110949728656
0.3353263451213212 0.054936962238783554
0.3362392734642572 0.05425211072028305
0.33716227184130787 0.05351416054806632
0.33804105063728596 0.05274538330928638
0.3389648662393985 0.052050132175939484
0.3398765214097542 0.05133914933644182
0.34075539858202986 0.05062517754381521
0.3416879848753115 0.04985321196217554
0.34265262395725515 0.049148205497886094
0.3435735170633568 0.04846302563046809
0.3444867634076484 0.047752338403165256
0.3453571964834323 0.04701742272383838
0.34626736874748654 0.04626432552412199
0.3471417105505812 0.0456030519416499
0.34812267016065024 0.044798173213415254
0.3490582850540187 0.044180966337520805
0.3498892627109269 0.04338367659441525
0.350868041115591 0.04263170842831812
0.3517929621343415 0.04196288086418362
0.3526837548477316 0.04125303738397043
0.353564213910727 0.04052113132143684
0.35454639018116296 0.03974707843535005
0.3554031204269702 0.03907483982156609
0.356309360128385 0.0383291522449338
0.35718629616426556 0.037595919443007636
0.3581172235092698 0.03690474208391517
0.35906159335685417 0.036177199922507536
0.36003051953453713 0.035430050750791614
0.36090401057007093 0.03473099244253855
0.36177721986317923 0.03403563695213954
0.3626774381958423 0.03322812329352362
0.3636350291228335 0.03258851826634848
0.3645110225767181 0.03182946486105617
0.3654316362342638 0.031136539578868996
0.3663648856437516 0.03042343414052356
0.3672447673127991 0.029704427403546865
0.36822057889811033 0.02895976595764185
0.3691219146628426 0.02826059819974119
0.3700288617425246 0.027533338517569946
0.3709309456036003 0.026784267912090372
0.3718569943677017 0.026101836580393774
0.3726845411935631 0.025371414602147004
0.3736670999080297 0.02461623930854789
0.3745505599505201 0.02394342271351951
0.37552498125940204 0.023209675539217375
0.37640946213196425 0.022410074424388828
0.37728094718624483 0.02175961458847075
0.3781913353753136 0.021007500135893833
0.3791373182896167 0.020328098162605914
0.38002355590205006 0.019563686583589753
0.38094266679133393 0.018855468103026487
0.38186325703176505 0.018150810432089017
0.3827786410504451 0.01738895257535963
0.38375132847822224 0.01672648739804158
0.38466793178759484 0.015958479428596902
0.3854814016023833 0.015260838504969256
0.3864404081744882 0.014555620640417485
0.38735098721053607 0.013809971970102638
0.3882607492479171 0.013137154777289908
0.3891444092115882 0.01237553418241524
0.39002767770318736 0.01160498682599109
0.39095468064342687 0.01092675900478737
0.39191451291300194 0.010208228803027793
0.39279025538825185 0.009491501580260017
0.39371988807062175 0.008735653470038848
0.39460667310050423 0.008067808091509834
0.3955598532459652 0.007330377900479964
0.39643531366317697 0.00657158226568191
0.39729882988842713 0.005890456284558972
0.39830252148669076 0.005174936629472545
0.39916950993193545 0.004433151751399352
0.4001554333285565 0.0037172881478416096
0.40097334610939583 0.0029995914011848
0.4019128891337992 0.0022784449072712175
0.40279633698325945 0.0015540600929662106
0.40376901020854505 0.000778621060741249
0.4046913661100676 0.00014312934995633006
0.40557015008555497 -0.0006455148344210217
0.40649753249886056 -0.001322101979820054
0.40744789461656217 -0.0020867227309222004
0.4082773337936687 -0.0027695084968650287
0.4092367569529306 -0.003500049781776402
0.41015032301445997 -0.004231995777935153
0.41104336821656806 -0.004969293960570779
0.4119493589475124 -0.005680066502317092
0.41286177675120084 -0.006360293729464287
0.4138116159128996 -0.0070817798541751055
0.41472268469437323 -0.007813659260169446
0.41558296772467385 -0.008555855865079096
0.4165273637970439 -0.009279032356171588
0.4174409683806325 -0.010011313949612164
0.41830669287562705 -0.010711255316693178
0.4193162956972645 -0.011422400469127101
0.4201251538829964 -0.01213324813539499
0.421104989557898 -0.012862036093411248
0.4220033142721552 -0.013594700449189343
0.4229321387970636 -0.014360474901168267
0.42381714392946646 -0.01504322001616432
0.4246973597437267 -0.01574652211393102
0.4256323683688299 -0.016479989912728647
0.4265409865434281 -0.017170787954371717
0.42747197974255 -0.017925549489834717
0.42845799667351814 -0.01862516528619868
0.42930160845794296 -0.019367371373832463
0.43018064395343647 -0.020091568065393004
0.43111107688276085 -0.020823230805275626
0.43210914890859253 -0.021568886412007885
0.4329650802352215 -0.022233290876838927
0.4338636738067032 -0.02301646603765434
0.434757815741486 -0.02368164896008296
0.43566498974804757 -0.024426569490715314
0.43658362796351546 -0.025130292973877397
0.43752838452731924 -0.025873421619622642
0.4385030041144026 -0.026584660085055365
0.43933471299940363 -0.02730965992094578
0.4402102475437334 -0.028026973905501133
0.44114132236146886 -0.028730660024312963
0.44206533744792553 -0.029499131645015667
0.4429960582151927 -0.0302116958123663
0.44397526057404535 -0.030919907580314186
0.4448160719769205 -0.03161617186849877
0.4456847114972675 -0.03238576756330558
0.4466731691644229 -0.033086335774185516
0.4475033853041873 -0.03377929051139758
0.4483848826916639 -0.03453591148227467
0.44935267947846136 -0.035245084484259004
0.450286561407071 -0.03598372504810682
0.45118324822487466 -0.03667897688747726
0.45204684605454326 -0.03742479061425344
0.45306991600497626 -0.038124566438314744
0.4539203907340885 -0.038828969082908504
0.4548816524026106 -0.0395941703070172
0.45571634963790075 -0.040297488457311154
0.4566482632789626 -0.041003367152306486
0.4576102618390129 -0.04174692699345986
0.45850038368904145 -0.04246338782992087
0.4594474932015563 -0.04319649016494917
0.4603700325526855 -0.04388223528380189
0.46125215961550536 -0.044616455819799644
0.46214481116124473 -0.045335647063615314
0.46309750986445575 -0.04610663211899474
0.4639533780475136 -0.046782490423559725
0.4649322582445593 -0.04753633751929778
0.4657049534349321 -0.04823200372723879
0.4667450533096339 -0.048922794451820406
0.4676545014971063 -0.04967360192856765
0.4684965634595575 -0.05037438587434681
0.46949595733300964 -0.051136119444497585
0.47036538815518214 -0.05183053208596833
0.4712395333961438 -0.05254812723253274
0.47214395281075616 -0.053316815122357336
0.47307677975285867 -0.05398059602184438
0.4739812310307764 -0.05472466143896351
0.47492746585756085 -0.055464042477847614
0.47578328222484534 -0.056138081596740136
0.47666758867626935 -0.05683421940436481
0.47763428568609245 -0.057612788584080116
0.47855747754505895 -0.058323973232515536
0.47947132214256416 -0.05905792872642701
0.48038259440260256 -0.05977612052081688
0.48133349422258875 -0.06048830086419282
0.4822367640020361 -0.06123497790560001
0.4831665184898227 -0.06190710641952815
0.4840520838783906 -0.06264437800175734
0.4849505729146053 -0.06339392075804687
0.4857990157035057 -0.0641014990468318
0.4867682375175867 -0.06480600122271005
0.48768565718158596 -0.06553104106316099
0.48862057294364747 -0.06625632981651819
0.48951703463778506 -0.06698341042053568
0.49038032950311516 -0.06772614618167752
0.4912948188987857 -0.06843288216379434
0.4923356775904535 -0.06913865380645604
0.4931202081867878 -0.06986004267249699
0.4941095826035805 -0.07060637953565263
0.4950356952974775 -0.07134717423707518
0.4959570774937715 -0.0720278531189116
0.4967663562505119 -0.0727731846524122
0.4977081746803087 -0.0734748947171093
0.49862617132586995 -0.07421290725460283
0.4995106448443465 -0.07491430859936093
0.5003812728679514 -0.07565490362176547
0.5013441491527282 -0.07637599734949993
0.502318369206567 -0.07708428042166943
0.5032456038089537 -0.07781643819431339
0.5040898311036793 -0.07856114938978404
0.5049660907379433 -0.07925992308078211
0.5059071491731454 -0.07997338522138364
0.5068613408867011 -0.08070158332824551
0.5077705105204138 -0.08140985559285957
0.5086536211897116 -0.08213442786954642
0.5096076856613034 -0.08285953321086428
0.5105064081003724 -0.08358356198116546
0.5113683096782135 -0.08429201396604827
0.512311765727308 -0.08503581825535772
0.5132396189266503 -0.08577110243415331
0.5141232433823556 -0.08648876686339074
0.5150027492304978 -0.08719484535099986
0.5159443079876084 -0.08789165888479908
0.5168413507088622 -0.08863263699980423
0.5178624522819653 -0.08934938203568404
0.5186679653170725 -0.09007519224628813
0.5196212351660584 -0.09078261358037759
0.5205190774421702 -0.09150441258412119
0.5214075739096247 -0.0922301443258029
0.5223409614995943 -0.09296353390813415
0.5232887823909592 -0.09366121555747642
0.5241829699380237 -0.09441841687533464
0.5250752110853097 -0.09511971749815196
0.5259912139392641 -0.09585512340278235
0.5269152867098069 -0.09658165354744365
0.5278383720189136 -0.0972787142163599
0.5287973883711364 -0.0980233660706116
0.5296805226505578 -0.09873919994874682
0.5306612596042674 -0.09943921140589246
0.5315225146135526 -0.10018617913267468
0.5324451374234588 -0.10086011916674412
0.5332835902706347 -0.10160888774269448
0.5341868673880351 -0.1023476492778023
0.5350903289960794 -0.10305568947143237
0.536043537983033 -0.10377436133000151
0.5368770482012163 -0.10451146457094596
0.5378507455619032 -0.10521465529626947
0.5388617386930704 -0.10594067308122562
0.5396715687599282 -0.10666925397729438
0.5405882418855955 -0.10738733054763577
0.541511406460275 -0.1081067769929791
0.542479732370139 -0.10884638402073663
0.5433903923788918 -0.10955520194361926
0.5441912794935021 -0.1102661686784471
0.5451627574442103 -0.11099833853266847
0.5461593669711077 -0.11172841983554657
0.5469965767752191 -0.11245034977983881
0.5479365550008283 -0.11315566244828024
0.5487981119185849 -0.11387536614718274
0.5497210714358755 -0.11460142039450816
0.5506485859389793 -0.11534507000000277
0.5514416028084158 -0.11604949371204781
0.5524936347155353 -0.116759034664838
0.5533563418929609 -0.11748733419128787
0.5542656929485091 -0.11819890760934251
0.5552246820823531 -0.11893991545975446
0.556081019901573 -0.11965635275876843
0.5570866113761651 -0.12038090473108565
0.5579565205619809 -0.12109884447742661
0.5589376555032336 -0.12182657262620802
0.5597195557009759 -0.12251720451149939
0.560704955027061 -0.12326902830408676
0.5615362731383325 -0.12398273066219839
0.5625030061439408 -0.12469496126220792
0.5633934824859469 -0.1254451919648141
0.5642622223829569 -0.12614870064870176
0.5652680539350071 -0.1268758968780713
0.5661274504352739 -0.12759206252832997
0.5671554036248013 -0.1283058199523579
0.5679971423963436 -0.12903114226035517
0.5688766162353062 -0.12975608209690287
0.5698369179102843 -0.13047987327294247
0.5706403493742841 -0.13120837364945015
0.571610381125563 -0.13191148760923804
0.5725544111541917 -0.13263710191246775
0.5735007905632395 -0.13336442191065878
0.5743100480650566 -0.13408279330267675
0.5752899447696144 -0.13479599761792313
0.5761472019570523 -0.1355220345752935
0.5770956774883308 -0.13625574107258473
0.578034829048503 -0.1369736260751477
0.5789201681814412 -0.13769304859418668
0.5798171484115678 -0.13842144144794832
0.5807871658519309 -0.13913048662940508
0.5817217050320774 -0.13985615068556131
0.5826207710336403 -0.14058518752138227
0.5834190926888 -0.14129504743249888
0.5843420954633193 -0.14201555840398183
0.585350682654937 -0.142741217682122
0.5862346033200857 -0.14346657311692676
0.587124117772191 -0.14419788183959034
0.5880753921952516 -0.1448974077076309
0.5889179010453865 -0.14562962139681987
0.5898073350987224 -0.1463570054034183
0.5908417041530553 -0.1470618925537711
0.5916980703871854 -0.14779301990691873
0.592602613178807 -0.14851210569458412
0.5935215738925949 -0.14923769012651975
0.5943984478157277 -0.14995301799189986
0.5953791796443834 -0.150668182769595
0.5962384038935419 -0.1514099798334498
0.5971550150610728 -0.15212826148804062
0.598119768535139 -0.15284831895192377
0.5989121586475642 -0.15356659635787615
0.599925693569738 -0.1542844487149142
0.6007687402049434 -0.1550130932815056
0.6017216935123478 -0.15572701605801206
0.6026721404791705 -0.15645397208243422
0.603546731676114 -0.1571641368343592
0.6044832006611257 -0.15788943721621115
0.6053661024087217 -0.15860739970511273
0.6062628509420674 -0.1593301563938745
0.6072175332233968 -0.16005199077885304
0.6082076443761996 -0.1607710321494474
0.609107881420924 -0.16150111958516233
0.6099059985159386 -0.16222597320927296
0.610867082294224 -0.1629428166392306
0.6116401026088188 -0.1636599350925776
0.6127144492284381 -0.16438210603934408
0.6136468276458394 -0.1650984385523342
0.6145208451619634 -0.16582965152963516
0.6154191741216478 -0.16655135605641552
0.6163728672127727 -0.16727429154045814
0.6172198921988991 -0.16798933167075797
0.6182172370732918 -0.16872045411923994
0.6190391340225624 -0.1694328544521005
0.6199354052487233 -0.170151749418266
0.6209097391443318 -0.17088712356875288
0.6218257229973981 -0.1715988094161012
0.6227973948085955 -0.17232372588514253
0.6236735735624305 -0.1730438065653333
0.6245870533496852 -0.17375767172598053
0.6254427268318116 -0.17448077973053258
0.6263016853709956 -0.17519940641873077
0.6272561299612477 -0.17592944293776186
0.6282188033833503 -0.17665579986073013
0.6290651260835317 -0.1773737414649
0.6299651926367179 -0.1780899263202066
0.6309063194586285 -0.17881157651922736
0.6317551145288111 -0.179535081707522
0.6326887537581746 -0.18025460878367844
0.6337267756533084 -0.18097327634224042
0.6345491743696837 -0.18169672360715072
0.6354671678558009 -0.18242102030171037
0.6364169139162291 -0.1831450185546911
0.637393512214886 -0.1838618203710419
0.6382024749850229 -0.1845856147336787
0.6391538840210845 -0.18530590161294458
0.6400304013204835 -0.18602695429474875
0.6409645198143984 -0.1867511307736962
0.6418917070936162 -0.18747313077275454
0.6428107240715836 -0.18819485849123457
0.643658486088826 -0.18891629812827343
0.6445813433062922 -0.18963658160867353
0.6455276374954385 -0.190354131731206
0.6464170837016697 -0.19107983738843434
0.6473331198984998 -0.19179972252081667
0.6482334157366522 -0.19252093672226386
0.6491174690970806 -0.19323915265788374
0.6501286889627099 -0.1939666569793721
0.6511121148570665 -0.19468409183965413
0.6519376165250234 -0.19540662517278695
0.6528386288992613 -0.1961275987543413
0.6537484799567387 -0.1968502751993582
0.6546835281542979 -0.19757014081120497
0.6555623386518595 -0.19829423008559116
0.6563899787702235 -0.19901339712685528
0.6573600301244763 -0.19973721375177078
0.6582369348757157 -0.20045857154889501
0.6592092603570198 -0.2011780116526829
0.6601899292444212 -0.20189859416802375
0.661021116093277 -0.20262026533671573
0.6619900902482564 -0.2033415741495865
0.6628212241792998 -0.20406411912523756
0.6637900302841481 -0.20478543136453864
0.6647181430123669 -0.2055070622110778
0.6656166099466588 -0.2062289349368165
0.6665811076033762 -0.20694975444877656
0.667374708293825 -0.2076702825120218
0.6683202328345504 -0.20839360671578103
0.6692288131293297 -0.20911449295179377
0.6702132107839186 -0.20983624557716593
0.6710245651873085 -0.21055701263580445
0.6719918476616228 -0.21127831439718545
0.6729101889599766 -0.2120001208254915
0.6737535686014825 -0.21272147546747747
0.6746661456022799 -0.21344294052060436
0.675655346947342 -0.21416441398954147
