#C1_inf,C2_inf
0.0 0.7214744754245714
0.014276609015721031 0.7076015819509108
0.028286687162846436 0.6939385723424814
0.04205749394651026 0.6807609142476928
0.055519540878565476 0.6676517945265378
0.06874834277285669 0.6547490912620376
0.08176835425420759 0.6422248527098746
0.09450383297627685 0.6298897890123705
0.10700750550187377 0.6178764808506159
0.11931943318061966 0.6060248274987597
0.13138769314431553 0.5944727277254392
0.1432387260058534 0.5828777990618932
0.15497208661038642 0.5716304168621039
0.16640735522926897 0.5605625921146183
0.17775468363142954 0.5497094114825084
0.18884762691042845 0.5388766646533258
0.19981103922048415 0.528328076228394
0.21053553922394885 0.5181016272923421
0.22110405948015843 0.5079010056610979
0.23154983737958168 0.49788889145155
0.2418293500443015 0.48794608336317735
0.25162806716224195 0.47869187530443913
0.2617929519697405 0.46880377986324084
0.27143131697744693 0.45951185720711085
0.28112071813585904 0.4502892463550454
0.29038123505943303 0.44129013255125615
0.29980167202900576 0.4323376244532309
0.30906073812220725 0.42360337064992115
0.31795161747696354 0.41501127205471444
0.3268130107878088 0.4065101761431863
0.33559387427542475 0.3979589768888343
0.34425614883107214 0.3897609125164595
0.35272244361138827 0.3815967731178451
0.36108937846054345 0.3736497472505752
0.3691860677115911 0.3660476379076626
0.3773499477967158 0.3582480912774696
0.3853281766305834 0.35036173362720757
0.39323897811452435 0.34294334069979715
0.40090780738554743 0.33568028438765896
0.40854820253511803 0.3282406272740165
0.4162158666742768 0.320974623684642
0.42365501621464274 0.3139409661395757
0.43094877360798955 0.30692512166783503
0.43810483974944026 0.3001362323908192
0.4451649621051378 0.293460765881267
0.45238691091711913 0.2865250083272338
0.459136863702444 0.2801077513521315
0.4660659483109294 0.2737137595516138
0.47271702270894755 0.26720660858776013
0.4792894234490819 0.26095178537720587
0.48580964187688824 0.25484117931720607
0.4922652594472804 0.24863335798608455
0.49877759507766495 0.2425477281987649
0.5049477281027441 0.2365316476959345
0.5111691667905067 0.230882570434485
0.5172759453587675 0.22490598769597703
0.5233330313633139 0.21902184204147124
0.5290995704750185 0.21380201935894605
0.5351440252252808 0.2080776711460559
0.5408375972213353 0.20268732718306848
0.5464395689301769 0.1973840661846571
0.5520496435365939 0.1920499809584021
0.5576764110550674 0.186807848416346
0.5630923186828376 0.1814784785296777
0.568508966514429 0.17653718372779892
0.5737276277198076 0.17155516585571906
0.5790683244011099 0.1664654810904369
0.5842518209823162 0.1617506308984904
0.5892780523306822 0.15681610253595535
0.5943374265990715 0.15209306184256688
0.5993436787660751 0.14753332416116272
0.6042390605247396 0.14274605674760799
0.6089703379591576 0.1384171009093671
0.6137900576030426 0.1338042545281115
0.6184995504282793 0.12944916435783216
0.6230845084316938 0.12514792030257227
0.6277088835744953 0.12090285380297883
0.6321739855629018 0.1166710705259908
0.6367966138510417 0.11218404202708476
0.6410799805605649 0.10832463250947821
0.6455447945064232 0.10407026017890786
0.6498013173301822 0.10008347255826888
0.653824860882511 0.09643259541478288
0.6580923274681676 0.09236595725783903
0.6622671776992861 0.08849762340598422
0.6664398895395692 0.08465185639423589
0.6703150427147885 0.08098966561856258
0.6742742777510378 0.07714729587714575
0.678179499316224 0.07329226882412221
0.6820887730758753 0.06973917642238892
0.68593663963829 0.06622740368175606
0.6896867556644326 0.06269814882183611
0.6933130669206449 0.05950051967139136
0.6969967707295834 0.05613661384060098
0.7006638436407027 0.052664021947359085
0.7042729444620885 0.048970401938924324
0.707565238917082 0.04608131810769012
0.7113065404759165 0.042664668055416355
0.7146277950569204 0.03944897418021642
0.7180865283387995 0.03633828837403075
0.7214705262476537 0.033285447858775186
0.7247170807100807 0.03021270725488301
0.728082593986161 0.02705009464002872
0.7313889197096008 0.024007820022897475
0.7344669618924827 0.021248840782791212
0.7374775121285274 0.018336058979168013
0.7408455201520813 0.01530359484376087
0.7437588600952829 0.012444210625415009
0.7468282206408724 0.009745664458766234
0.7497630838426391 0.007179823363655635
0.7527099598622439 0.004351321990660684
0.7556584769954837 0.0015764417051817858
0.7584384299028013 -0.0009105575512218245
0.7613600697918286 -0.003750998548030182
0.7640821456311014 -0.006241130629016989
0.766981088315431 -0.008954499801017701
0.7697775772618689 -0.011477074701387258
0.7723847878080682 -0.01382570727352872
0.7752361915811374 -0.016513744681104114
0.777793114337064 -0.01892151785478502
0.7803977934872689 -0.021205436190458227
0.7830433823538634 -0.023802586048303764
0.7853587710834106 -0.02571833206838925
0.7879525647440373 -0.028215812051353373
0.7905997088777812 -0.03080592875312438
0.7930622049177587 -0.032885077632935245
0.7954069622636435 -0.03499905616152388
0.7977380414922531 -0.03729521882769238
0.8001269888912079 -0.03937142831106022
0.8024946045030905 -0.04146732574495826
0.8046977892362286 -0.04345192131851183
0.8070608141520619 -0.045673778123616726
0.8092457325631144 -0.047787911340140266
0.8113902473404727 -0.049676430482125
0.8136531065789785 -0.05166205934325463
0.8158325991459537 -0.05373598271203994
0.8179553826493396 -0.055724170716092813
0.8200259717066314 -0.057612220526240154
0.8221445783158414 -0.0597243383384749
0.8242828907349309 -0.06142395285183899
0.8262467815727316 -0.06323440380006062
0.8281997093097555 -0.06507243598074153
0.8303217083588466 -0.0670113287532661
0.8321589966887925 -0.06873483553322968
0.834128417014717 -0.0703727028081198
0.836065800508987 -0.07206204542008654
0.8380099650911391 -0.07407644713299433
0.8398261060347043 -0.0755524785312649
0.8417491988061089 -0.07741465957747973
0.843502896955308 -0.07893593035510604
0.8452077090716096 -0.08030026324180006
0.8470723547980509 -0.08229169664424807
0.8489518485944626 -0.08401569817931487
0.8507134578081286 -0.0855485721585647
0.8522492578382237 -0.0868480916219403
0.8540804999879268 -0.08861342377138026
0.8557006338689909 -0.08994366271734455
0.857387694840465 -0.09149791136616081
0.8589973492856146 -0.09296797846202776
0.8605596088994216 -0.09452633172964098
0.8621235504194491 -0.09577706650776796
0.8638581104822867 -0.09746039938859896
0.865395083681268 -0.09878252864499437
0.8670122979950321 -0.10027596903571645
0.8684418405475849 -0.10153748340196844
0.8699644949131944 -0.10296764079679144
0.8713638128236676 -0.1042746704593076
0.8729225850470472 -0.10563001583709286
0.8743739265410141 -0.10692229523199559
0.8757662700278359 -0.1081171622738748
0.8771558176183731 -0.10933181225600186
0.8785880725325774 -0.1107718621153897
0.8799607907132367 -0.11190460819178538
0.8813950492067402 -0.1131614050813563
0.882649721493084 -0.11450284012063872
0.8840366641044045 -0.11550915063586575
0.885431440568014 -0.11680185180280722
0.8866025210419142 -0.1179621880287105
0.8880534943099143 -0.11920624870426622
0.8892845608632375 -0.1201911271034769
0.890452690235595 -0.12129114361840754
0.891656872099947 -0.12247550471806978
0.8929590906999503 -0.12353213432874832
0.894187929487498 -0.12472657460333914
0.8954545036795099 -0.1255714096150613
0.8965748653507762 -0.12665277230331207
0.8977639175208427 -0.12769300224883118
0.898925834066418 -0.12891326608856113
0.900059916458866 -0.12983322639388717
0.9012273263828077 -0.13105209668116236
0.9023533474243448 -0.13175330975217792
0.9033935443036161 -0.13289297684125856
0.9044696854307457 -0.1337716057737488
0.9056154138440186 -0.13499015956589588
0.9066881788230428 -0.13591799416289296
0.9076814711879879 -0.13669681656353294
0.9087811909768373 -0.13787287695953276
0.9098534442140074 -0.13878573668482486
0.9108545954790654 -0.13938299106030616
0.9117947175449448 -0.14033015104819802
0.9127548990592721 -0.14115552181745616
0.9138394213045975 -0.14223586735756988
0.9148273230239393 -0.14296349826859112
0.9158156179110637 -0.14391657459599227
0.9167508126732619 -0.1447788107885476
0.9176374005061231 -0.14545176870848964
0.9186669860048786 -0.14641581589650632
0.9195234399667734 -0.1472368245197001
0.9204340022289037 -0.14800093096653644
0.9212774631300757 -0.1488028353755262
0.9221800287771178 -0.1495805490528448
0.9229880242883086 -0.15031359817242707
0.923937698678355 -0.15112242945303533
0.924745944963299 -0.1517689217349142
0.9255457171185516 -0.15242271563575993
0.9264479373830976 -0.1533721786654847
0.9273454365588769 -0.1540609656983114
0.9281045498392624 -0.1548115572751212
0.9289055893192034 -0.155480707162455
0.929744487823938 -0.15639921326460016
0.9305147127746266 -0.1568514828876052
0.9312352894579018 -0.15752957522262812
0.9320520961772101 -0.15816617840365543
0.9327620082179466 -0.15885362884174392
0.933514730738446 -0.1595430809089292
0.9343320385411595 -0.1603009543847549
0.9349920478762855 -0.1608693708496426
0.9357374997973578 -0.16143624602962747
0.9365301526599927 -0.16209770140994895
0.9372180027381251 -0.16284703564166125
0.9379478446272568 -0.16356033512990098
0.9385407137273116 -0.1638384120881804
0.9392828934123065 -0.164771520806116
0.9399828336701795 -0.1654402174179882
0.9406780216722521 -0.165827920840933
0.9412650930105316 -0.1663865215000283
0.941955342142754 -0.16692677558712488
0.9426078290174874 -0.16741727804172057
0.9432468665280461 -0.16805072299998491
0.943866924430013 -0.1685830864427037
0.9444989725727655 -0.16917031548581574
0.9450077906461204 -0.16958827247286468
0.9457148096706715 -0.17034437955008686
0.9463500993215065 -0.17079778975327653
0.9469564406722368 -0.1712999293252928
0.9474455855560113 -0.17194290645415422
0.9480384656919156 -0.17222146107868475
0.9486464603577586 -0.17287497713685196
0.9492952395260041 -0.17349448290815328
0.9497913032322203 -0.17384132473470104
0.9504548074255764 -0.17439723603615997
0.9509159442656807 -0.1748475901628217
0.9514489515050246 -0.1754156608392583
0.9519681731838912 -0.1757322323880235
0.9525349742774147 -0.1761531478840519
0.9530574281235681 -0.1766836822729424
0.9535958241518395 -0.177224914085078
0.9540920711305652 -0.17758717869360074
0.9545750430808333 -0.17796393090541596
0.9550744497777224 -0.17834663157045716
0.9555971225316223 -0.1788321382329655
0.9560479366709045 -0.1792551667950597
0.9565884176291459 -0.17967504955661417
0.9570626338372121 -0.180098530490866
0.9574965456079303 -0.18054777329641247
0.9579867463016837 -0.18088067633561133
0.9585007710819822 -0.18125636311820315
0.9589090864888068 -0.18179312140187753
0.9593897720448028 -0.18198847590626177
0.9598451985445311 -0.18256471257287177
0.9602953786841397 -0.1827935098622071
0.9607257739818613 -0.18322414296190837
0.9611650828693477 -0.18363719771391618
0.9615338597029275 -0.18408660707467495
0.9619577076744965 -0.18430929208241298
0.9623971900423385 -0.18464563387767607
0.9628371457741393 -0.18521815331525515
0.9632346354227591 -0.18548144992970983
0.963631709893565 -0.18576098833071053
0.9639768893667684 -0.1862495882119417
0.9643901758468965 -0.1866629208182815
0.9649090240911063 -0.18699870029217902
0.9652349174921014 -0.18735377682918364
0.9656453036094399 -0.18768610405777375
0.965968930293349 -0.18798495434781004
0.9663487590878811 -0.18816215979351492
0.9667403235401684 -0.1885354772958776
0.9671369563118027 -0.18890337751686437
0.9674683999155259 -0.18906351215435813
0.9677830247779814 -0.18952747276522575
0.9682226525533153 -0.18995173089011552
0.9685766696355645 -0.19011576251396256
0.9688598004291479 -0.1905717415337983
0.9692593185832351 -0.19090742873479416
0.9695278949837152 -0.19089748679420215
0.9698546342713729 -0.19133661963485482
0.9702583477908707 -0.19152514794121311
0.9705263350417687 -0.19188273826560553
0.9708480720456567 -0.1922126593498843
0.9711727788771602 -0.1925991113805201
0.9714335742424621 -0.1926524688061818
0.9718538954916468 -0.19322666262231125
0.9721030982166307 -0.19325944889508173
0.9724164619720849 -0.19341245816104824
0.9727680606136614 -0.19368756933940923
0.9730696596004907 -0.19421785067060438
0.9733310728526261 -0.1943673111221691
0.9736513058260455 -0.19467841757510207
0.9739091318488272 -0.19474820708071217
0.9742542606737338 -0.19519955406849487
0.9745109409991054 -0.19545361475747314
0.9747825615253288 -0.19555172840710677
0.9750911631563637 -0.19577227045217604
0.9753519962666211 -0.19614054946080262
0.9755850775190985 -0.19615177454093347
0.9758903457272494 -0.19659327510919788
0.9761493615187832 -0.19667517022340475
0.9763979730872545 -0.19678256381086467
0.9766742468175528 -0.1972147002672583
0.9769252678585183 -0.1975281347572495
0.9771016751975151 -0.19748588325763283
0.9773855875775811 -0.19776745236618243
0.9776220780620806 -0.19798939886864364
0.9778871289178119 -0.19820814680173515
0.9781345404240825 -0.1983954493350243
0.9783588136334572 -0.19869703131634153
0.978608955163888 -0.1987869931569578
0.9788576030107201 -0.19892774696864302
0.9790581706077927 -0.1992691280634834
0.9793434949835544 -0.1996332499727418
0.9795316504351999 -0.19964110398962753
0.9797677403213233 -0.19979669896496122
0.9799854430904429 -0.200005806109403
0.9802020540740887 -0.20028204546849115
0.9804166582086232 -0.20029256288691955
0.9805822868023915 -0.20055105612366075
0.9808196230223313 -0.2008075263685335
0.9810289037510342 -0.20101573054436406
0.9812592923106019 -0.20119565267879402
0.9814836000697464 -0.20141170538800335
0.9816302329653018 -0.2016793726296674
0.9818385483419683 -0.20164049831909026
0.9820354559643065 -0.20203394134771457
0.9822804054638362 -0.20191134400829724
0.9824113307791881 -0.20215448248910983
0.9826754783722049 -0.20253903653394323
0.9828221954076739 -0.20245431196579555
0.9829758523979643 -0.20254428308526273
0.983214306228643 -0.20291475946429471
0.9833726714939458 -0.20288662694882398
0.9835346212264029 -0.20303672235234038
0.9837181236316545 -0.2032998297936729
0.9839065495285381 -0.20357070766189034
0.9840727541468612 -0.2035655196738455
0.9842408023925924 -0.20380607948630125
0.9844215688651075 -0.20409710388794666
0.9845590762181378 -0.20394651474274528
0.9847524708878038 -0.20428611064489555
0.9849175156414819 -0.20445935017011208
0.9850843018091583 -0.20455215520523173
0.9852587199412861 -0.20474149264858
0.9854065556363415 -0.20473455405708207
0.9855685912144146 -0.20487339928428538
0.9857171532274587 -0.20496218853622628
0.9859180101419145 -0.205242561983481
0.9860177771267238 -0.2053290599215063
0.9861953956056523 -0.20553941233924167
0.9863560940500397 -0.20563183459246404
0.9864861669110891 -0.20574485471677217
0.9866165209001067 -0.20605428415981197
0.9867721269460892 -0.2058996622368714
0.9869188275669506 -0.20608411447123054
0.9870808350128916 -0.20634992911172512
0.9871880868216484 -0.20627143401411796
0.9873386144626054 -0.20634457884716306
0.9874697133425425 -0.2067396482319872
0.9876094506955791 -0.20682722292877498
0.9877509542278312 -0.20683987890251687
0.9879180698207957 -0.20703891696554
0.9880357625479014 -0.20712654665414731
0.9881242286269185 -0.20722938671201319
0.9882855147268645 -0.20742331263175928
0.988453384649919 -0.20746560946539416
0.9885317229145449 -0.20775701238083633
0.9886685945685622 -0.2075643723478352
0.9887963008054007 -0.20786598097937936
0.9888894748943461 -0.20776969760336172
0.9889956227427091 -0.20804559957785795
0.9891518289567504 -0.20796783593022605
0.9892660557608447 -0.2083505824767805
0.9893597755052219 -0.20833404382171605
0.9894782999536569 -0.2084508306332964
0.9895857499740427 -0.20860392599346456
0.9896952642739151 -0.20865888210177796
0.989795508296105 -0.20867591260005147
0.9899042601034046 -0.20863028228967073
0.9900211924314398 -0.20900663094005678
0.9901263694574153 -0.20895771022360698
0.9902556296868232 -0.20897405487735732
0.9903404456793087 -0.20903615217351657
0.9904171065332558 -0.20938680025108558
0.9905790247909323 -0.20955655791317107
0.9906542036004293 -0.20961893081991612
0.9907624648325507 -0.20961057266283067
0.9908824189280632 -0.20971469817002597
0.9909666632066958 -0.20979676152905746
0.9910713841021606 -0.20977680102713614
0.9911360700945274 -0.2099686750000519
0.9912460756284244 -0.20994895126068724
0.991339153989403 -0.21002172092067828
0.9914407349627363 -0.20996055116235346
0.9915366675149602 -0.21016710368358082
0.9916049120959304 -0.21024778185892423
0.9917072491086668 -0.21045719547529107
0.9918226928667184 -0.21046335079199485
0.9918955008076838 -0.21058583552975774
0.9919657059380786 -0.21066215747263328
0.9920395700164806 -0.21070693677906482
0.9921398834795024 -0.2108009677265107
0.9922471980345755 -0.21072388578290058
0.9923144974369799 -0.21099357934468232
0.9924059883303977 -0.21107202153669036
0.9924645518739408 -0.2109918998803808
0.9925631588191566 -0.21098954666517122
0.9926285411556504 -0.21119256858716406
0.9927074953488817 -0.21131356463631712
0.99280193222393 -0.21153773861448466
0.9929020678919966 -0.21146022585001356
0.9929371458781622 -0.21161141293028307
0.9930600987286609 -0.2116873515562312
0.9931032674219773 -0.21166734331592085
0.9931768201588655 -0.21172546755673438
0.993244935021873 -0.2117129399034583
0.9933313844438965 -0.2120857606050206
0.9933877856657795 -0.21178909244607935
0.993480791208111 -0.21211928742432562
0.9935583703887886 -0.2122652433419444
0.9936232650074245 -0.21210305282833064
0.9936827997406945 -0.21231441667792894
0.9937421319149923 -0.21232897224984437
0.9938120636233799 -0.21262602096261418
0.9938711548971811 -0.2124226187619097
0.9939531002541019 -0.21217876636721467
0.9940159728183369 -0.21249275960766645
0.9940946556938873 -0.21270515306308246
0.9941365653415161 -0.21255222647787175
0.9942114042568156 -0.21289895289948435
0.9942680633018043 -0.21274212200026776
0.9943241067098609 -0.212594045375599
0.9943726537270198 -0.21295242029580896
0.9944549720774484 -0.21294438066871868
0.9945157025484458 -0.21288204572542246
0.9945439842402463 -0.212958550795599
0.9946145575559123 -0.21291011980879404
0.994668903590517 -0.21309535440138738
0.9947406358966155 -0.21335501082482944
0.9947712047400015 -0.213099756950488
0.9948500031908362 -0.2132407653894498
0.9949041884355683 -0.2132826010676483
0.9949523253656194 -0.21342312314593492
0.9950028067253791 -0.21326579524588096
0.9950789579277445 -0.2133617333349226
0.9951049479960742 -0.21355235013145546
0.9951557252120692 -0.21378864044199408
0.9952245035458024 -0.21349012141934176
0.9952759149464924 -0.21365118930599347
0.9953250737652328 -0.21378064369099037
0.9953865963718694 -0.21385973260551927
0.9954483466175773 -0.21387076498206425
0.9954686419450858 -0.21380576872630486
0.9955483777841391 -0.21395946229465534
0.9955608539519786 -0.21384960020713384
0.9956243206805221 -0.21403451100916782
0.9956709538451335 -0.21402670696336001
0.9957109898740935 -0.21408221620463652
0.9957774047966933 -0.21419933481960152
0.9957920525234862 -0.21414735393407525
0.9958529813318207 -0.21423390595438963
0.9958970723889478 -0.21431545001716445
0.9959258547284159 -0.21435096829102995
0.9959728299446107 -0.21436380052903892
0.9960098490884611 -0.21446495630367346
0.9960412826553156 -0.21441870750915837
0.9961071630247094 -0.21434071576636948
0.9961408359976793 -0.2144416167700276
0.9961986520619944 -0.21452848833668747
0.9962359809430208 -0.21465935477990028
0.9962621663405274 -0.21454622870731443
0.9963133007251581 -0.21456429907482732
0.9963370034647177 -0.21458184855161955
0.9963948750877549 -0.21466533904083462
0.9964197712737682 -0.21488093899903749
0.9964699918343437 -0.21510299877967387
0.996499036372184 -0.21477312271636295
0.9965431084626137 -0.21493129646911058
0.9965715235680118 -0.2150058767227786
0.9966072164326555 -0.2149804260896232
0.9966577321985534 -0.21515678721958997
0.9966905019200094 -0.21503172754337974
0.9967180393630469 -0.21496794074134928
0.9967264289537014 -0.21501253601077686
0.9967944728228395 -0.21508850284356185
0.9968105859572794 -0.21523195604323953
0.9968506183311647 -0.21530625953086635
0.9968856604722198 -0.21538920225124714
0.9969495230246016 -0.21534158825378136
0.9969674800442512 -0.21528014513050575
0.9970182545103312 -0.215353854933106
0.997017618395225 -0.21532406353525613
0.9970358171298868 -0.21547040945606444
0.9970799390005564 -0.21537674369490378
0.997107586999905 -0.21550891895185564
0.9971542137491212 -0.21568996119054895
0.997184461584326 -0.21553389857161875
0.997216784282823 -0.2156005196406512
0.9972220548902193 -0.2155622675673261
0.9972621007536316 -0.21572861301336632
0.9972884766199116 -0.21567042362947675
0.997329932450696 -0.21563218613020407
0.9973515255099772 -0.21573478074627017
0.9973801688366397 -0.21563130878659575
0.9974246261025318 -0.215693431965439
0.9974487321863373 -0.21572897175341887
0.9974674904222252 -0.2159611326422859
0.9974888081875524 -0.21576039369009403
0.9975188053846776 -0.21588240579600548
0.997548904650987 -0.2157799715099714
0.9975677085485712 -0.21588275299267012
0.9975956089715625 -0.2159750685431494
0.9976266480155478 -0.21587412420188334
0.9976449734498508 -0.21593405257587628
0.9976578634647922 -0.21604590567938453
0.9976871074345849 -0.21613248241144511
0.9977230376725928 -0.21609334681392467
0.9977379583475843 -0.21618159731552833
0.9977829456283738 -0.21628870716876425
0.9977921650732263 -0.21638435665822098
0.9978178684412623 -0.21603472628889742
0.997842462861109 -0.21610081168055262
0.9978563933975728 -0.21607988548279322
0.9978773878416304 -0.21631823124496463
0.9979101805858327 -0.21628159326278718
0.9979148075196276 -0.21630467709405243
0.997952535463754 -0.2162231735106217
0.9979724810590562 -0.21641561733723935
0.9980006291774672 -0.21649437594689092
0.99801266783743 -0.21635031416208161
0.9980249611684054 -0.21641239522918843
0.9980674353449488 -0.2164910228039556
0.9980848415859971 -0.21659925013149728
0.9980922526165449 -0.21638718756338038
0.9981152950648863 -0.21649133622838324
0.9981466607697227 -0.21641622267980054
0.9981618074085159 -0.21668008792320181
0.9981792006855315 -0.21678421963516015
0.9982136401511155 -0.21663333002806917
0.9982256958586007 -0.21674757207640893
0.9982486772872263 -0.21676593255063814
0.9982472565485164 -0.21686559958526586
0.9982720771327649 -0.2165596554913971
0.9982855587946391 -0.21689858740822587
0.9983168163827547 -0.21689591054569646
0.9983320837872277 -0.2169290529885698
0.9983449037392641 -0.21667438983641196
0.9983589013224843 -0.21679433536557546
0.9983778305039268 -0.2170675401180917
0.9984111809448802 -0.2170680378409734
0.9984239592580186 -0.21697063494068325
0.9984457523738067 -0.21713732842284827
0.9984378984701141 -0.21720956038642836
0.9984726502361216 -0.21688464901522853
0.9984739181135848 -0.21705796197850213
0.9984925249703346 -0.217080583935798
0.9985083608408576 -0.21689405686502372
0.9985259157917028 -0.2171650814654149
0.9985493692062944 -0.21708303615682445
0.9985591879945737 -0.217174322134436
0.9985749001217749 -0.21703379824243185
0.9985927686288292 -0.21713512393854484
0.9986100172769165 -0.21703546824961906
0.9986205465686091 -0.21727399856090668
0.9986403552247131 -0.21722389237146744
0.9986528815065999 -0.21730106573666041
0.9986588152640418 -0.21713181954661287
0.9986820555383995 -0.21724122876691854
0.9986834283297469 -0.2173784308205705
0.9987029739454741 -0.21722823524713142
0.9987273188080218 -0.21738598237897622
0.9987408860705255 -0.21728572371033283
0.9987472086148764 -0.21761995161911096
0.9987682778062809 -0.21748681256591496
0.9987735552271753 -0.21743889466612742
0.9987865019750715 -0.21749013030003517
0.998802534076955 -0.21766947753336063
0.9988041555092183 -0.2175875793376919
0.9988226789936179 -0.21748974110506403
0.9988361405414105 -0.21800894433133478
0.9988288969942541 -0.21772634938984659
0.9988531618548706 -0.21765190663481948
0.9988781716003382 -0.2176732263717237
0.9988894225357176 -0.21765391829845038
0.9988943267501365 -0.21781913109663642
0.9989163714794634 -0.2176803463595779
0.9989148212309383 -0.2177230914782028
0.9989375842020498 -0.21791918456940196
0.9989491009144036 -0.2179243579163268
0.9989567850627754 -0.21753665194722105
0.9989601270744212 -0.21788528406283236
0.9989827406303586 -0.2176578230461539
0.9989869140276201 -0.2179350140021653
0.9989900810884188 -0.218043719364864
0.9990114675600082 -0.21802444572385282
0.9990249637045893 -0.2180753076086922
0.9990274510602 -0.21803298880882127
0.9990398456276812 -0.21797467173036233
0.9990507649619739 -0.21795636997587098
0.99906346544519 -0.21807958114811687
0.999072741249471 -0.21823406927240308
0.9990908254729958 -0.2181597182637025
0.9990899508034279 -0.21806606300562814
0.9990974086948144 -0.21794072121883235
0.9991013991475169 -0.21828756469684085
0.9991107080834344 -0.21815343172988866
0.9991228815691833 -0.21821166023610417
0.9991367383964869 -0.2181944346216831
0.9991443773498004 -0.21836039944664443
0.9991533817673963 -0.21837151478115624
0.9991622131289523 -0.218305307197466
0.9991723777151983 -0.21831810576702215
0.9991726579900695 -0.21839337831612027
0.999186757565801 -0.21854720617808654
0.9992095111479106 -0.21847460479313774
0.999201652275868 -0.21848398713362527
0.9992069628154688 -0.21854981736703205
0.9992168154205004 -0.21844175552399892
0.9992286240338709 -0.21871941259410377
0.9992349867172612 -0.21863343680200664
0.9992458278639507 -0.21869449608754787
0.9992561501244024 -0.2185422126980312
0.9992615052247208 -0.2188432285242946
0.9992609458591829 -0.21855189898337313
0.9992797169054043 -0.21856230334872861
0.9992825889785834 -0.2187952532586338
0.9992890942288115 -0.2186918132363984
0.9993015067206202 -0.21884303627300639
0.9993048452158404 -0.2189401205889756
0.9993217951890068 -0.21876695646295596
0.9993231511146576 -0.2187787354564681
0.9993353939583235 -0.21874523922797218
0.9993365608570464 -0.21887624528713956
0.9993472206007636 -0.21895615557845316
0.9993598009539705 -0.21906580650361918
0.9993639514674363 -0.21898865985315663
0.9993647701950733 -0.21893955458764836
0.9993766622632758 -0.21908559100764546
0.9993709720849867 -0.21922339136107227
0.9993856047538293 -0.21900037532083838
0.9993925959371012 -0.21904704240484352
0.9993956296762615 -0.21918114388997656
0.9994020687350459 -0.2192957647509669
0.999408449845463 -0.2192985429039187
0.9994154270968941 -0.2190737039958569
0.9994215670180042 -0.21932104946919417
0.9994309998043183 -0.21924312777193955
0.9994367262349798 -0.21945806414893798
0.9994451865863868 -0.21941353744438408
0.9994383591638747 -0.21968685832821677
0.999447609384316 -0.2194729210650489
0.9994543691417033 -0.21953011403234735
0.9994741578049494 -0.21956001958883264
0.9994712138362692 -0.21970050678019992
0.9994817467067154 -0.21969220656320565
0.9994815429781256 -0.2197264844177027
0.9994918306451462 -0.2197569118695425
0.9994828354887509 -0.21972711268012401
0.999495602599523 -0.21988570708219735
0.999499861529027 -0.21988902924266351
0.9995020082718942 -0.22000560911046585
0.999506183129316 -0.21993094907973088
0.9995065957538208 -0.21993696800486318
0.9995233927899766 -0.22011174402370337
0.9995242605620946 -0.22009927780287364
0.999537147205331 -0.22010774586587611
0.9995422426948884 -0.21994775246000275
0.9995464020104039 -0.22030374409168552
0.9995487609160607 -0.2203206260432986
0.9995539396577288 -0.2201600889705212
0.999554219015191 -0.220129222769459
0.9995648509910093 -0.22022743426085567
0.9995640833108403 -0.2202513609868364
0.9995744820973346 -0.22034968637849806
0.9995670562785176 -0.2204175539887817
0.9995759093003169 -0.2204836046044687
0.9995826676719559 -0.2205648872426742
0.999587821828975 -0.2206343124113107
0.9995957849761481 -0.22052419784339383
0.9995968119009635 -0.22068081330514455
0.9995998686855389 -0.22071006992273456
0.9996013225230629 -0.22063077533804054
0.9996071969556253 -0.22075709042242342
0.9996162647065502 -0.22096345431106423
0.9996216712201298 -0.2207342158615857
0.9996180833501073 -0.2208843910806374
0.9996238999674617 -0.22102180505551383
0.9996232424979733 -0.2210970092042034
0.9996338859570666 -0.22093407341058136
0.9996381383789125 -0.2210590374132445
0.9996394796079269 -0.22107229825974573
0.9996375508348687 -0.22117226144532487
0.9996479130592136 -0.22141051459101535
0.9996511540457579 -0.2214362230255732
0.9996563197220715 -0.22135615118182328
0.9996583658976012 -0.2215530649686871
0.9996632628027737 -0.22152340683438387
0.9996718014630847 -0.22139518560253701
0.9996788789703757 -0.22158775636462957
0.9996708927767903 -0.2214967766598419
0.9996808428288549 -0.22169631101329268
0.9996789817606598 -0.22161476175170935
0.9996833288415137 -0.22162677367565387
0.9996859663958154 -0.2219766527709094
0.9996944656358812 -0.22196936459181338
0.9996996594746933 -0.22191604914469065
0.9996898368569392 -0.22208171089114226
0.9996995570520192 -0.22208371529346194
0.9997015071659644 -0.2220713359149552
0.9997064401298785 -0.2224106771108798
0.9997149422103963 -0.22223477414108983
0.9997079420766317 -0.22235165790696998
0.9997162732959939 -0.2224222698756675
0.9997219161989299 -0.22231434422220198
0.9997208726288561 -0.22240667194384411
0.9997246787380509 -0.22250458771667603
0.9997287380998698 -0.2226014149393618
0.9997319390264711 -0.22267992524787117
0.9997389580949405 -0.22278807978863302
0.9997337709541513 -0.22259742320391063
0.9997391459640415 -0.2226176727995388
0.9997416225293462 -0.22293653952987336
0.9997407699444425 -0.22296113238255244
0.9997499359164603 -0.22310624860565387
0.9997493393327812 -0.2231369082235073
0.999749585774176 -0.2232505626305279
0.999753202319433 -0.22333777350604633
0.9997562591344648 -0.22323601673831506
0.9997571999483095 -0.22337888019346197
0.9997623958577908 -0.223270064531637
0.9997665214297324 -0.22360433934821278
0.9997662442330859 -0.22357098120819274
0.9997713794046151 -0.2237131356179981
0.9997740638861496 -0.223684189380023
0.9997741204293016 -0.22361496715768348
0.9997792923666295 -0.2238285519984824
0.9997767079715902 -0.22403963069067045
0.9997822374375267 -0.22409131236770308
0.9997813993979713 -0.22402259650240752
0.9997866437125836 -0.2240648783671756
0.9997890335524017 -0.22438207185749925
0.9997914702132505 -0.2242318442026826
0.9997906208253275 -0.22444586697860114
0.9997939663214311 -0.2244933271943078
0.9997973397923708 -0.2246525742688944
0.9997959153833362 -0.22481444366896275
0.9998005519997336 -0.22464410980355398
0.9998043080591068 -0.22492523672456444
0.9998044108800115 -0.22484408782764786
0.999808271726125 -0.22504936380765206
0.9998041862570557 -0.22509139174001835
0.9998096122219213 -0.22532374935422705
0.9998096345803472 -0.22515677077002627
0.9998125249680703 -0.22531238348464577
0.9998182460364385 -0.225400641350609
0.9998108570542419 -0.225487756387446
0.9998235306192599 -0.22562546685052787
0.9998267459538263 -0.22587249584643654
0.9998251334619893 -0.22583586981561832
0.9998321969029158 -0.22590921917784823
0.9998280801436653 -0.2259957836920622
0.9998277662339178 -0.2259620616424466
0.9998341900993046 -0.22619664552829266
0.999834421877618 -0.22616365942387062
0.9998371163823512 -0.2263070890604535
0.9998392453358778 -0.22631293396774277
0.9998419946812687 -0.22641712837553318
0.9998423728033996 -0.22665956011447186
0.9998385204826421 -0.2267464850537586
0.9998409664051082 -0.2268229210026662
0.9998463200074105 -0.22696767559407804
0.9998484177044993 -0.2269801751264553
0.9998454294466192 -0.22711454544995968
0.9998495692671331 -0.22708359318066107
0.9998559150082155 -0.2274092013045882
0.9998529511873749 -0.22748113450853646
0.999852680828239 -0.22748959282324555
0.9998575994035444 -0.22794004283490055
0.9998600933980255 -0.22771631246518442
0.9998584974263355 -0.22779325161717623
0.9998587565077657 -0.22805204681779712
0.9998565425013661 -0.22808070476479614
0.9998619656943145 -0.22820011336992063
0.9998661936644987 -0.22811136737742388
0.9998626534699662 -0.22839380769347062
0.9998678365199847 -0.22833103177514658
0.9998692709532518 -0.22875299162812268
0.9998706145010723 -0.22859179241103145
0.9998724654111844 -0.22878656776186612
0.9998705630505051 -0.2290232688791427
0.9998762851981086 -0.22908448849287055
0.9998750106159191 -0.22911213477236814
0.9998772900755357 -0.22933935077925827
0.9998779458294601 -0.2294459744144316
0.9998792549050661 -0.22959639678443122
0.9998821182703045 -0.22994334582600084
0.9998815611723998 -0.22997368670584828
0.9998817219377366 -0.22992290451585118
0.9998869104179261 -0.23006447036778488
0.999885422490159 -0.2303124867674693
0.9998878559888448 -0.23044193232525745
0.9998907387216387 -0.23049740849353118
0.9998866982907781 -0.23078726936222949
0.99988836770688 -0.2305647437459214
0.9998904048549119 -0.23095640303338472
0.9998921856131506 -0.23101102350357094
0.9998956746522235 -0.23116890835621884
0.9998955389765727 -0.23117252408257638
0.9998957009082817 -0.23138273141704435
0.9998982388957798 -0.23155214428681425
0.9998963030663205 -0.23190833247567622
0.9998971071380484 -0.23174592122739568
0.9998986312617956 -0.23185843446004306
0.9999016854543908 -0.23208967507138178
0.9999007814879786 -0.23233775773968568
0.9999058677623245 -0.23242728071818952
0.9999011157250752 -0.23270753422463253
0.9999101720459989 -0.23270311725959147
0.9999054561754576 -0.2328603494393301
0.9999060292334464 -0.23281596430334994
0.9999095894451318 -0.23323910960454564
0.9999093175307834 -0.23332374054739047
0.9999105746722554 -0.23354026037391362
0.9999134898202638 -0.23378549711480867
0.9999162364015355 -0.23384154543571345
0.9999119125663353 -0.23389758554690998
0.9999130942121006 -0.23405207498383507
0.9999157945142636 -0.2343429735727982
0.9999167129687694 -0.23441585409114918
0.999920623899013 -0.23455284663966447
0.999914865583593 -0.23474311269103176
0.9999187420878338 -0.2348364139941178
0.9999222412218687 -0.23500403763664468
0.9999192764514563 -0.23512071542196578
0.999921395975385 -0.23544508190960634
0.9999227345850299 -0.23562646766067075
0.9999201243660538 -0.23584043160483192
0.9999229335199747 -0.23586113941062037
0.9999266393525099 -0.23593218929988513
0.9999254842019552 -0.23639620816275642
0.9999266251146084 -0.23636861612747362
0.9999241690442309 -0.236587884166364
0.9999278007158059 -0.23678098476114506
0.9999268169582398 -0.23704386709790093
0.99992989194839 -0.23693360757429682
0.999927573798802 -0.2373509669406808
0.9999321391374575 -0.23752253724454875
0.9999270736910779 -0.23761875689409195
0.9999300200970619 -0.23799678428223114
0.9999356784102 -0.23804313041874758
0.9999325025710002 -0.23811159600261234
0.9999341069256008 -0.23841075139459067
0.9999340547833043 -0.2385262505770337
0.9999359130737432 -0.23894640976404846
0.9999366447938467 -0.2390457409144351
0.9999377595037703 -0.23918683382620964
0.9999361511707642 -0.23938892478726082
0.9999382255514425 -0.23947137531969676
0.9999379573642807 -0.23985310274386074
0.9999388270800151 -0.23993731507305904
0.9999391804615841 -0.24020965395560345
0.9999393133072431 -0.24036349877490581
0.9999403635333215 -0.24051239967224936
0.9999411472435915 -0.2408775824600462
0.9999436400399182 -0.24099140338182523
0.999941107430673 -0.24117702982057665
0.9999434226668391 -0.24143170361989763
0.9999451367235812 -0.24150830933715084
0.9999448466176325 -0.2418631440803417
0.9999457236398268 -0.24208798516848695
0.9999461669554645 -0.24220719811914193
0.9999470054736077 -0.24250647826534633
0.9999454366421359 -0.2427304777746151
0.9999483784933182 -0.2430158079337067
0.999945807477947 -0.24310514194203914
0.9999472227480282 -0.24321256514511336
0.9999493975984608 -0.24380077420466928
0.9999513327110102 -0.24378677868573406
0.9999489419610195 -0.244114064173647
0.9999496476628612 -0.24427398171602943
0.9999524519788802 -0.24448700308729665
0.9999489802946611 -0.24474412783555977
0.9999528617978267 -0.24506113151306919
0.999953263615896 -0.24509401673953068
0.9999531208417628 -0.24544422814784028
0.9999516104658998 -0.24573216299615008
0.9999529451599926 -0.24601362276682315
0.99995584818438 -0.24637864073547822
0.9999541849786879 -0.24637083680872318
0.9999539482042596 -0.24666130592331004
0.999955634414502 -0.24711640426823966
0.9999562251449209 -0.24725318252636452
0.9999578286021001 -0.2475472616060136
0.9999576996080154 -0.247771792352656
0.9999572658413876 -0.24813756345605298
0.999956562548842 -0.2481456866315177
0.9999603992190795 -0.2485020997713303
0.9999585124192478 -0.24884723654468965
0.9999607565106343 -0.24896961261507822
0.9999590214110189 -0.24935724469223375
0.9999601282517325 -0.2496257028387503
0.9999635300024381 -0.24990723005727644
0.999960358487053 -0.24999152621229237
0.9999621059991936 -0.25022870698048416
0.9999619451777828 -0.25069649350085954
0.9999607645085115 -0.25092513769264235
0.9999619897362022 -0.2512496373358526
0.9999628941664107 -0.25142609337121447
0.9999629320611957 -0.2517398364281508
0.9999643168519111 -0.2520323062586146
0.9999628781259404 -0.2524595656148032
0.999965313890757 -0.25244957046007277
0.9999644242047928 -0.2528672291606703
0.9999644349267901 -0.25304052047224446
0.9999667504576851 -0.2534477348863359
0.9999662072854392 -0.25366881508623873
0.9999663088876417 -0.2540267388128129
0.9999655795866476 -0.2543135464200055
0.9999681849195512 -0.2546094906740821
0.9999676607945303 -0.2549209866334632
0.9999681397939212 -0.2552263350332066
0.9999681620010928 -0.25546538560783694
0.999968282423027 -0.25581105514788927
0.9999697254197829 -0.2561557657513195
0.9999692785305144 -0.2563451130539599
0.9999692571322227 -0.25677165764234955
0.9999705569208064 -0.2571137814255853
0.999969958475533 -0.25739272545859593
0.999969300716721 -0.25775429349692924
0.9999705506773112 -0.2579314308837727
0.9999717361965244 -0.2583858348340722
0.9999707178882988 -0.2587905366634293
0.9999724770353832 -0.2590378939503323
0.9999715514094183 -0.2593893182505531
0.9999725729447922 -0.2597233338501804
0.9999731479580132 -0.2600055356507225
0.9999742002021027 -0.2603384032644488
0.9999735360570423 -0.26070773442053996
0.999972390904416 -0.2612382333330008
0.9999720944085715 -0.2612948246511213
0.9999719568862339 -0.261684177278824
0.9999745875350706 -0.2621305253678953
0.9999739898743439 -0.2622574316799825
0.9999740434533301 -0.26276092104507065
0.9999745013844807 -0.2630202488524558
0.9999768266919877 -0.26348053426671414
0.9999740663254116 -0.26394102969047284
0.9999756856156551 -0.2642444019508373
0.9999761049185172 -0.264486170260293
0.9999764280452162 -0.26497361061955493
0.9999770062628572 -0.2651398395668678
0.9999788542808719 -0.26566552639120045
0.9999754970165301 -0.2660240454004402
0.9999765997728818 -0.26640005386452725
0.9999754326386227 -0.26674836215545616
0.9999775399402009 -0.26704724550202896
0.999978727532994 -0.2673943404956488
0.9999773702320183 -0.2676814064325932
0.999978163746042 -0.26803792822243555
0.9999795716569562 -0.2686739741014905
0.9999793927101396 -0.269016925681565
0.9999790908817212 -0.26924579133693327
0.9999797565965532 -0.26981879522428265
0.9999809127664671 -0.26991834125621506
0.9999793560347321 -0.2707362671401239
0.9999800779847916 -0.27114196172504124
0.9999788003714122 -0.27135066590412416
0.9999800365581448 -0.27178198087695704
0.9999813072217941 -0.2722020551273502
0.9999794437505026 -0.2725678826500494
0.9999813962744869 -0.2729287416478824
0.9999823599163203 -0.27340146200613946
0.9999807169820937 -0.27389145516137436
0.9999814366092997 -0.2742453067425691
0.999982289314437 -0.27472307473629787
0.9999812460968427 -0.2750373132912831
0.9999818149451504 -0.27549898729917943
0.9999819834329564 -0.27589013601365076
0.9999832445192084 -0.2764324098024721
0.9999824125229106 -0.2767576333505577
0.9999828639410353 -0.27718626955659476
0.9999823603888147 -0.27775637990271007
0.9999838628124685 -0.27807301544612006
