#C1,C2
-0.1698734223104985 0.5664889346710408
-0.1669977827286785 0.5657992614880797
-0.16414256951286987 0.5650043924993332
-0.1613022798839031 0.5643312541226578
-0.15843721448729187 0.5637340842414301
-0.1556252155290423 0.5631193365744961
-0.15281789470205343 0.5623667369454753
-0.15001011000988917 0.5617021934472154
-0.14722135911943246 0.5610103880164877
-0.1444794817890479 0.5604122067571872
-0.14165891123660757 0.5595826365262789
-0.13889749045851096 0.5588230657950298
-0.13611994934289184 0.5583616870948916
-0.13335919910488603 0.5576565384492701
-0.1306575208723988 0.5569521383297497
-0.12783571579086406 0.5563046342827986
-0.12521875685575845 0.555588202543681
-0.1225114264823921 0.5548266865036783
-0.11984807964483513 0.5542197726583687
-0.1171640471986033 0.553517321517004
-0.114503929606797 0.552861799236036
-0.11183266240257428 0.5523534102308546
-0.1092281006354533 0.5516043691942479
-0.10657866292524387 0.5510714948122136
-0.10387838394297433 0.5501439160604588
-0.10131075452545213 0.5493528918408385
-0.0986138938245894 0.5488305450737999
-0.09601091903013215 0.5482566982295112
-0.0934912184143929 0.5474468174432409
-0.09087996410342891 0.5467183728820187
-0.0882976068524195 0.5461969566140664
-0.08583442679575315 0.5453005630931385
-0.08313835399900094 0.5447545121687882
-0.08064461611341966 0.5440509737294862
-0.07817817333658739 0.5433558115510412
-0.07556524683779198 0.5427749811637786
-0.07308412659096142 0.5419980394337663
-0.0705504483072038 0.5413854844571279
-0.06805829183865175 0.5407328128008853
-0.06554173736472946 0.5398940314380777
-0.06313133330298315 0.539278707293629
-0.06056033447744503 0.538597288156374
-0.05816937458985639 0.5378410653416058
-0.05574506768808197 0.5371537332470234
-0.053317974821144205 0.5362519960959371
-0.05096560726729039 0.5356823354126411
-0.04842249581035552 0.5349615917769742
-0.0459477470146521 0.5344338145898134
-0.043562174976977126 0.5336587616646081
-0.041200739863648146 0.532997864654847
-0.03878174717214567 0.5322781061884571
-0.03622914692271662 0.5315100513870177
-0.03403652280708692 0.5307736305276317
-0.031499694818703745 0.5301214877912073
-0.029157005647483476 0.5294248046828361
-0.02692050215985787 0.5287866760577453
-0.024480340363202353 0.528046809998225
-0.022213291040798618 0.5273977310860923
-0.01992489603690973 0.5267292275617701
-0.017479634002364304 0.525932206101421
-0.015190122324300287 0.5252759223746092
-0.012960586378024668 0.5245358284343135
-0.010679436406079273 0.5239442914945024
-0.008288183496040552 0.523135777329795
-0.006109032062374458 0.5224233671977077
-0.003778990672060006 0.5217240060453859
-0.0014762383920504715 0.52098243531832
0.00081444444592404 0.5202239415558032
0.0030013630790312 0.5195865998053475
0.005190597129009484 0.5188470698285071
0.007476834328759003 0.51812464356006
0.009770032151083513 0.5172420897629562
0.011894282659969497 0.5166495429029975
0.014243419434014077 0.5160306239393321
0.01641543453881488 0.5153198778118052
0.01854843937483896 0.5145897190063451
0.02088106946939238 0.5139771413767616
0.02291043109214585 0.5131371949844833
0.025159757457574143 0.512474001325781
0.027227699828952782 0.5118156408588147
0.02948539987229492 0.5111566265564301
0.031695309769679485 0.5102865957306989
0.03374676416717503 0.5096764656319767
0.0360663679977573 0.5088810531435654
0.0381639121152083 0.5081303849532605
0.0403363175480299 0.5074363638080999
0.04242318721387683 0.5066430175757145
0.044514968931455116 0.5060169174822692
0.04657221316662918 0.505254017767433
0.048720071544692926 0.5045192005638222
0.05075237471342508 0.5040632473817839
0.05283121048451155 0.5031136154763491
0.0550405915230071 0.5024787906018761
0.0569792232455335 0.501576701385445
0.05915274252877966 0.5010302550078148
0.06099084414930333 0.5001817358755282
0.06314521722390132 0.49954577871578115
0.06528850867294089 0.4986022168143615
0.06734437679247485 0.4980801932052346
0.06927591701336011 0.4971032083235401
0.07146817789615945 0.4967668775422193
0.07338245485652639 0.4958019180502719
0.07539481848729734 0.4951060544932839
0.07743046294888767 0.4944264262999645
0.07928103369303974 0.4936583755512111
0.08138196758451954 0.4928547310779085
0.08332932231054246 0.49222251605585926
0.08533536101622818 0.49159240249236774
0.08729460549782464 0.4907351233197664
0.08920072744115759 0.4900351949256066
0.0913104143188308 0.4893087756927957
0.09324791931724297 0.4885349237667405
0.09523301118485672 0.4878875235024986
0.09719454539311423 0.48715466886872677
0.09913244197855131 0.48641834378127263
0.10102557372774079 0.4855032577403023
0.10301158706647429 0.4847956165891248
0.10482634976327465 0.4840213476881466
0.10679480352237447 0.483403343289495
0.1087636409093945 0.4826806083321336
0.11065762946605695 0.48197657721948933
0.11271374778051646 0.48125213346210666
0.11439037619755876 0.48040854277045847
0.11629451620543496 0.4796505901780704
0.11818383426664592 0.4789321108549108
0.1199813561591363 0.4781040472902221
0.12180564369512337 0.47738503369009205
0.12369125386992719 0.47685642517215604
0.1255601303838566 0.4759966626144326
0.12745219669718832 0.47530130288016453
0.12938411399141592 0.47452272588111005
0.13105609986451727 0.4736311894002235
0.13305451744408292 0.47293999680764415
0.13488442077488705 0.47224947956760327
0.1365953056851228 0.4716743355759469
0.1384678400456737 0.4707380490471033
0.14021076193369075 0.4701373061495651
0.14212464666464297 0.4692373359043444
0.143801704545788 0.4683749572112195
0.14576253481247736 0.4678138712150553
0.14752033758232663 0.46703134631657467
0.1494132675179075 0.46627655460023604
0.15116669394488325 0.4656576161193127
0.1528128945497319 0.46479835149063325
0.1545941111044309 0.46393969734875845
0.15644953007964457 0.4633120844817072
0.1582579546348215 0.4625193729665951
0.15977552427885378 0.46176122339049647
0.16160849186436255 0.4611047843355109
0.1633244623874277 0.46027300683907996
0.16520092204160886 0.45958826945139913
0.16684272790004218 0.45881880618488186
0.16862733866281066 0.4580388841659922
0.1701508965971169 0.45736464397347826
0.17195794827052358 0.4563899160436112
0.17377848320415856 0.45573209977550216
0.17542849882868228 0.45501029891358563
0.17708975603891852 0.4540095211697098
0.17890493973311605 0.45334887813612973
0.18042576839697966 0.4525879168504327
0.18207859619354905 0.4518273143867931
0.1838680999003096 0.4510623524790604
0.18545756859232532 0.4504111538994319
0.18728990910302523 0.44960772392331877
0.18884113014787052 0.4488823305879693
0.190594299174215 0.4480336622691468
0.19214460034723746 0.4474148853923304
0.1938742009305514 0.4464053637489494
0.19550008274927855 0.4458527835029678
0.19712609358922129 0.44511283613598013
0.19880595263047796 0.4444283306503521
0.20053258865462442 0.44355994002409765
0.20193910904589096 0.4427800552434121
0.20356737260443258 0.44205036237122936
0.2052533251951678 0.44118646067525497
0.20690217353920382 0.4405547877450649
0.20842579391870364 0.43971400701337177
0.21011271112680818 0.4387438876704262
0.21161325603001024 0.43805039870176526
0.21325039740506935 0.43728913368795724
0.21479440950805484 0.43647124259314213
0.21632706914542832 0.4357846670019337
0.2181045409791318 0.4350676482432991
0.21967043038528744 0.4342229548882232
0.2212063028942688 0.4335351555085268
0.222716222211102 0.4327271646726148
0.2242805965522402 0.4319306232355277
0.22586248514425156 0.4311494804345651
0.22728104162442042 0.43054089923428257
0.22883296452152346 0.4298640970829353
0.23048926819146776 0.4288588989732472
0.23199523162479108 0.4281703660848563
0.23348795926755328 0.4274303546895298
0.2352338841499475 0.426472043123902
0.23634494288541896 0.4256515438963974
0.23812319032278384 0.42494747038037955
0.23962145463382523 0.4242532605041968
0.2411113763835171 0.4234546453634325
0.2427325363894831 0.42259981612374437
0.2441413005693207 0.42198628448001224
0.2457161774260802 0.42110634703341193
0.24714413480912079 0.42044407603477946
0.24856328121140148 0.4196040614410806
0.2500198622029899 0.41868765391332513
0.2517638621043242 0.41789665125385206
0.253071170687018 0.4172231943285764
0.25456508448479054 0.4163085760653313
0.25599467758752803 0.4158815479991909
0.2573962736934656 0.41482336247954527
0.2589124485382843 0.413923433552069
0.26044247447906177 0.4131141601269565
0.2618301445811926 0.4124237464439718
0.26321246347514854 0.4117039461063959
0.2647902428249452 0.410983945898254
0.2662316545867747 0.41009708088831714
0.2675053143539749 0.40929982421506933
0.269106391094922 0.4084398495499734
0.27051475035760525 0.40774988529452355
0.2717623866403131 0.407020732564823
0.2733380335686369 0.4060484132765802
0.2747754523635422 0.4053073014958018
0.2762069441143446 0.40470314654818834
0.277518644976861 0.4038627460422917
0.2788699261224959 0.40294000937375946
0.2802123913829731 0.40229116644662893
0.28174264698670154 0.4013288730752074
0.2830273414346985 0.400702953105241
0.28438154186770787 0.40004456397984706
0.28599766982760716 0.3990141765871225
0.28737282050496277 0.3981344955149207
0.2885767108840656 0.3973900613745713
0.29005761871745356 0.3966877963731577
0.2914203004695926 0.39580214220608606
0.29271617033605096 0.39497984689053217
0.29413263821819086 0.39429742133734164
0.29540712044305234 0.3933932188788191
0.29673888469837734 0.39270061992021416
0.298148500559053 0.391839052487945
0.2995583386065305 0.39094136837687815
0.3007533914124218 0.39018617113419013
0.3021775160886661 0.3895620026253304
0.3034505413709753 0.3886638916193735
0.3048085970117665 0.3881267551528352
0.3061629573936247 0.3872363385189515
0.30754070653207294 0.38633586207914533
0.30884561739613553 0.3854927608386934
0.3100460139987455 0.38464422935053116
0.3113638699285816 0.3839817877518707
0.3126148424906206 0.38336139821093457
0.3139533975149051 0.38237076613687565
0.3153697470642532 0.3814250077637618
0.31651167408565234 0.3808922931496939
0.31790111045915376 0.3799852530735936
0.31911329269965 0.3792159623682874
0.3202808982226018 0.37859563144768577
0.32181068579671107 0.3774574897242358
0.3229326756767484 0.37666444285214223
0.32429420755769794 0.375909482076142
0.3254948645166293 0.3749808035778946
0.3268481444570092 0.37423095104023724
0.32806286958969993 0.3733280828482937
0.32938277085244866 0.37258524639989693
0.3305235063066711 0.37187531110128186
0.33189704743479104 0.37108093844635054
0.3331220130667147 0.37019713011206173
0.3342472238749163 0.3694076290052634
0.3356215164519573 0.3686010261117068
0.33677935477883353 0.3677566582021455
0.33816693675490433 0.3669676720419724
0.3392886774209642 0.3661275315545483
0.34042200254447014 0.36559568532120906
0.34171052624936055 0.3644153707879471
0.3430980511098602 0.36392571224268194
0.34422131068420075 0.362930197218361
0.34534480794650463 0.3620792299812278
0.3466405541557413 0.3614230504077594
0.34775230115328654 0.36053604071511786
0.3490066414495054 0.35969332655232894
0.35027792284385856 0.3590419335457374
0.35140118814724447 0.3579857209264205
0.35275149214417983 0.35729304976141424
0.35379260854047473 0.35640899597386705
0.35504796838993474 0.3557286350591427
0.3562067491221185 0.3548780836481799
0.3571679845623215 0.35409123989742747
0.35855816800279067 0.3532992402597968
0.35961710061130286 0.3526053355181699
0.360765944052917 0.3515408311282902
0.3619664715093857 0.3507784351172279
0.36312138367985564 0.3500439210697171
0.3643590092701647 0.3490952865905262
0.3654172390104781 0.348261807894604
0.3667167701245118 0.3474954773862074
0.3678833671078467 0.34681846975484715
0.369099510519774 0.345746504456343
0.3701460488282528 0.34514204531216613
0.37118563299386137 0.3442122154147745
0.37237339738037595 0.3434751089953057
0.373553180134029 0.3423794551396708
0.3745547112019246 0.3417293810530549
0.37579909541439543 0.34089235288560077
0.37684196769478556 0.34011544086579976
0.37797727115054464 0.3392076965125192
0.3790915626687263 0.338604698667442
0.38034013934228245 0.3376820817711446
0.38149042723819354 0.3367231046255696
0.382485371121357 0.3357708818033694
0.38369477940764535 0.3351202710165038
0.3848258877446102 0.3342459923781495
0.3857530737439811 0.3334893891577278
0.3869902050815717 0.33271787040793893
0.38801244715762234 0.3318584869176712
0.389204845235473 0.3310514862596557
0.39026146145235135 0.33014059975529425
0.3911719916163246 0.32941231148525324
0.3924618805062829 0.3286535319823945
0.39340879941100176 0.327845081154807
0.39458329813471377 0.32680151964979237
0.3956016327639585 0.32620800407968525
0.3965978039107421 0.3252011174440049
0.39781400203302336 0.3244526784732799
0.39885002811345766 0.32363553037213794
0.3999964593438287 0.32292203957224025
0.40105577241343665 0.3218461994536785
0.4020656594188738 0.32102532212126206
0.4031515996332697 0.32028212155979857
0.4040813240849836 0.3194726471086526
0.4052664308918385 0.31861260422639154
0.40638038918159197 0.31769934344064515
0.4072571796666144 0.3170435099964442
0.4083649653520633 0.3159365641538086
0.4092839830969894 0.3153090618911692
0.4104298300639932 0.31443295035979074
0.4112754538335927 0.31355250714735045
0.41248007203697273 0.31277059706515425
0.41353522777080903 0.31176034628266885
0.41450023250625284 0.3111840542074707
0.41539438124764255 0.3101975587526094
0.416545672583902 0.3094014483656246
0.41757436467796855 0.308612032098542
0.41873097432577094 0.3078634681060714
0.4196581557691203 0.3068238889005756
0.42054314710346025 0.30614990570665096
0.4214821656912892 0.3050762329756416
0.4226625071162637 0.3044962361005728
0.4236569000753387 0.3036374252050617
0.4244591537023858 0.30256925301817067
0.4256500035029646 0.30195582301028473
0.426575506608535 0.3011281328196573
0.427481659160084 0.3001979735971578
0.4287522865714292 0.29968923433942823
0.4296306738997943 0.29853624379057925
0.430430026487351 0.2978634873764519
0.43143590131335924 0.29692461865042813
0.4325283508980006 0.29608311611913424
0.4334821854456448 0.29523276474373167
0.434470047001196 0.2943670847795648
0.43551989490656856 0.29340341903160566
0.4363007967143679 0.2925667175614231
0.4371805488234139 0.2918314014174059
0.43841374186323095 0.29084294958684603
0.4394748898206024 0.29018581034331786
0.4402397487298186 0.289352128955987
0.44109861692186264 0.2887019961770257
0.4422760242956752 0.2876368907282028
0.4430817728854675 0.2867061354748
0.44410818501635246 0.28591598505351595
0.44491435737049695 0.2852115112122579
0.44597314955303763 0.28440064823223216
0.4467091321100109 0.28345386029491654
0.447690963302891 0.2824772125456952
0.44875703984628873 0.2817209007635552
0.4495539653115778 0.28113458211687786
0.4506045577726762 0.2800586777387923
0.45134459070623295 0.27920697639723474
0.4522872962930418 0.27835135487482626
0.4533608593131028 0.2775015270465379
0.45415709375391894 0.2766854517994563
0.45522730341171364 0.27569675630895135
0.456150277902809 0.27498045807545984
0.4570167235337767 0.274343100971232
0.45792910734361375 0.273228984236274
0.4588372705835733 0.27250746021119926
0.45977417976231577 0.27177874692273435
0.4607252489567119 0.27075459206292435
0.4615705806237839 0.2700514728959886
0.46251268132957607 0.2691671220994087
0.4633222350860258 0.26833696424377845
0.46421229538855874 0.26743898467746513
0.46508430359609626 0.2664902376173169
0.4659246800620855 0.26541137453962543
0.4667894163259671 0.2647175880219355
0.4678665086436124 0.2640669078106916
0.46879550405309617 0.2632421935750548
0.46953179853013854 0.2622712723275101
0.4705142621933624 0.261545357503248
0.4713754681255961 0.2605282565314237
0.47218652099163766 0.2597515025279274
0.4730684543692955 0.25899874189100897
0.4739723114074647 0.25810526059661393
0.47480735286267833 0.25735036458095356
0.4756495022957827 0.25651267474329514
0.47636205293322825 0.2556152626546369
0.4773625804319776 0.25464846528899415
0.47816084030463485 0.25385331881455536
0.4789480158299852 0.253039676555362
0.4797675010462256 0.2519681379880668
0.4808653340088079 0.2511801242545412
0.4816361444101342 0.250653490933159
0.48260081847081143 0.2496689887342463
0.48327804739247676 0.24879839585742597
0.4839394132923745 0.24795414433012036
0.48506281152873737 0.2470091008170478
0.4857049332534174 0.24622361859356884
0.4866998694916584 0.24534042646413284
0.4875149751839784 0.24463558290428472
0.48814817445668107 0.24375100456045357
0.4890807564962402 0.24268578972002935
0.48994306733923115 0.2418344457934966
0.4907066821982024 0.24088835779439205
0.4914516955492841 0.24026977789466147
0.49225859657748744 0.2393768716857188
0.49331426890215585 0.23857470663635266
0.4939731664661024 0.23771340843461547
0.49485756362052385 0.23680920764487462
0.4956070447571678 0.23582136844021467
0.49647572257053424 0.23512581293865437
0.4970796077964082 0.23436338777893578
0.49791245822858904 0.23339119841390693
0.4989856396312841 0.23251161119257474
0.49947115910558487 0.23181854759099635
0.5003993874205763 0.2305668049427902
0.5011643879831844 0.23003220728815238
0.5020795707498165 0.22911293667700333
0.5028250838311838 0.22817326029494006
0.5037367160568458 0.22737120541842332
0.5044376120679261 0.22648093364447358
0.5051827199230869 0.2256351304321777
0.5059818560201865 0.22507512322654694
0.5066971696508967 0.22414492969193328
0.5075335850532018 0.2231012170255226
0.5084045686578833 0.22222497220515686
0.5089861100220952 0.22146744676122804
0.5097710250592863 0.22064988681502123
0.5107085506154239 0.21986774283986227
0.5113636822102239 0.21880236795145197
0.5122537439301433 0.2181528437837485
0.5130275092582881 0.2172654362151612
0.5136529547967713 0.21634956631453744
0.5143969782415381 0.21540845040344864
0.5151134896230884 0.21466677170191545
0.5160549503227294 0.2137202714298882
0.5168117914157346 0.2130772596786223
0.5174113809425815 0.2119829476929293
0.5182202219525138 0.2109871119070224
0.5190736809517564 0.21016427315052771
0.5198336246973512 0.20946679556028053
0.5207248010624375 0.20877950978228105
0.5211567605224099 0.2077585288662877
0.5220531050945589 0.20695435057114459
0.5228207281952972 0.20584618406789695
0.5234236463845738 0.20527444018325341
0.524140987485852 0.20430826138193897
0.5248207488834065 0.20347659499997744
0.5256874571816664 0.2026507808650439
0.5263926533313943 0.2019537058537006
0.52705099101493 0.20110308035960706
0.5279403308712611 0.2001631866606502
0.5284896002014807 0.1994033464487775
0.5292300647124646 0.1984059146200276
0.5299864530774996 0.19737658879115344
0.5307035563591673 0.19658399937709242
0.5313883050731296 0.19569626322379624
0.5321707007161252 0.19490345748617216
0.53280237594332 0.19407721669081396
0.5334467574495357 0.19320277554088056
0.534252005910994 0.19224473032399375
0.5349946099016203 0.19136739480942938
0.5356278978153903 0.19082054462536563
0.5363465076192955 0.18985654825524562
0.5371626876347078 0.18895207299103006
0.5377427235109081 0.18841229718906266
0.5384364475513517 0.18725515265500897
0.5392229376557209 0.1865349614842265
0.5399750482073861 0.18544910672828024
0.5406775415680646 0.18464538085881227
0.5412996384111957 0.18380469319765474
0.5420984334494007 0.18295789456787498
0.5426652677195045 0.18193217658902977
0.5433637410548924 0.18121048512807497
0.5440678429819508 0.18024928342859542
0.5446472373301912 0.17955365710427024
0.5453738593590487 0.1787512073967648
0.5461562903734407 0.177755057994689
0.5467110860143796 0.17695369209988215
0.5474224428449233 0.17597733996724324
0.5480335281771291 0.17517870494207438
0.5488978924129251 0.17435071028420596
0.5495224098584546 0.1734779428789947
0.5501277166360089 0.17276097468539936
0.5507708590340025 0.17172831839045216
0.5515684864593717 0.1709289156390678
0.5521227739925094 0.16985323610027864
0.5527961305984577 0.1691176124484725
0.5534827738950878 0.16832850360194435
0.5542957001712054 0.16762239317811706
0.5547185045843922 0.1666550119928492
0.5555307255912608 0.16584381358223682
0.5560728930351027 0.16513777542081937
0.556763489845217 0.1641493424370591
0.557339971307296 0.16341013727179415
0.5579580352957485 0.16234732682956926
0.5587530058267614 0.16153064775259057
0.5594436853584743 0.16074835220961853
0.5598976274281495 0.15977727821742144
0.5606560000805195 0.15896882779422655
0.5611995418224085 0.1578002210279273
0.5618724132324362 0.15713800209361567
0.5625585203360255 0.15630031321647658
0.5631631858502619 0.15546559502777396
0.5639124702039963 0.15469627237426692
0.5643840041706734 0.15379212656598878
0.5650695937406578 0.1530649042342887
0.5657923440094134 0.15221827095029677
0.5663239430974213 0.15125716776161818
0.5668917397151936 0.1503539490677474
0.5675838717901183 0.1494574288778699
0.5681070532981807 0.14871557998676338
0.5688783783898126 0.14801435392058832
0.5694060994785114 0.14701082641121993
0.570153681136137 0.1460601805291603
0.5707956818482314 0.14548288418741934
0.5712747947626792 0.14442075929137482
0.571979715151571 0.143589352692774
0.5725765821142673 0.14270361414498206
0.5732805424485905 0.14203294271646066
0.5739549642105628 0.14100468892522494
0.5742830774915098 0.14034331085037394
0.5748422222967413 0.13926715581282362
0.5754304339219954 0.13836795583787148
0.5761780420763127 0.13777805508487023
0.5767858923187775 0.13660421956018426
0.5773742469529731 0.1358453486039523
0.5779850612224211 0.1349401309404979
0.578528880506879 0.13408943087342423
0.5790994899784254 0.13321112291791065
0.5798690656230312 0.1325125154125007
0.5803112136941724 0.13169452710591695
0.5810077594334764 0.1307924710169734
0.5816035611769743 0.12978739952115365
0.5821116610615666 0.12903742326593354
0.5828039954622528 0.12817456722630466
0.5832353524345046 0.1273922984334352
0.5839191279136586 0.12650463700165798
0.5844306274348314 0.12547751159126913
0.5849905465379649 0.12455013175477875
0.58560932011626 0.12399018578786142
0.5861156782186416 0.12301556459877788
0.5866930013506478 0.12217815107657565
0.5872967217736254 0.12139983649499847
0.5880761341592501 0.12067543244866147
0.5884134140167203 0.1195858612679937
0.5891149435598135 0.11874418780089807
0.5895386886608172 0.11803974248756682
0.5902730967810467 0.11725168508015732
0.5908444524301679 0.11641609319457319
0.5913458621352371 0.11545563293139632
0.5917872875663677 0.11442582065299906
0.592493692231836 0.11370678112292959
0.592944448884322 0.11286382394113753
0.5935249319161966 0.1119841681047758
0.5940877209377328 0.11116933043404748
0.5947406259132797 0.11029352464349756
0.5952529911010142 0.10944997405232265
0.5957775198083539 0.1086774161089456
0.5963257244887054 0.107925905857917
0.5969232754111047 0.10685298998042686
0.5974518490516179 0.1060605310206511
0.5980503827580153 0.10516279403852474
0.5984128150234206 0.10442303970233119
0.5991666701911719 0.10348506513985273
0.5996787869868263 0.10280047573150314
0.600111000262504 0.10206383475075237
0.6006121036650762 0.1010006046690663
0.6012795640769317 0.10010804212626462
0.6018289647506295 0.09927096688996356
0.6024069620486097 0.09859530872796668
0.6028833711250188 0.09758314111895411
0.6035738967796637 0.09703006296952227
0.6039582380577786 0.09607081105185028
0.6044703072465483 0.09518906103992203
0.605154987062086 0.09421365865842096
0.6056212818864869 0.09335115562372392
0.6061175572371571 0.0927270227411568
0.6066964238715151 0.09182972320965149
0.6071401208067405 0.09084033963259525
0.6075792434245156 0.09030857288987532
0.6081585719922795 0.08906144764785301
0.6086739913362169 0.0882933584467886
0.6091730831292875 0.08759042409956191
0.6098280933423645 0.08680151936827457
0.6103462253269718 0.08581759035324138
0.610818309121741 0.08500986666028149
0.611306987426221 0.08426375939465652
0.6118620349106167 0.08340111951515145
0.612373054561299 0.08236648886553671
0.612813839586932 0.08164957063394257
0.6133773515027363 0.08063020830372564
0.613855498352528 0.08010048474605752
0.6142855967528559 0.07901277695270642
0.6150213157181469 0.0783243291038162
0.6153003876505017 0.07752989810762828
0.6158398911880137 0.0767032574503605
0.6165184537707731 0.07565510554880966
0.6168101275341532 0.07502005369264225
0.6173765899472282 0.07442349347318572
0.6178519345836548 0.07334358395738877
0.6183628350400735 0.07246389290797212
0.6187366603406421 0.0715200472165039
0.6194301966028855 0.07073458644498481
0.6198109188170651 0.06989649286244043
0.6202446294073188 0.06915407483027763
0.6207950815836687 0.0683527938036878
0.621235804825958 0.06774832247477708
0.6217826585989155 0.06658924604967215
0.6223297155865002 0.06582201368971802
0.6228876730466719 0.06509510315306793
0.6234086021249899 0.06437556181235143
0.6238689655238606 0.0634025750210569
0.6241653974597379 0.06252535563889033
0.6247688156949324 0.06170845217840964
0.6252887222989267 0.06074646658073029
0.6256976043127128 0.06000821205193046
0.626264952304594 0.05911993955869948
0.6265777664744795 0.0583515581596396
0.6271214028547579 0.05769110930969206
0.6274443023576372 0.056581301592117876
0.6281026404142883 0.05593814018786974
0.6285737691146415 0.055209013237821285
0.6290491614375353 0.0543141453099955
0.6295496024870479 0.0533549287947726
0.6299667798292332 0.05259004471641753
0.6304395404266631 0.051481300143069224
0.6309586611758798 0.05086748078420616
0.6314405662512681 0.05006118028324363
0.6317758153878106 0.04933984392831097
0.6322653317054298 0.048642326564687303
0.6327574858970647 0.047625318330134885
0.6331624530374391 0.04686872794701163
0.633687481528008 0.04583923469452061
0.6341747662612933 0.04526525767967964
0.6345609318100226 0.04433659904215364
0.63501991800572 0.043444856031009386
0.6355317229522366 0.04269773767182832
0.6360789343702066 0.04189674093931411
0.6364043468842377 0.04112690232836818
0.6367418886914975 0.040099743314107754
0.6371701926522282 0.03941511400409153
0.6378001147722814 0.03854752567710212
0.6383679721643816 0.03783978027916018
0.638599164442719 0.03725553937775155
0.639186874521898 0.03610639672631993
0.6395949819761828 0.03545233511834483
0.6401002764330983 0.03462184019893715
0.640457115266533 0.0338297936255128
0.6409001669892953 0.03290239561335511
0.6412645522938826 0.032221898029446576
0.6416840160915787 0.03141283962538038
0.6421192561387001 0.030575188460141005
0.6426826217449436 0.029735119733929886
0.643085252672931 0.028868731170874344
0.6434782530697849 0.028224756307848313
0.6440012666234405 0.02741646453460061
0.6444170902111812 0.02646643217597227
0.6448421785378545 0.02582316555895408
0.6452286548049319 0.024932738263802316
0.6456664223547282 0.02425589042440062
0.6461376275810637 0.023438602357703724
0.6465027237149835 0.02254622820757462
0.6469557884255123 0.021662407106905195
0.6473958034097659 0.02073145301821449
0.6478131610340955 0.020053854781504947
0.6482648711391862 0.019339425467261022
0.6486614736445685 0.018477746532220278
0.6491225413936943 0.017659053474540158
0.6495574426113329 0.016712113524055154
0.6499538094406883 0.016191441223156126
0.6502985685247351 0.015253426522950858
0.6507231934561087 0.014712275494449806
0.6513148564416485 0.013611691166595047
0.6515293825741332 0.013059709623312538
0.6520834528992584 0.01194154869420177
0.6523514348128445 0.01115220925025145
0.6528403779046382 0.010441888362739344
0.6533292827647713 0.009700306228735684
0.6536106917044787 0.009146400232106494
0.654177023151363 0.008140027059556904
0.6544371167385133 0.0072988693910021555
0.654888851467741 0.006446682610727389
0.6553067644824602 0.006014730579232347
0.6556840578092078 0.0050077814391383205
0.6561509260531422 0.004313198218717168
0.6565616030777642 0.003497532021705935
0.6568962973214925 0.002548877501741426
0.6572888950574135 0.002003231202323536
0.657834365138348 0.0012080862885484548
0.6580502490140202 0.00026321278431423213
0.6585860070403577 -0.00046619844209578286
0.6589430415482123 -0.0014461026753341318
0.6593235497779633 -0.0022052861152967503
0.6596742413358622 -0.0028810594806157382
0.6601055701872163 -0.00348054720422703
0.6605954244712724 -0.004299069149931339
0.6609013599417416 -0.005045309858137842
0.6613538839430966 -0.00606130793963317
0.6616224626301177 -0.006694909362096995
0.6621326869702585 -0.007598758186692483
0.662438809021707 -0.008162303177658486
0.6627697459868516 -0.009034027911745407
0.6631862286225976 -0.009648209203358798
0.6634490083589248 -0.01071253257350852
0.6640172933619217 -0.011216671379447212
0.6645781991373974 -0.012208097606113582
0.6647088028787734 -0.012906513136267844
0.6651519226914703 -0.013608768649082397
0.6656374295448637 -0.014479865319934676
0.6659181919347615 -0.015327513934203013
0.666232289328228 -0.016192175337481136
0.6666500050550834 -0.01705202658838218
0.6670523351190054 -0.017499816385348983
0.6674337278510459 -0.018199653455056426
0.6679108347501569 -0.01910102643728013
0.6682734196936229 -0.019656660311241643
0.6685798370348014 -0.02052387672191997
0.6688723724645477 -0.021385838073181125
0.6692874210558355 -0.022175044825118735
0.6697092421167951 -0.02283028297899909
0.6700996833018433 -0.023536163356987556
0.6705094054802615 -0.024362027418929406
0.6708832590168117 -0.025088891307090418
0.6712344395551118 -0.026068156570230157
0.6715387898159787 -0.026503496660518384
0.671915074287567 -0.027409720451943738
0.6722193817104004 -0.028296946499602744
0.6727196085346114 -0.02885195558534765
0.6730262247300557 -0.029985451356882083
0.6735081035305573 -0.030601770105172017
0.6736638886870965 -0.031090331050089244
0.6740795892221496 -0.03182142550485196
0.6743951452593537 -0.03250358531027759
0.6748759333240213 -0.03326792630315107
0.6751975575873483 -0.03423407191656997
0.6754886986711264 -0.034827943922618294
0.6759149900063645 -0.03530769633267012
0.6761428943420508 -0.036506563335927895
0.6766079359654974 -0.037270946665187106
0.6769127937524266 -0.0379512778882229
0.6773570992785329 -0.03841765084711241
0.6775736182864781 -0.0391383885310393
0.6779179133872466 -0.03997035175305414
0.6784593773047479 -0.040714492740899284
0.6788345029781446 -0.04153975465961452
0.6790183288376647 -0.04246770057930189
0.6794826309454554 -0.042880862833556695
0.6797083550455162 -0.04362599824740727
0.6801085128400972 -0.0445485318845656
0.6805509753063486 -0.04506695498699149
0.680808827721574 -0.04586174649880443
0.6811633726565182 -0.04668228944433501
0.6816359110307392 -0.0473429071252563
0.6818627303895093 -0.048001870718243085
0.6821006843563118 -0.04873716364315645
0.6824317909094839 -0.049401506877141683
0.6827914315527424 -0.04994558212454731
0.6832107261346393 -0.050800925615393684
0.683525049676316 -0.051585177094620356
0.683969724690138 -0.05224638202568772
0.684260809205446 -0.052937660052116704
0.6845354393736798 -0.05386688096407261
0.6848756612818724 -0.054405495757317186
0.6852643780435634 -0.05506829455015289
0.6855716897367233 -0.055778455107635745
0.6859877320864446 -0.05647383021067482
0.6862302076437347 -0.05723771009457163
0.6865313805595361 -0.05798703454123561
0.6869269715607655 -0.05876272353491758
0.687189831718188 -0.0590953825417408
0.6874659547329189 -0.060149541609304476
0.6879333956944769 -0.060481096517921946
0.6881414461681039 -0.06145029796811869
0.6885258345056029 -0.06225294164935442
0.6888410752767382 -0.06290273649117134
0.6891018590187092 -0.0635495816066391
0.6893458079126783 -0.0641937709179004
0.6899267796322526 -0.06492804923262024
0.69018894834822 -0.06579542205667516
0.6905424541629935 -0.06618675092560794
0.6907876440230027 -0.06702564147054219
0.6910848271001634 -0.067824805355787
0.6913847144407168 -0.06829721727135235
0.6917357826729784 -0.06900516804120677
0.6919746860293111 -0.0697830573534684
0.6923586319898284 -0.07037934690206077
0.6926661773753431 -0.07100769476015883
0.6930841995974659 -0.07184018716195534
0.6933273930363856 -0.07219473808427895
0.6936408093073057 -0.07308028130324101
0.6939638769528591 -0.07371629721346878
0.6943246230618236 -0.07458629103196585
0.6947483945128712 -0.07510436420074645
0.6949698250496807 -0.07570262686137469
0.69526347209974 -0.07643432767106578
0.6954758705507307 -0.07698733879257608
0.695781223086478 -0.07776923998084623
0.6961588248662038 -0.07855921972840424
0.6964981987998726 -0.07912057020624136
0.6967694682631697 -0.0796852753686525
0.6970711412811652 -0.08056677734349943
0.6973162718514432 -0.08112012547377484
0.6976608830249303 -0.08168494176730307
0.6979398599901321 -0.08240990671574372
0.6982443244816883 -0.08310584936985205
0.6985933283011211 -0.08361649953957279
0.6988618183104768 -0.08437296569309022
0.6991317800905446 -0.08484087087040876
0.6994252430811764 -0.08557274741311954
0.6998152247189762 -0.08620630944819624
0.7001491577676636 -0.08685562469389402
0.7003932620721772 -0.08751119590645068
0.7006436477223454 -0.08818054561502636
0.7010165712256355 -0.088582595772359
0.7012775601703943 -0.08939264448248735
0.7015138398196858 -0.09002267238883505
0.7018314168134553 -0.09055848900022928
0.7020981448164505 -0.09116377142896243
0.702383031223173 -0.09187193623129569
0.70269968060684 -0.09254509974708552
0.7030608017394661 -0.0931611652668593
0.703316181882335 -0.0937165602362276
0.7036540805892938 -0.09457044202589066
0.7038617883413406 -0.0948068965351207
0.7041200471397975 -0.09564143518255014
0.7044531244311293 -0.09620909185099641
0.7047574928853382 -0.0966886813829177
0.7050515030760712 -0.09757240581951038
0.7054475697542956 -0.09813344551251363
0.7056669834980208 -0.09864331182057734
0.7059235060242989 -0.0990625047445734
0.7061769655284496 -0.09982679601983319
0.7064632554351867 -0.1002872424246351
0.7069000411896443 -0.10086578433499077
0.7070327073758736 -0.10150529648016121
0.7073183409760417 -0.10208726450937472
0.7075546610396112 -0.10288455313738726
0.7078590633855628 -0.10338545104307745
0.7081283714645956 -0.1039713001452573
0.7084782413875477 -0.10444345149870987
0.7087558908411109 -0.1051140112284949
0.7089381309421622 -0.10558782891239987
0.709367189112556 -0.10616079891078906
0.7095716692611924 -0.10681805642896608
0.7098864844745119 -0.10726487086001085
0.7100909306799064 -0.10776987911689478
0.7103811666766646 -0.10850562887328691
0.7106815918484151 -0.1091142986337153
0.7110178775423628 -0.10959543108426589
0.7112216794328277 -0.11013188040945404
0.7114992238068832 -0.1107647658777397
0.7117635884511936 -0.11137821341809334
0.7120133719414657 -0.11177407869288464
0.7122633618125092 -0.11233409121155596
0.7125358494783685 -0.1129421242523801
0.7128489392943964 -0.11323334430937743
0.7131567065652139 -0.11408217203308763
0.7132824298460045 -0.11462381513876935
0.71362309279287 -0.11518165326381319
0.7139276613800838 -0.11558937011525411
0.7141942879277352 -0.1162242593147284
0.714500681804453 -0.11677422695042722
0.7146565402243942 -0.1173659786213424
0.7148691428225106 -0.11768037875129994
0.7151487734067183 -0.11834429059851831
0.7154862132358243 -0.11872898818529715
0.7157178599413321 -0.11939467412395738
0.7159702393578222 -0.11986525832921407
0.7163091433053956 -0.12033999292124681
0.7165690414450185 -0.12100138375663178
0.716832290736528 -0.12153049875266037
0.7169863132734626 -0.12194754194230722
0.7173032427683729 -0.12252393621790708
0.7175133788579753 -0.12286408790213604
0.7178005057429704 -0.12318530915502984
0.7181265583098262 -0.12402542120975774
0.7183664229095236 -0.12436424262280682
0.7185563326526776 -0.12499960139399785
0.7187861109864682 -0.12523390901241055
0.719071300512132 -0.1257889285557196
0.7193205818128479 -0.1262597772978445
0.7196315661840798 -0.1269088956192847
0.7197845104020316 -0.12742450979891534
0.7200132725632782 -0.12761359799469613
0.7204283209727781 -0.12825545815357114
0.7206407573396524 -0.12864826343021857
0.7209203928760086 -0.12913059631352403
0.7211103797018491 -0.12971898076329352
0.7213484074350764 -0.13009587974461295
0.7216506272927514 -0.13051566561173727
0.7217674437763415 -0.13090425183155258
0.7221322942510227 -0.13143460906170273
0.7222648695786829 -0.13194885294122832
0.7225850053204146 -0.13231791690469313
0.7227575989027477 -0.1328312439213168
0.7230577727510429 -0.13317908454313493
0.7233207816769789 -0.13379352723441368
0.7234599166134827 -0.1340555826645919
0.7238950528044115 -0.13446353477852319
0.7240477574420073 -0.13489296147274604
0.7243478685606108 -0.13543650526310996
0.7245652712398565 -0.13588896103299025
0.7247537476799738 -0.13613601171253958
0.7250680437866165 -0.13664449462346423
0.7253564626379035 -0.13706672744488285
0.7255264736041535 -0.13751363612974082
0.7257841283179837 -0.13778148991707556
0.7259728812608331 -0.13824231313136243
0.7262660606167486 -0.13851888578273813
0.7264274408497031 -0.13891323525619587
0.7266728944936198 -0.13943342764645034
0.7270087415578147 -0.139761550371649
0.7271616539621795 -0.1401162676734466
0.7273969892544205 -0.14057040059990217
0.7275992396238151 -0.14085118740649455
0.727811492481143 -0.14113911040209776
0.7281010998757355 -0.14156386749972966
0.7283024892229036 -0.14206564813981787
0.7285141069730074 -0.1423175342411797
0.7288400905014332 -0.14271514909209598
0.7290888211493847 -0.14302598899895597
0.7291088597199362 -0.1434167542675327
0.7294402915114494 -0.1436963131422438
0.7296773293272455 -0.14411962514217164
0.7298496615929677 -0.14438727304402105
0.7301186419304349 -0.14465978885970004
0.73042348583576 -0.14501467182984834
0.7306029238512833 -0.1454233082619601
0.730733369510178 -0.14565716379578192
0.731104864428463 -0.14586177955013052
0.731310667871165 -0.1463131353813399
0.7313892724637954 -0.14653418433223658
0.7317488554524687 -0.14677479223048845
0.7319113529550028 -0.14717485983061512
0.7322902275371298 -0.14730756830163233
0.7323446736788675 -0.14771233219944152
0.7326503714894549 -0.14801399857450354
0.7328065252639071 -0.14827380843653998
0.733029032129712 -0.14847618587274786
0.7332870556673481 -0.14874791070046117
0.7334749941204252 -0.14907618867990186
0.7335935712950897 -0.14939692783782993
0.7339830678433767 -0.14950225597759442
0.7340930070682398 -0.1497730804971637
0.7344646835905906 -0.1501155126832397
0.7345633333366771 -0.15029468775137816
0.734847263555211 -0.15061089985953652
0.7349769718836953 -0.15072609146814492
0.7353015922487396 -0.15111308113018235
0.7354876927813597 -0.15121534271572762
0.7356292812858426 -0.15138734492844125
0.7359002445270518 -0.15166156472770015
0.7361603679481326 -0.15176667986855435
0.7363332894078438 -0.15204401334265844
0.7364851187326571 -0.15225358057520472
0.7367753657155833 -0.15238079494010287
0.7369489891193058 -0.15253290462466912
0.7371639851230428 -0.1527286056876182
0.7374337003125745 -0.1529858005994021
0.7375337416991238 -0.15309263019072467
0.737800761982068 -0.15323613077060289
0.7380165787799187 -0.15340731448382744
0.7381551266410776 -0.15351359108828416
0.7383527034522224 -0.1537324169232996
0.7386059018607228 -0.15377257865140487
0.7388249734778045 -0.1539642565989467
0.7389749425217458 -0.15404845459845834
0.7391773359076601 -0.15418911648328776
0.7393743108829982 -0.15427764663561022
0.739664447721919 -0.15438292677020188
0.739856561363659 -0.15446079116229977
0.7400208208157353 -0.1545647340932525
0.7403014600624117 -0.1546499093849774
0.7406191564529128 -0.15467085279501774
0.7406663264039751 -0.15479655129954534
0.7409408814482371 -0.15486109193279335
0.7410167574746002 -0.154935438787353
0.7412832864566279 -0.15492827042688878
0.7413723476221463 -0.15498376099019312
0.7416711579734879 -0.1550304326753958
0.7418105053859284 -0.15505901901964508
0.7420243745671837 -0.15506938181626279
0.7422438824497757 -0.15507705240112507
