#C1,C2
-0.18015553835527906 0.5664301810578065
-0.16587892933955803 0.5657240142934719
-0.15186885119243262 0.5650383689916169
-0.1380980444087688 0.5644185482128466
-0.12463599747671358 0.5637170479841028
-0.11140719558242237 0.5629355172130578
-0.09838718410107147 0.5622543227016393
-0.08565170537900221 0.5617078737897044
-0.07314803285340529 0.5611621702666766
-0.060836105174659406 0.5603380751798878
-0.048767845210963535 0.55967163187076
-0.036916812349425655 0.5589718460575267
-0.02518345174489265 0.5583545817809187
-0.013748183126010094 0.5575876339439189
-0.002400854723849521 0.5570789237253936
0.00869208855514938 0.5562343163400701
0.019655500865205087 0.5556870270387141
0.030380000868669786 0.5549305197901511
0.040948521124879365 0.5542658303547653
0.05139429902430261 0.5535337721710899
0.06167381168902244 0.5529737752904328
0.07147252880696289 0.5521141124885233
0.08163741361446145 0.5514015942966902
0.09127577862216787 0.5510054023991228
0.10096517978057998 0.5502523191134582
0.11022569670415397 0.5496352695866996
0.1196461336737267 0.5487730311362006
0.12890519976692819 0.5480667379379959
0.13779607912168448 0.5474439471181537
0.14665747243252972 0.5468900640667508
0.1554383359201457 0.5460201385043847
0.16410061047579308 0.5454207368898994
0.1725669052561092 0.5448037832573603
0.1809338401052644 0.5440216776223116
0.18903052935631207 0.5433639465987986
0.19719440944143676 0.5426413557921691
0.20517263827530433 0.5419240171717747
0.2130834397592453 0.54135851852135
0.22075226903026837 0.5406959210881669
0.22839266417983897 0.5398175890273141
0.23606032831899773 0.5392189686074227
0.24349947785936368 0.5385016230776046
0.25079323525271047 0.5377133326917686
0.25794930139416117 0.5372210950209856
0.2650094237498587 0.5363937514028181
0.27223137256184005 0.5357180828977864
0.2789813253471649 0.5350358899300139
0.2859104099556503 0.534480449233684
0.29256148435366847 0.533729779068345
0.2991338850938028 0.5328497728337174
0.30565410352160916 0.5322140731186663
0.3121097210920013 0.5314214533357444
0.31862205672238586 0.5308038223119709
0.32479218974746504 0.5302862442339112
0.33101362843522764 0.5294017336013813
0.33712040700348844 0.5287536969870975
0.3431774930080348 0.5280639680163638
0.34894403211973946 0.5273734107404188
0.35498848687000173 0.5265397944790949
0.3606820588660562 0.5259822070742143
0.3662840305748978 0.5252083923963334
0.3718941051813148 0.5244366535409325
0.3775208726997883 0.5238700781726772
0.3829367803275585 0.5232176497200609
0.38835342815914986 0.5225027099768268
0.3935720893645285 0.5217444974469624
0.3989127860458308 0.5210425886663173
0.4040962826270371 0.5202029923821748
0.4091225139754031 0.5196273145438501
0.41418188824379243 0.5189195599406443
0.419188140410796 0.5182202017196061
0.42408352216946055 0.5175045458983406
0.42881479960387847 0.5167751670877604
0.43363451924776353 0.5159385524457608
0.4383440120730002 0.5152371308674537
0.44292897007641474 0.514502950030047
0.4475533452192162 0.5139096325234984
0.45201844720762274 0.5131595949612883
0.4566410754957626 0.5124554545014764
0.46092444220528583 0.5118000882715824
0.4653892561511441 0.510904744533977
0.4696457789749031 0.510273185664374
0.47366932252723193 0.5095679752687668
0.4779367891128885 0.5087277939362513
0.482111639344007 0.5082304305218538
0.48628435118429014 0.5076394121756396
0.4901595043595094 0.5067541769938863
0.4941187393957587 0.5060152588119535
0.4980239609609449 0.5053073060171812
0.5019332347205963 0.5046522068524045
0.5057811012830109 0.5039030873494137
0.5095312173091535 0.5030693265782795
0.5131575285653659 0.5023991297499576
0.5168412323743045 0.5019130914746857
0.5205083052854237 0.5008435305700335
0.5241174061068096 0.5001436195422729
0.5274097005618029 0.4994600010716726
0.5311510021206375 0.4986171411164571
0.5344722567016414 0.4979307829806346
0.5379309899835204 0.49729938166149873
0.5413149878923748 0.4966272522457547
0.5445615423548017 0.4959545689069483
0.5479270556308821 0.4951935256478914
0.5512333813543219 0.49459038353927093
0.5543114235372036 0.49361076875316584
0.5573219737732483 0.4929734651414783
0.5606899817968022 0.49228584734884323
0.5636033217400039 0.4913804184112858
0.5666726822855933 0.4906791079984592
0.56960754548736 0.4900266981211355
0.5725544215069648 0.48950147217357737
0.5755029386402047 0.48853199768276606
0.5782828915475223 0.48777984310416383
0.5812045314365496 0.4871485199355439
0.5839266072758224 0.4863122124235452
0.5868255499601519 0.48566698291856597
0.5896220389065899 0.484964940625424
0.5922292494527891 0.4841483707671324
0.5950806532258585 0.483545730386795
0.597637575981785 0.48256252668722416
0.6002422551319898 0.4819963129913419
0.6028878439985844 0.4811621567073741
0.6052032327281315 0.4806006955368742
0.6077970263887583 0.4797187026952308
0.6104441705225022 0.47891252165865633
0.6129066665624797 0.4781562697986707
0.6152514239083645 0.47756427070099755
0.617582503136974 0.4767836731937411
0.619971450535929 0.4759707277835972
0.6223390661478115 0.4752759877270096
0.6245422508809496 0.47454127334187796
0.6269052757967829 0.47386172229023776
0.6290901942078354 0.47293440570840733
0.6312347089851936 0.4722812934473302
0.6334975682236995 0.47158841855543415
0.6356770607906747 0.47063014526289276
0.6377998442940606 0.46998451779793676
0.6398704333513524 0.46918777809467965
0.6419890399605624 0.4683416088219062
0.6441273523796519 0.4677934039941786
0.6460912432174525 0.4670647051489683
0.6480441709544765 0.4663981638309756
0.6501661700035676 0.4653991982943601
0.6520034583335134 0.46485841506745557
0.653972878659438 0.4641137414724897
0.655910262153708 0.4632870425414158
0.65785442673586 0.46248147553538926
0.6596705676794253 0.46180196795268397
0.6615936604508298 0.46083362529070176
0.663347358600029 0.46027175729240893
0.6650521707163305 0.45952100242738264
0.6669168164427718 0.4586898151524789
0.6687963102391835 0.4581142706953241
0.6705579194528496 0.45720962289130257
0.6720937194829447 0.45662085116927736
0.6739249616326478 0.4557711007963317
0.6755450955137118 0.45494355832954175
0.6772321564851859 0.4540801945799274
0.6788418109303355 0.45327239760883026
0.6804040705441426 0.45270151891938143
0.6819680120641701 0.45181170252055664
0.6837025721270077 0.4512220540095688
0.6852395453259891 0.4505552997267604
0.6868567596397531 0.44964477662750985
0.6882863021923059 0.44875325108202985
0.6898089565579154 0.4480990162962712
0.6912082744683886 0.44744946334089547
0.6927670466917683 0.44648400306516606
0.694218388185735 0.4458195668073958
0.6956107316725569 0.44514087189007495
0.6970002792630942 0.4442264496921851
0.6984325341772984 0.44357190671673324
0.6998052523579578 0.4428363924285997
0.7012395108514612 0.44211521533590287
0.702494183137805 0.4411749579835094
0.7038811257491254 0.44053365789631466
0.705275902212735 0.4396453619796555
0.7064469826866352 0.4388652828526262
0.7078979559546353 0.43808867959172176
0.7091290225079584 0.43742031360728634
0.710297151880316 0.4366723067439267
0.711501333744668 0.43589289586387997
0.7128035523446713 0.4350633748913518
0.714032391132219 0.4342369714691163
0.7152989653242309 0.4335622372596745
0.7164193269954972 0.4328820146716668
0.7176083791655637 0.43191008554064153
0.7187702957111389 0.43121841130867306
0.7199043781035869 0.4303846488497432
0.7210717880275287 0.4297117831566258
0.7221978090690658 0.42908699286441304
0.7232380059483371 0.42810558729381204
0.7243141470754667 0.42733686372300234
0.7254598754887395 0.42662999220524594
0.7265326404677638 0.4258377356665675
0.7275259328327089 0.42509161339063234
0.7286256526215583 0.424151944855739
0.7296979058587284 0.42340792193448257
0.7306990571237865 0.4225678449163251
0.7316391791896658 0.42174574238351786
0.732599360703993 0.42103525935403224
0.7336838829493185 0.42035605424419137
0.7346717846686602 0.4195018806290481
0.7356600795557847 0.4187310980458783
0.7365952743179828 0.41807954324101587
0.737481862150844 0.4171076033531453
0.7385114476495996 0.41634897883547467
0.7393679016114943 0.41569746945773806
0.7402784638736247 0.4150271502716201
0.7411219247747968 0.41391037136257164
0.7420244904218388 0.4132242659423981
0.7428324859330296 0.4123750289084948
0.743782160323076 0.41171937225892813
0.7445904066080199 0.41098608969731093
0.7453901787632725 0.4101574786754904
0.7462923990278186 0.4092873633985937
0.7471898982035979 0.4084807258488217
0.7479490114839834 0.407761242700386
0.7487500509639243 0.4069852913477207
0.7495889494686591 0.40599100543433525
0.7503591744193475 0.40549382978467824
0.7510797511026227 0.4046652153090657
0.7518965578219311 0.40380175040571803
0.7526064698626677 0.40307382932841934
0.753359192383167 0.4023434216073259
0.7541765001858806 0.40147023405982935
0.7548365095210064 0.4007471987331886
0.7555819614420788 0.39992505336334255
0.7563746143047138 0.3990369812482379
0.757062464382846 0.3982475828320036
0.7577923062719777 0.397573770035
0.7583851753720326 0.39675630851461
0.7591273550570276 0.39577958362363846
0.7598272953149005 0.3950203550416665
0.7605224833169731 0.39413271468794836
0.7611095546552525 0.393785862194649
0.761799803787475 0.3929354397532348
0.7624522906622083 0.3919455755470321
0.763091328172767 0.39120966317439715
0.7637113860747339 0.3903530800016309
0.7643434342174865 0.389464783490674
0.7648522522908413 0.3888331720863009
0.7655592713153924 0.3878194290466031
0.7661945609662274 0.38707855011875486
0.7668009023169579 0.38642025552703957
0.7672900472007324 0.3854493272688662
0.7678829273366367 0.3847928160478031
0.7684909220024795 0.3839181917080831
0.7691397011707252 0.3831572972495135
0.7696357648769413 0.38233547861558476
0.7702992690702973 0.38155191623261336
0.7707604059104017 0.38091076032318655
0.7712934131497456 0.37991366678240784
0.7718126348286122 0.37926689915610107
0.7723794359221358 0.37827558790490085
0.772901889768289 0.37746454934458257
0.7734402857965604 0.37664666068520153
0.7739365327752862 0.37599620813266804
0.7744195047255543 0.3749772591885155
0.7749189114224434 0.3742541855369432
0.7754415841763432 0.37343247351549697
0.7758923983156255 0.372563537833202
0.776432879273867 0.37202358373742267
0.7769070954819332 0.3709761222358043
0.7773410072526513 0.37025876685979947
0.7778312079464046 0.36948983022432863
0.7783452327267032 0.3686522257478884
0.7787535481335278 0.36763546253656704
0.7792342336895238 0.36712468064003506
0.7796896601892521 0.3661576875098918
0.7801398403288607 0.3653755378805306
0.7805702356265823 0.3643923284515607
0.7810095445140687 0.36378114389138977
0.7813783213476485 0.36300887375971264
0.7818021693192175 0.3620550586517864
0.7822416516870595 0.3612367558063226
0.7826816074188602 0.3604107136042077
0.78307909706748 0.3596885194843013
0.783476171538286 0.35896314715115013
0.7838213510114894 0.3580622264038939
0.7842346374916175 0.3573953473608163
0.7847534857358273 0.35657803825565454
0.7850793791368224 0.35560110019093366
0.7854897652541609 0.3546133661787239
0.78581339193807 0.3539805017751842
0.786193220732602 0.3531376448747157
0.7865847851848894 0.3523701956126048
0.7869814179565237 0.35147256159615786
0.7873128615602468 0.35082921890169244
0.7876274864227023 0.35001223320840796
0.7880671141980363 0.3490837763414712
0.7884211312802855 0.3482184522709622
0.7887042620738688 0.34753404568670526
0.789103780227956 0.34670074046778404
0.7893723566284362 0.34583714972790586
0.7896990959160938 0.3451454525142013
0.7901028094355916 0.34428477463106705
0.7903707966864896 0.3436394965953355
0.7906925336903777 0.34248456679740386
0.7910172405218813 0.34170007913675376
0.791278035887183 0.34083678044950333
0.7916983571363677 0.3401006286615013
0.7919475598613516 0.33903084290738866
0.7922609236168058 0.33846388342369144
0.7926125222583823 0.3374455659798206
0.7929141212452117 0.3368409098184562
0.7931755344973471 0.3357681179378122
0.7934957674707664 0.33496003676289615
0.7937535934935481 0.3342081107367613
0.7940987223184547 0.333644563494545
0.7943554026438263 0.3328123688657488
0.7946270231700497 0.33179071313823055
0.7949356248010847 0.33087035032815
0.7951964579113421 0.33008690945553615
0.7954295391638194 0.3293375868326753
0.7957348073719704 0.3283481848123288
0.7959938231635041 0.32766522951571325
0.7962424347319755 0.32668314536174564
0.7965187084622737 0.3262668473264891
0.7967697295032393 0.32516423675881584
0.796946136842236 0.3244367637814148
0.797230049222302 0.32356013665289546
0.7974665397068016 0.3227401229462811
0.797731590562533 0.3220726426462434
0.7979790020688035 0.3210575039155708
0.7982032752781781 0.3201943692696629
0.7984534168086089 0.31935716292089983
0.7987020646554411 0.318616817312893
0.7989026322525136 0.31792681953185914
0.7991879566282755 0.3170394744035883
0.7993761120799209 0.3162912900127601
0.7996122019660442 0.31535181854642874
0.7998299047351639 0.31436494806949905
0.8000465157188096 0.3136628659154584
0.8002611198533441 0.3127357059969195
0.8004267484471125 0.3119153015090565
0.8006640846670522 0.3111671043736843
0.8008733653957553 0.3101545201370676
0.8011037539553229 0.3094113676210945
0.8013280617144675 0.30877448057285134
0.8014746946100227 0.3078246197447169
0.8016830099866893 0.3069647114431247
0.8018799176090275 0.30598502653456666
0.8021248671085571 0.3053349386052752
0.802255792423909 0.30436117423058456
0.802519940016926 0.303640411533669
0.8026666570523949 0.30289420377293447
0.8028203140426852 0.3019973222066587
0.8030587678733639 0.3010737263433267
0.8032171331386667 0.3003034526048514
0.8033790828711239 0.2994543013634939
0.8035625852763754 0.2985768966869721
0.803751011173259 0.2975883657107378
0.8039172157915823 0.2968852244031725
0.8040852640373134 0.2961921292532113
0.8042660305098285 0.2953848364562009
0.8044035378628588 0.29436108131449773
0.8045969325325247 0.293542446782928
0.8047619772862028 0.2927137186795485
0.8049287634538792 0.29170971890717007
0.8051031815860071 0.2908982553406278
0.8052510172810624 0.29018141821697313
0.8054130528591356 0.2894050035757762
0.8055616148721797 0.2884819927923589
0.8057624717866355 0.28784655632527073
0.8058622387714448 0.28692659887038335
0.8060398572503732 0.2858719117858813
0.8062005556947606 0.2851516465957464
0.8063306285558102 0.2841350354717957
0.8064609825448276 0.28352451173998333
0.8066165885908102 0.28264707536496897
0.8067632892116715 0.28174938578497705
0.8069252966576125 0.2807886350246627
0.8070325484663693 0.279943716094516
0.8071830761073263 0.2793106875083741
0.8073141749872635 0.2785119943929611
0.8074539123403001 0.2775175593863513
0.8075954158725521 0.27672464959101933
0.8077625314655167 0.2758685748136602
0.8078802241926223 0.2748833100471811
0.8079686902716395 0.2740123992263917
0.8081299763715856 0.2732145918542636
0.8082978462946401 0.2724114324803005
0.808376184559266 0.2715768856756741
0.8085130562132831 0.27084744373031927
0.8086407624501216 0.26995724423479434
0.808733936539067 0.2689025049180121
0.80884008438743 0.2684025479185916
0.8089962906014713 0.26739495874350866
0.8091105174055656 0.2665957184134576
0.8092042371499429 0.265802295917222
0.8093227615983779 0.26490582565775594
0.8094302116187636 0.26415395526682545
0.809539725918636 0.2630490528740835
0.809639969940826 0.26242411898448464
0.8097487217481255 0.26149210560562547
0.8098656540761607 0.26054372403503284
0.8099708311021362 0.259980683854856
0.8101000913315443 0.258794261686995
0.8101849073240296 0.2579844866858249
0.8102615681779767 0.25744229941120395
0.8104234864356533 0.2562061230952633
0.8104986652451504 0.2555316701812124
0.8106069264772716 0.25475740818726417
0.8107268805727842 0.2540232436199111
0.8108111248514168 0.2531153709755521
0.8109158457468816 0.2520442239247233
0.8109805317392483 0.251255158945126
0.8110905372731453 0.25069651825089584
0.811183615634124 0.24951075857537525
0.8112851966074573 0.2486789077040667
0.8113811291596812 0.24791627379570175
0.8114493737406513 0.2470885763746961
0.8115517107533877 0.24614411947307907
0.8116671545114394 0.24525279783794424
0.8117399624524048 0.2445791359275245
0.8118101675827997 0.2435740271755315
0.8118840316612016 0.24275603169739163
0.8119843451242234 0.24192016456001414
0.8120916596792965 0.2411113221759918
0.8121589590817008 0.24014860798688403
0.8122504499751187 0.23944278896699694
0.8123090135186618 0.23871674056781372
0.8124076204638776 0.23781971906033766
0.8124730028003714 0.2366106558846452
0.8125519569936027 0.23577716801156884
0.8126463938686509 0.23511581513062857
0.8127465295367177 0.23443482645706132
0.8127816075228832 0.23331154590410458
0.8129045603733819 0.23269345728924
0.8129477290666983 0.2318729538482593
0.8130212818035866 0.23075439498252087
0.8130893966665941 0.22997420504256555
0.8131758460886175 0.22919240338526886
0.8132322473105004 0.22827606132727168
0.813325252852832 0.22758542498581685
0.8134028320335095 0.22663373578878548
0.8134677266521454 0.2258378768115164
0.8135272613854155 0.22484613221213628
0.8135865935597132 0.22413017868529655
0.8136565252681008 0.22313674725885596
0.813715616541902 0.22234645653634338
0.8137975618988228 0.22150981500398975
0.8138604344630579 0.22051954713479732
0.8139391173386082 0.2199053728131803
0.813981026986237 0.21908388108101468
0.8140558659015366 0.21805500711266695
0.8141125249465252 0.2173451960211769
0.814168568354582 0.21617320564043013
0.8142171153717407 0.21537884191527418
0.8142994337221693 0.21460861099423995
0.8143601641931667 0.21373733103636733
0.8143884458849672 0.21307242563598766
0.8144590192006332 0.21188451422485471
0.814513365235238 0.21116407721939973
0.8145850975413366 0.21032129291092
0.8146156663847225 0.20952405749791775
0.8146944648355571 0.20861260574886237
0.8147486500802893 0.20767945953087746
0.8147967870103404 0.20696250469190097
0.8148472683701001 0.20610578900725446
0.8149234195724654 0.20528785171022962
0.8149494096407951 0.20408111949704338
0.8150001868567901 0.2034409969496242
0.8150689651905233 0.202681366317584
0.8151203765912133 0.20160791857350496
0.8151695354099538 0.20096369875541448
0.8152310580165903 0.19983503936916397
0.8152928082622982 0.19911403893181984
0.8153131035898068 0.1982674519657222
0.81539283942886 0.19753615105440442
0.8154053155966995 0.1965438288467643
0.815468782325243 0.1959169228346846
0.8155154154898544 0.19493945853406763
0.8155554515188145 0.19391756358518336
0.8156218664414142 0.19323513964592426
0.8156365141682073 0.19207466848375748
0.8156974429765417 0.19160329597759856
0.8157415340336688 0.1907188067113315
0.8157703163731368 0.18991054916544764
0.8158172915893317 0.1888739859081458
0.815854310733182 0.1881751291525115
0.8158857443000366 0.1872944564515427
0.8159516246694304 0.1863970316472064
0.8159852976424004 0.1853608597155117
0.8160431137067153 0.1843284391999786
0.8160804425877418 0.1838601393692229
0.8161066279852484 0.18299673741859995
0.8161577623698791 0.18199031472910981
0.8161814651094387 0.1812565428077731
0.816239336732476 0.18033836070024428
0.8162642329184892 0.1794473748323568
0.8163144534790646 0.178806277370485
0.816343498016905 0.17786957095523398
0.8163875701073348 0.1770012384782162
0.8164159852127327 0.17594395931454637
0.8164516780773764 0.17526577791302783
0.8165021938432743 0.17433552503240896
0.8165349635647304 0.17351694232574383
0.8165625010077678 0.17255404050441286
0.8165708905984225 0.17187654989331408
0.8166389344675605 0.17101350920267172
0.8166550476020004 0.16996624253713705
0.8166950799758858 0.16910382471529223
0.8167301221169408 0.16835764511626433
0.8167939846693225 0.16743422690172022
0.8168119416889722 0.1667004011754178
0.8168627161550522 0.16572285877913545
0.8168620800399459 0.16473054615142618
0.8168802787746078 0.16425946436071287
0.8169244006452773 0.1631031429324828
0.8169520486446259 0.16244227676060868
0.8169986753938422 0.16157309325912023
0.817028923229047 0.16073129920738255
0.817061245927544 0.1598732376175938
0.8170665165349403 0.1589377256156052
0.8171065623983526 0.15830304772569875
0.8171329382646325 0.1571924017031346
0.8171743940954169 0.15641960495604318
0.8171959871546982 0.15546416607981411
0.8172246304813607 0.15474223830514794
0.8172690877472527 0.1538369577671192
0.8172931938310583 0.15295081605909605
0.8173119520669462 0.15217056872942353
0.8173332698322734 0.15118163063099516
0.8173632670293985 0.1504635795487605
0.8173933662957079 0.14950031593876995
0.8174121701932923 0.14865660515359452
0.8174400706162835 0.14800579029280064
0.8174711096602688 0.14696583791971723
0.8174894350945717 0.14610572985788312
0.8175023251095132 0.1452070199041508
0.8175315690793058 0.14464976853913797
0.8175674993173138 0.14370426097392625
0.8175824199923053 0.14308730826274102
0.8176274072730948 0.14197761015775584
0.8176366267179472 0.14088908732341393
0.8176623300859832 0.1399730198138726
0.8176869245058299 0.1393216628837512
0.8177008550422938 0.1383606514490286
0.8177218494863513 0.13752417172897496
0.8177546422305536 0.1367360571689447
0.8177592691643486 0.13562008633823824
0.817796997108475 0.1351722984845592
0.8178169427037772 0.13415552316671248
0.8178450908221883 0.13353641281273348
0.817857129482151 0.13247585080813956
0.8178694228131264 0.13160703203816898
0.8179118969896698 0.13095786568107232
0.8179293032307181 0.1299199316404594
0.8179367142612658 0.12908907199187186
0.8179597567096072 0.1282348430119386
0.8179911224144437 0.12715933298520127
0.8180062690532369 0.12670897175188883
0.8180236623302525 0.12573374156289213
0.8180581017958365 0.12496928965124227
0.8180701575033217 0.12387484040977575
0.8180931389319474 0.1231242506995765
0.8180917181932373 0.12236885557815708
0.8181165387774859 0.12155689380645912
0.8181300204393601 0.12052117170059956
0.8181612780274757 0.1196545301246072
0.8181765454319486 0.11877790483391965
0.818189365383985 0.11780851882182791
0.8182033629672053 0.11711360918834751
0.8182222921486478 0.11635686085634894
0.8182556425896012 0.11550702836828991
0.8182684209027397 0.1147597169113041
0.8182902140185276 0.11381375305424996
0.8182823601148351 0.11290832710680748
0.8183171118808427 0.11192090716644926
0.8183183797583057 0.11093665668073899
0.8183369866150555 0.11054946382070402
0.8183528224855786 0.10968736876724744
0.8183703774364238 0.10857128955667622
0.8183938308510154 0.1078239798764778
0.8184036496392947 0.10699456688404335
0.8184193617664958 0.10601518578093577
0.8184372302735502 0.10528030993468379
0.8184544789216374 0.10423378897593422
0.8184650082133301 0.10371080523079496
0.818484816869434 0.10267229196382471
0.8184973431513208 0.10184186878383067
0.8185032769087627 0.1010414577965208
0.8185265171831205 0.09995881231823883
0.8185278899744678 0.09929830625337904
0.818547435590195 0.09855711021570851
0.8185717804527427 0.09774747321096983
0.8185853477152464 0.09682302081756095
0.8185916702595973 0.09582942432132807
0.8186127394510018 0.09509350917022136
0.8186180168718963 0.09434749725942532
0.8186309636197925 0.09358573803273657
0.8186469957216759 0.09261840698305784
0.8186486171539392 0.09191769537456612
0.8186671406383389 0.09081237579153395
0.8186806021861314 0.08994089110370046
0.8186733586389751 0.08919798202882617
0.8186976234995916 0.0886129277686501
0.8187226332450591 0.08758451411781981
0.8187338841804385 0.08667645606430857
0.8187387883948575 0.08582072142612501
0.8187608331241844 0.08492798828360043
0.8187592828756592 0.08435748818778172
0.8187820458467708 0.08326730313968461
0.8187935625591246 0.08262102805976085
0.8188012467074964 0.08167724394052339
0.8188045887191421 0.08102103754899109
0.8188272022750797 0.07993139739560345
0.818831375672341 0.07918765266950417
0.8188345427331397 0.0783031426751582
0.8188559292047292 0.07729282019043321
0.8188694253493102 0.07654495055791583
0.818871912704921 0.07574886068243308
0.8188843072724022 0.07511999483601134
0.8188952266066948 0.07426451026510444
0.818907927089911 0.07306758626753401
0.8189172028941919 0.07256163383691322
0.8189352871177168 0.07172785118626496
0.8189344124481489 0.07084204178072656
0.8189418703395354 0.06998793553978039
0.8189458607922379 0.0691049196929851
0.8189551697281553 0.06848362548521575
0.8189673432139043 0.06735127825274462
0.8189812000412079 0.06672082268400831
0.8189888389945214 0.06580400623072097
0.8189978434121173 0.06496163775435054
0.8190066747736732 0.0643516336674193
0.8190168393599192 0.0634853723975029
0.8190171196347905 0.06248207401525956
0.8190312192105219 0.06168793461846638
0.8190539727926315 0.06081131456095495
0.819046113920589 0.06000939336117899
0.8190514244601897 0.05913725977570366
0.8190612770652214 0.05841324001963893
0.8190730856785918 0.0575875741022313
0.8190794483619822 0.05673782198859161
0.8190902895086717 0.05598112771962576
0.8191006117691234 0.05510222562784144
0.8191059668694417 0.05431750471876733
0.8191054075039038 0.05316077818912739
0.8191241785501252 0.05271513573127933
0.8191270506233043 0.05163859043986923
0.8191335558735325 0.05105578194106002
0.8191459683653411 0.05027830006349914
0.8191493068605614 0.04937139822462793
0.8191662568337278 0.048359581624263064
0.8191676127593787 0.047561384029901115
0.8191798556030444 0.04683764164447551
0.8191810225017674 0.045997235548134556
0.8191916822454847 0.04525552915636349
0.8192042625986914 0.04417909884614984
0.8192084131121572 0.04357856307090829
0.8192092318397942 0.04277770149063891
0.8192211239079968 0.04185517568391977
0.8192154337297076 0.041118898410858855
0.8192300663985502 0.04002310339069253
0.8192370575818221 0.039542301913119186
0.8192400913209824 0.03863206831015636
0.8192465303797668 0.03802807208437247
0.819252911490184 0.037002239854344525
0.819259888741615 0.03612033349654769
0.8192660286627252 0.0353693995125906
0.8192754614490393 0.0346617462940259
0.8192811878797007 0.03367039113039321
0.8192896482311077 0.03318916929632359
0.8192828208085957 0.03215349290945851
0.8192920710290369 0.03164222086374673
0.8192988307864243 0.030582940396083384
0.8193186194496703 0.029449741724098803
0.8193156754809902 0.029035973208739567
0.8193262083514364 0.028102856423402094
0.8193260046228467 0.027341161811453234
0.8193362922898672 0.026508243925160206
0.8193272971334719 0.025719178385509682
0.819340064244244 0.024907135667460327
0.819344323173748 0.023955523236432734
0.8193464699166152 0.023272560876386676
0.819350644774037 0.022572552709092912
0.8193510573985417 0.021616095275821805
0.8193678544346975 0.021065439664608658
0.8193687222068157 0.020152686559991966
0.819381608850052 0.019509299784884075
0.8193867043396094 0.018329475631815022
0.8193908636551249 0.01757075197954399
0.8193932225607817 0.016896651065171735
0.8193984013024497 0.016256272617740146
0.819398680659912 0.015380233253323656
0.8194093126357304 0.014389696181940243
0.8194085449555614 0.013605285279987661
0.8194189437420555 0.012841829598543459
0.8194115179232385 0.012024714162365552
0.819420370945038 0.01130879804143053
0.8194271293166769 0.010439686671702525
0.8194322834736959 0.009655513171518632
0.8194402466208691 0.008941200807437927
0.8194412735456845 0.008138021206114671
0.8194443303302598 0.007346099145779378
0.8194457841677839 0.006652565255818416
0.8194516586003463 0.0056618242965496505
0.8194607263512711 0.004843791567661843
0.8194661328648508 0.004186740558874852
0.8194625449948282 0.0033709144976649622
0.8194683616121826 0.002599551376672721
0.8194677041426942 0.00187352574835758
0.8194783476017876 0.0010339410684310716
0.8194826000236334 0.00018420065371121432
0.8194839412526479 -0.0002377798321803789
0.8194820124795897 -0.001382869947926196
0.8194923747039345 -0.002010945821957327
0.8194956156904788 -0.00270594987861667
0.8195007813667924 -0.0037826348273484797
0.8195028275423221 -0.0044667615956359204
0.8195077244474948 -0.005206849243692696
0.8195162631078056 -0.00607810632692391
0.8195233406150967 -0.006802369931069923
0.8195153544215114 -0.007535802332071467
0.8195253044735759 -0.008332757603010171
0.8195234434053807 -0.00913738288533445
0.8195277904862347 -0.009848358222712522
0.8195304280405363 -0.010628579671924382
0.8195389272806021 -0.01151672673830712
0.8195441211194142 -0.012272534754023184
0.8195342985016602 -0.01294088025839541
0.8195440186967401 -0.013701506976431637
0.8195459688106853 -0.01448484955507196
0.8195509017745995 -0.01536870334744917
0.8195594038551172 -0.01589597653375425
0.8195524037213527 -0.016904542951592667
0.8195607349407149 -0.0177028994202691
0.8195663778436509 -0.018309469655180828
0.819565334273577 -0.018918683749614758
0.819569140382772 -0.019814648368168992
0.8195731997445909 -0.0205720884625294
0.819576400671192 -0.021431853139706476
0.8195834197396615 -0.022112879649098312
0.8195782325988722 -0.023018298575585412
0.8195836076087625 -0.023484948165991844
0.8195860841740671 -0.024215622316341175
0.8195852315891635 -0.02502986669046154
0.8195943975611814 -0.025767100198028588
0.8195938009775022 -0.026638793315413474
0.8195940474188971 -0.02752837732461983
0.8195976639641539 -0.028214493094694544
0.8196007207791857 -0.028816031970040075
0.8196016615930305 -0.029837509902938715
0.8196068575025118 -0.03032624199425133
0.8196109830744535 -0.031086286649544777
0.8196107058778069 -0.03203442294597709
0.819615841049336 -0.032694593087351294
0.8196185255308707 -0.03337909425741354
0.8196185820740226 -0.034098778601468434
0.8196237540113506 -0.03489090230070541
0.8196211696163113 -0.03548612631205745
0.8196266990822477 -0.03627906915001639
0.8196258610426922 -0.036962059285838574
0.8196311053573045 -0.03785020200403639
0.8196334951971226 -0.03854989943745663
0.8196359318579715 -0.039430695677509627
0.8196350824700486 -0.03993427196310657
0.819638427966152 -0.040638498814284114
0.8196418014370918 -0.04153287497328135
0.8196403770280573 -0.04210305806506027
0.8196450136444545 -0.042843271099346776
0.8196487697038278 -0.043648089992374746
0.8196488725247325 -0.0444158049738786
0.819652733370846 -0.04510732416833336
0.8196486479017767 -0.04583599927768473
0.8196540738666424 -0.04660319338705638
0.8196540962250681 -0.04735553521461095
0.8196569866127913 -0.04796170260662964
0.8196627076811595 -0.048771334909449134
0.8196553186989629 -0.04934549474012357
0.8196679922639808 -0.050196643856752106
0.8196712075985472 -0.05078274587750737
0.8196695951067102 -0.051518456645600126
0.8196766585476368 -0.05225907275826475
0.8196725417883862 -0.05306945929216573
0.8196722278786387 -0.053643616406873935
0.8196786517440257 -0.05453220555108013
0.8196788835223389 -0.05533955230762639
0.8196815780270722 -0.056031262835903935
0.8196837069805988 -0.05662673666896518
0.8196864563259897 -0.057058452514146936
0.8196868344481206 -0.05802228880215738
0.8196829821273631 -0.05858809430207241
0.8196854280498292 -0.05918551857799876
0.8196907816521314 -0.06007407687461425
0.8196928793492203 -0.06070588990320431
0.8196898910913403 -0.0613629767115303
0.819694030911854 -0.06218020934720631
0.8197003766529364 -0.06273357677057073
0.8196974128320959 -0.06366772560313011
0.8196971424729599 -0.0643497981827425
0.8197020610482654 -0.06482074259021636
0.8197045550427465 -0.06565218519326205
0.8197029590710564 -0.0663896313282693
0.8197032181524867 -0.0669712461631154
0.8197010041460872 -0.06762585757320011
0.8197064273390354 -0.06847383639170163
0.8197106553092196 -0.06904346277686263
0.8197071151146872 -0.06957669744115519
0.8197122981647057 -0.07033551487110251
0.8197137325979728 -0.07107970514313494
0.8197150761457933 -0.07168479534636901
0.8197169270559054 -0.07245127506289067
0.8197150246952262 -0.07288271825830522
0.8197207468428295 -0.07369343528827549
0.8197194722606401 -0.07427857879575278
0.8197217517202567 -0.07504002085880285
0.819722407474181 -0.07583892113939933
0.8197237165497872 -0.07636937159598373
0.8197265799150254 -0.07711690216487638
0.8197260228171207 -0.07767472704380946
0.8197261835824575 -0.07831277168651368
0.819731372062647 -0.07897987903196152
0.81972988413488 -0.07963950974611894
0.8197323176335657 -0.08033623040954224
0.8197352003663597 -0.08108414229033017
0.8197311599354992 -0.08166238247406415
0.819732829351601 -0.0823815689751281
0.8197348664996328 -0.08289963383919768
0.8197366472578717 -0.08348757292765846
0.8197401362969444 -0.08436865641295305
0.8197400006212937 -0.08485318642943823
0.8197401625530026 -0.08562240250950809
0.8197427005405008 -0.08628224767264331
0.8197407647110414 -0.08676780345980933
0.8197415687827693 -0.08734033425606808
0.8197430929065165 -0.08811273014017346
0.8197461470991118 -0.08871232975319426
0.8197452431326996 -0.08935177600740846
0.8197503294070455 -0.08996989107743952
0.8197455773697963 -0.09051773793176615
0.8197546336907199 -0.09132050864332591
0.8197499178201785 -0.09173768781862052
0.8197504908781673 -0.09242412175436782
0.8197540510898528 -0.09313297117414227
0.8197537791755044 -0.09377850115934344
0.8197550363169764 -0.0943931663401722
0.8197579514649848 -0.09486132192973157
0.8197606980462565 -0.09549442497387867
0.8197563742110562 -0.09606699721712914
0.8197575558568216 -0.09678480397974859
0.8197602561589846 -0.09743826801397731
0.8197611746134904 -0.09813980985348697
0.8197650855437341 -0.09852011521439191
0.819759327228314 -0.09928988268842148
0.8197632037325547 -0.09978909049506507
0.8197667028665897 -0.10038624035376104
0.8197637380961772 -0.10099073194997327
0.819765857620106 -0.10171161361595932
0.8197671962297509 -0.10233688066325536
0.8197645860107748 -0.10273358919827785
0.8197673951646957 -0.10322266739322633
0.8197711009972309 -0.10395241545060624
0.8197699458466762 -0.10448241829076471
0.8197710867593294 -0.10507990747848056
0.8197686306889519 -0.10554817629888141
0.8197722623605269 -0.10623171026547024
0.8197712786029608 -0.10684200739697719
0.8197743535931109 -0.10736904245263507
0.8197720354435231 -0.10794301714494231
0.8197766007821784 -0.10851066181883479
0.8197715353357989 -0.10885741733020687
0.8197744817417828 -0.10975843499864119
0.8197801400549211 -0.11021836173633531
0.8197769642157212 -0.11058377683754256
0.8197785685703217 -0.11142783202565038
0.8197785164280252 -0.11191963191060278
0.8197803747184641 -0.11232567185417736
0.8197811064385677 -0.11287429821020806
0.8197822211484912 -0.11354073407050985
0.8197806128154851 -0.1142880593168723
0.8197826871961634 -0.11461090610090335
0.8197824190090016 -0.11517019829188518
0.8197832887247362 -0.11563783806525435
0.819783642106305 -0.11624276708111275
0.819783774951964 -0.11686573255089211
0.8197848251780425 -0.11728544452704565
0.8197856088883125 -0.11787762093261417
0.8197881016846392 -0.11828736084359398
0.819785569075394 -0.11888160000979148
0.8197878843115601 -0.11946410149612058
0.8197895983683022 -0.11983908686844219
0.8197893082623534 -0.12054885225949646
0.8197901852845478 -0.12103824280481984
0.8197906286001854 -0.12125838116594129
0.8197914671183287 -0.12202865053772444
0.8197898982868569 -0.12244852093597675
0.8197928401380391 -0.12297418722154335
0.8197902691226681 -0.1234190296402114
0.8197916843927492 -0.12389332117368884
0.8197938592431818 -0.12438267357348726
0.8197957943557311 -0.12499171311950158
0.8197934036057405 -0.12534174049338181
0.8197941093075821 -0.12582741775109846
0.8197969136236011 -0.12629243699531695
0.8197934419393821 -0.1268860607180407
0.8197973234425476 -0.12725138033436428
0.8197977252606169 -0.12767268531048886
0.8197975824864837 -0.12820486943613701
0.8197960721106207 -0.12867796830289008
0.8197974068047135 -0.12923476946416185
0.819800309829101 -0.1297142663889908
0.819798646623409 -0.13022625714940178
0.8197984098489807 -0.13040214690505764
0.819800096059223 -0.13101821295319754
0.8198006867896418 -0.1313817106570449
0.819802290246821 -0.1318936313005737
0.8198021612527363 -0.13230923121058807
0.8198017274861086 -0.1328315447968002
0.819801024193563 -0.1332151942847814
0.8198048608638006 -0.1336193381241309
0.8198029740639688 -0.13410227102525868
0.8198052181553553 -0.13446465006501535
0.8198034830557398 -0.13483380974141218
0.8198045898964536 -0.1353550187028601
0.8198079916471591 -0.1358626548965513
0.8198048201317739 -0.13610337457489546
0.8198065676439145 -0.1366042587249217
0.8198064068225038 -0.1370261502387246
0.8198052261532324 -0.1373558761075327
0.8198064513809232 -0.13768614958297004
0.8198073558111317 -0.13811143418240296
0.8198073937059166 -0.13857822955848859
0.819808778496632 -0.1389509432324641
0.8198073397706614 -0.13925340947411796
0.819809775535478 -0.13982550769833973
0.8198088858495137 -0.1402157903009414
0.819808896571511 -0.14057973953703123
0.819811212102406 -0.14096351719358363
0.8198106689301602 -0.14132791797813854
0.8198107705323626 -0.14154965370048528
0.8198100412313686 -0.14195841725298158
0.8198126465642722 -0.14229920290563364
0.8198121224392513 -0.14257842643336255
0.8198126014386421 -0.1429730157500692
0.8198126236458138 -0.1434024135284468
0.819812744067748 -0.14363643499973827
0.8198141870645038 -0.14413540219197535
0.8198137401752353 -0.14427585075947896
0.8198137187769438 -0.14467585212087147
0.8198150185655274 -0.14506268408990347
0.8198144201202541 -0.14531819047695765
0.819813762361442 -0.1455768347746425
0.8198150123220321 -0.14599924858513708
0.8198161978412454 -0.14632466638763503
0.8198151795330199 -0.14653005457200635
0.8198169386801041 -0.14692746549302954
0.8198160130541393 -0.1472650040808356
0.8198170345895132 -0.14756374548668555
0.8198176096027342 -0.14773063241753864
0.8198186618468236 -0.14799799946371445
0.8198179977017633 -0.14832762404657535
0.819816852549137 -0.1485019367791603
0.8198165560532925 -0.14871357890548692
0.8198164185309548 -0.14910490553704342
0.8198190491797915 -0.1492958690935164
0.8198184515190649 -0.14969033517721014
0.819818505098051 -0.14972259595294107
0.8198189630292018 -0.15005533474223426
0.8198212883367088 -0.1503444796488725
0.8198185279701325 -0.15050115889801524
0.819820147260376 -0.15072710338419543
0.8198205665632382 -0.15102550491603922
0.8198208896899372 -0.15121925407414488
0.8198214679075783 -0.15140349393723446
0.8198233159255929 -0.15165848065867
0.819819958661251 -0.1518071010771262
0.8198210614176028 -0.15205445203421347
0.8198198942833436 -0.1522663117085012
0.8198220015849219 -0.15234890603418877
0.8198231891777149 -0.1526260541363264
0.8198218318767393 -0.15269167574081205
0.8198226253907629 -0.15283823024303306
0.8198240333016772 -0.15309449224325383
0.8198238543548605 -0.15321152071909966
0.8198235525264422 -0.15340274534286252
0.8198242182412742 -0.15347381601170124
0.819825374411188 -0.15366884266465058
0.8198238176794531 -0.15380271439560494
0.8198245396295126 -0.1539421962061342
0.8198232620161331 -0.15406879348147356
0.8198244982028658 -0.1541221656206227
0.819825768866515 -0.15424039425783026
0.8198239053952235 -0.15432131041251945
0.8198258579192078 -0.15446433240604523
0.8198268215610413 -0.15460500543913896
0.8198251786268146 -0.15463392938429793
0.8198258982540206 -0.15465524570300865
0.819826750959158 -0.1547570657006591
0.8198257077415637 -0.15481489973727675
0.8198262765898713 -0.15487853986549455
0.8198264450776774 -0.15497743408517334
0.8198277061639293 -0.15499521205598893
0.8198268741676317 -0.1550219140051588
0.8198273255857563 -0.15505886565501475
0.8198268220335357 -0.15505914797258974
0.8198283244571895 -0.15508398274918894
