#C1,C2
-0.18015553835527906 0.5663911721158686
-0.17915555643977132 0.5655417072584328
-0.1781555710532851 0.5649862119600026
-0.17715559014824545 0.5643688072905579
-0.17615560402548044 0.5634630884399755
-0.17515561774772564 0.5627778577238105
-0.17415563330243375 0.5620985894931807
-0.17315566023637022 0.5611347312857687
-0.1721556735831998 0.5605403354384583
-0.17115569343706602 0.5598971186562403
-0.1701557115750632 0.5592311248148634
-0.16915572544811794 0.55857242596041
-0.1681557409259614 0.5577308885690684
-0.16715573960148958 0.5569307138293991
-0.16615575997492443 0.5562971500329291
-0.16515580655838827 0.5556207680532118
-0.16415581056704373 0.5548415629312148
-0.16315581843090882 0.5540706627938972
-0.16215587541424745 0.5534593456031718
-0.16115584920844128 0.5527426698198089
-0.1601558588441089 0.5519610809143835
-0.15915587096022035 0.5511145624452654
-0.15815593923025487 0.5505549221977308
-0.15715591837876516 0.5497086323906523
-0.15615594483559062 0.5490805758702312
-0.15515595274106733 0.5483679841618889
-0.15415597036261278 0.5477557209268017
-0.15315599243321934 0.546895505159498
-0.15215600924052775 0.5461221265544939
-0.1511560200219871 0.5455169321620873
-0.15015604374688193 0.5447538001019782
-0.14915611687463523 0.5439772118456525
-0.148156081623641 0.5433162362697257
-0.14715606573010245 0.5426449868108703
-0.14615611122173305 0.5417719778094243
-0.1451560844185831 0.5412569358326307
-0.1441561252837106 0.5403526435580963
-0.14315611648454205 0.5396969237968455
-0.14215613726066453 0.5389307971864739
-0.1411561442938482 0.5381809335290211
-0.14015620728532294 0.5375718128240273
-0.13915619584292604 0.5368716920022987
-0.13815619458435985 0.5360940698809523
-0.13715626313105211 0.5354739999933461
-0.13615625780459376 0.5348202995820003
-0.13515632509243197 0.5338523966261173
-0.13415630249525337 0.5332491638724681
-0.1331563468475145 0.5325026096203279
-0.1321563366652168 0.5317047387451619
-0.13115630269691123 0.531015568004125
-0.13015634088251035 0.5302444624796033
-0.12915632242851663 0.5296035832335656
-0.1281564249200659 0.5288878330520602
-0.1271564843142858 0.5281345238432444
-0.12615648016560682 0.5274183046330064
-0.12515645885597318 0.5266095009126144
-0.124156498121936 0.5259482385779626
-0.12315651647623241 0.525203420553843
-0.12215653465058648 0.5243834433947729
-0.1211565425679958 0.523815347442243
-0.12015649030319267 0.5230444041101892
-0.1191565005059774 0.5223029252544662
-0.11815659842683965 0.5216258069847068
-0.11715658017759753 0.5209532776250776
-0.11615666317059506 0.5202575447501699
-0.11515668508354718 0.5195572938929657
-0.11415661669405991 0.5187133761687394
-0.11315663431678377 0.5180323562136095
-0.11215676101485006 0.5174675396126797
-0.11115674192051166 0.5166159935727306
-0.11015664907461781 0.5158383894861576
-0.10915674031038829 0.5152330228895059
-0.10815675685384765 0.5144823105252777
-0.10715667878664187 0.513629247106315
-0.1061567913715095 0.5129915206445396
-0.10515679569337494 0.5121963167734886
-0.10415674199511946 0.5114390149744985
-0.10315677517433888 0.5107726443685573
-0.10215688723419677 0.5100689546238957
-0.10115692857015683 0.5093551127453636
-0.10015683983105302 0.5087309976145881
-0.09915695020969297 0.5078321197337253
-0.09815691388889933 0.5072521581896138
-0.0971569413621958 0.5064714921709013
-0.09615705048222087 0.5056900299516965
-0.09515705364036056 0.5049904418022835
-0.09415696235890149 0.5043096473955367
-0.09315694381391149 0.503700163816842
-0.09215689970359592 0.5027778167046184
-0.09115703375062731 0.5020130764928874
-0.09015699803749158 0.5014559731926796
-0.08915720908293065 0.5007851625500103
-0.0881570269871073 0.49988368035989367
-0.08715704267537144 0.49935670720391895
-0.08615707416063974 0.49863593566802583
-0.08515706860013798 0.49774886447528593
-0.08415730011880371 0.4970835312514564
-0.08315723440718252 0.49633550729086856
-0.08215713102890382 0.49569164256543535
-0.08115710359643147 0.49504356738211114
-0.08015719809070525 0.4942201473428423
-0.07915732605160335 0.4935499618048435
-0.07815724149518014 0.49273073798576644
-0.07715727846729357 0.49200374736781244
-0.0761571787841043 0.49141241398959606
-0.07515734101061876 0.49054508042053285
-0.07415724641042355 0.48995262260294886
-0.07315738688651538 0.4890603917104916
-0.07215737968585756 0.4884757760332185
-0.0711574009230467 0.48767078409391057
-0.07015732015832678 0.486988421404782
-0.06915740743465049 0.4862558506584466
-0.06815733666244123 0.485552347290272
-0.06715743268347153 0.48491681918682356
-0.06615746542574386 0.48425915843597117
-0.06515769862682592 0.4833157699965736
-0.06415744934872002 0.4826288499651216
-0.0631576536247171 0.4819706122091801
-0.062157607724589246 0.481140069029006
-0.06115754106661538 0.48044969521463315
-0.06015729617199272 0.47975349956803154
-0.05915768889757903 0.47895796036481925
-0.05815761418261845 0.47836004364226076
-0.05715776857028935 0.47752609212021885
-0.05615757892596824 0.47701128497374296
-0.055157729097185186 0.4761091967371632
-0.05415770727147246 0.4754045538807145
-0.05315749406764495 0.47482582852003047
-0.05215759201763651 0.47419076088428475
-0.051157574150616676 0.4733001389162102
-0.05015775510276516 0.4726216119141989
-0.04915767665192692 0.4717625114159573
-0.04815784840016119 0.47125957509924926
-0.04715781306020873 0.470375523534785
-0.04615761221434584 0.4696869535796138
-0.045157698508586176 0.46886170956169176
-0.0441577679444038 0.46832483217734094
-0.0431579212691918 0.4676355512047689
-0.04215789604516918 0.4667676120331374
-0.041157799045641076 0.46614338110379744
-0.04015779970083092 0.46518415280227493
-0.039157986738389196 0.4646876900155024
-0.038157766766261265 0.4639017597969211
-0.03715792711455105 0.4631671020903528
-0.03615800055395411 0.4624490936585676
-0.035157952981555975 0.46182258168105345
-0.03415785287352258 0.46096406731327816
-0.03315778965623104 0.4603430978773008
-0.03215823779100788 0.4595399741264144
-0.031157949609431614 0.4588806892201384
-0.03015802245016181 0.4582014565216727
-0.029157970279629665 0.4573909686528527
-0.02815826065970873 0.4566735350204338
-0.027158154910287204 0.4559758356997508
-0.026158059325520046 0.4553232392182241
-0.02515831530642585 0.45450196998016884
-0.024158186457738186 0.4538341630222417
-0.02315828384560229 0.45295909251541006
-0.022158041242401734 0.45235152953117114
-0.021158420074103797 0.45160967267705837
-0.020158220032032 0.4508765106418869
-0.019158383677930803 0.45025227252615335
-0.018158440799849913 0.44949103871898516
-0.017158220511644985 0.44872757713003525
-0.016158251836948252 0.44802555731719534
-0.015158161750652049 0.44727573935227155
-0.014158320253767764 0.44655892641382705
-0.013158289640170578 0.4458677554624488
-0.012158165717590574 0.4451306479095513
-0.011158447458243547 0.44436586528952454
-0.010158271110310623 0.443819537715551
-0.00915837247106483 0.44299273277421075
-0.0081581347417703 0.442313552922818
-0.007158276792097079 0.4415447137583666
-0.006158357433788708 0.44085395276329137
-0.0051583714063310245 0.4402117368215625
-0.004158537651032501 0.43937665574373425
-0.00315830371823631 0.4386918526590174
-0.0021585271537508718 0.43805873958158853
-0.0011586027607322965 0.43715901509516547
-0.0001584272184880272 0.43663161494774333
0.0008415745762263786 0.4359133108607795
0.0018413015678120318 0.4351215852935944
0.002841663426269814 0.4343194846095885
0.003841229795137258 0.43376302338330913
0.004841188848259565 0.4328534156987614
0.005841197577675339 0.4320726206807361
0.0068412528672119 0.43152935894057215
0.007841022023964495 0.43074762251486226
0.008841303709410908 0.43002453134360635
0.009841386345186965 0.4292303198000687
0.01084129502982164 0.42861754447214645
0.011840899173595232 0.4278700637278912
0.01284107225610503 0.42721297127462093
0.013841068519096828 0.4264502372634213
0.014841181715137037 0.4256765235824423
0.01584120764910201 0.4248399428079714
0.016841289454881246 0.42433967382498156
0.01784079661563747 0.4235658218294271
0.018841115931273987 0.4227289038102608
0.0198410145018559 0.42215607244365966
0.020841008733115056 0.4213600970415325
0.021841028414576406 0.4206027152535035
0.022841155545276264 0.4198503309264177
0.023841080755184228 0.4192181923795005
0.024840989971589754 0.41848870776243613
0.025841004786323417 0.41770038037296237
0.026841165666890897 0.41705800809756427
0.027840825202401658 0.4162576819592227
0.028841010213837025 0.4155190124921517
0.02984076194936313 0.4149189379079457
0.030841175677901088 0.4141690220370385
0.03184086406734759 0.413326758962882
0.03284104449736885 0.41272872198231797
0.0338411106985017 0.4119821662978073
0.03484070272238642 0.41115693117233604
0.03584089110786675 0.41053129009619543
0.03684066594898044 0.4098354968971963
0.03784074626644867 0.40913154642651556
0.038840767466690816 0.4083636569526791
0.03984110211821983 0.40757214108556133
0.040841118733244273 0.40695991925866654
0.04184098907856198 0.4061992852215403
0.04284068103525356 0.40534924654741306
0.04384113556336327 0.40475817310828016
0.04484063633109935 0.4041304402508817
0.04584052218011519 0.40336620476151325
0.04684052500651622 0.40263989210480805
0.04784066505898634 0.40181708476594474
0.04884057971173258 0.4011841886384863
0.04984070368337817 0.4004634722240698
0.050840460328894437 0.39972807053318554
0.05184071937917147 0.39911533696650997
0.052840461025345585 0.39828453523172364
0.053840410525766456 0.3975342383793196
0.05484047426223453 0.3967828556263496
0.05584023505898216 0.3961557807428758
0.05684075855023523 0.3952940757836782
0.05784029878933752 0.3946767510489057
0.058840780276120046 0.39384611774924266
0.05984019140898999 0.3932255403940024
0.06084050211886493 0.39259852647375654
0.06184043049398751 0.39179852780637875
0.06284010717186003 0.39098951845959656
0.06384071709111216 0.39022128243283477
0.06484013756949003 0.3895801161325158
0.06584030537057725 0.3889014942985087
0.06684022951224536 0.3883039017672418
0.06784023905026412 0.3873742305853544
0.06884027485394564 0.3867758852088082
0.06984019232968278 0.3860010596525257
0.07084029006772621 0.3852927135299486
0.07184015733512081 0.3846821414966563
0.07284020503038299 0.38379956508582463
0.07384021160061735 0.38298150537149117
0.07483998882185058 0.38238372446938235
0.07584053820634087 0.38161052800699263
0.0768400492534683 0.38105434939642574
0.07784009225744151 0.38016309504477
0.07884035178484713 0.3794297429603381
0.07984041525821281 0.37891081490142625
0.08083970730637549 0.37815127075446436
0.0818399142641418 0.3774341784074586
0.08284005937771952 0.37663245511240934
0.0838398486897747 0.3759465963623479
0.08483999379531307 0.3751398303715134
0.08584047272634301 0.37441892057471143
0.08684007181249989 0.37376758036417307
0.08783967201255585 0.3730218385427833
0.08884018300658461 0.3722305004361191
0.08983981182723191 0.37157535802995206
0.09084011876226175 0.37094693088404856
0.09184012237649394 0.3701122987906183
0.09284033107695358 0.36941790780718015
0.09384002364774799 0.36869043672896157
0.0948396216475367 0.36804192427409027
0.09584018484838966 0.3671930649323722
0.09684007223491373 0.36651462230089554
0.09783965028957928 0.36580871243026297
0.09883988133600721 0.36516867576045425
0.09983965963298977 0.36436519361028513
0.10083951052206705 0.363711455448857
0.10183970189983663 0.3629819584744978
0.10283948181600225 0.3622109782705529
0.10383968430145138 0.3614836126573216
0.10483944822188515 0.36076009824228344
0.10583927131037565 0.3599971393104366
0.10683965875896642 0.359320293822551
0.1078396940156647 0.35860270632063135
0.10884002322498751 0.3579133018344152
0.10983946974665257 0.357136412228146
0.11083967437267792 0.3563246962611462
0.11183922619133665 0.35565050188200803
0.11283963388680049 0.3549420409451067
0.11383962872385253 0.3543110090258406
0.11483948727567486 0.3535004522722925
0.11583948485204251 0.3527128485849184
0.11683959482749531 0.3521184279023882
0.1178395030715543 0.3514746808918526
0.11883946072098686 0.3507364711245576
0.11983941814042162 0.35003654582805427
0.12083928874231228 0.3492561121533962
0.12183941040464899 0.3485768655302652
0.12283961920220601 0.34779035806779507
0.12383927190626018 0.34703876373203507
0.12483961991015927 0.3462955091125471
0.12583969336409953 0.34552360034121204
0.12683936224376366 0.34482137962815856
0.12783952846646177 0.34419977701154886
0.12883937737312248 0.3434938030923997
0.12983971573286215 0.34267652621989314
0.1308387710491147 0.3418951848551403
0.1318393034261718 0.34130472652983807
0.13283907596495273 0.34063591019367817
0.13383917640567392 0.33980626285177823
0.1348396692952025 0.3391750600090551
0.13583946549015966 0.33844317079271896
0.1368392271746575 0.3376883706012596
0.1378389084595111 0.3369982296291238
0.1388389360459191 0.3362125067720337
0.13983892091746744 0.335477417030763
0.14083877564886368 0.334788843063167
0.14183916668030785 0.33405607221677164
0.14283910765040184 0.3334009134199673
0.14383918170351548 0.3326589747031707
0.1448390729349838 0.3318746259318504
0.14583896252004805 0.3312091165927042
0.1468387400669325 0.33044705885344056
0.14783896159319146 0.3297706302737257
0.14883905079405166 0.32901890643152304
0.14983892438997418 0.32827047497647405
0.15083890426719307 0.3274904703940635
0.15183885341470002 0.32685618695280544
0.15283886423336987 0.32611098410700684
0.15383897429797547 0.32541178918258945
0.15483868403595527 0.32473070135032595
0.15583854582477855 0.3239481882539816
0.1568386763747022 0.3232586924203628
0.15783908692065737 0.32252869695440484
0.15883888626523854 0.321795953824038
0.15983905074314578 0.3211564331700964
0.16083891673489367 0.3203199532912914
0.16183859358819805 0.31959586842483584
0.16283875413512086 0.31881986746779994
0.16383825181014403 0.3181527788972717
0.16483878452564307 0.31744613308640296
0.1658386162873919 0.31681610637587215
0.16683917815696123 0.3160314014812076
0.16783891818281235 0.31528790246436195
0.16883852577891198 0.3145902473673386
0.16983844667375023 0.31384452843900074
0.17083845261260508 0.31312091437802453
0.17183855976685272 0.3124675314906367
0.1728381670301332 0.31168266553044915
0.17383882021600797 0.3109642138122071
0.17483842354463283 0.31027670884974806
0.17583860371633572 0.3095322490043682
0.17683823197515466 0.3088404489206488
0.1778383951242368 0.30810413393046737
0.17883764871122873 0.30734679187621056
0.17983842516446494 0.3066749327754951
0.18083842808500242 0.30591512808419846
0.18183795150425922 0.3052540708797112
0.18283867133951784 0.3044538745896666
0.1838386313832436 0.3037073490135295
0.18483841910666712 0.30315885606159215
0.18583858303944586 0.30234775242750683
0.1868383261514838 0.3016692115673984
0.187838349379037 0.30089671959840186
0.1888377874398596 0.30016078893670567
0.1898382172383796 0.2994539140250126
0.19083780514620194 0.298804141963322
0.19183845973344124 0.2979556181276037
0.192838192291411 0.29718964523114916
0.1938385252392865 0.29657796120833463
0.1948381888193759 0.295798947949479
0.1958379768609453 0.2951802085400838
0.1968384991296396 0.2944260629740098
0.19783799592903192 0.293632278860735
0.19883853157117107 0.29293095922740947
0.19983753114377642 0.292277227870777
0.20083843238324314 0.2914698483148312
0.20183832856561182 0.29073964645958444
0.2028382832707226 0.2900246389691878
0.20383844707570045 0.2893764513979136
0.2048385320120132 0.288601723427746
0.20583766980543652 0.28780021498433245
0.20683768230076224 0.2871955635650691
0.20783754875918362 0.2863723221110029
0.20883797493089076 0.2856792587107499
0.20983814882467186 0.2849854313598594
0.21083787281909402 0.28428695232876683
0.21183755099343274 0.2836136386509737
0.21283777342491242 0.28287176521141283
0.21383779036889447 0.2820770076104225
0.21483776757629305 0.28141611307723663
0.21583778283630486 0.28065592674079426
0.21683843906948178 0.2798433091681421
0.21783817655970636 0.2792764724043589
0.21883759753501467 0.2783962852356388
0.21983752474712606 0.27773837588993994
0.2208378848656468 0.2770148456516724
0.2218374242829312 0.27641442009129796
0.2228376718804865 0.2755915845653241
0.2238379124333327 0.2749142212535925
0.22483776853162665 0.27419515308981496
0.22583769344511603 0.2734653039060542
0.22683735665360852 0.2728048484216487
0.22783753557194933 0.2720496843777798
0.2288380652598105 0.2713152923854279
0.2298381406730937 0.2705817908146337
0.23083744244307539 0.26983443906946275
0.23183773822766265 0.2691998648203961
0.2328370431810944 0.268436159637281
0.23383798304459677 0.2677021674219084
0.23483744473178533 0.26702904814251366
0.23583755310403684 0.26616778319482465
0.23683821135464175 0.2655318559174677
0.23783738134559787 0.2648132657726007
0.23883760300648818 0.2640405351741442
0.23983675080146535 0.2634387073473791
0.2408375589977714 0.26262401547596487
0.2418370922199082 0.26192538015281863
0.24283733847265873 0.2612076085620036
0.2438373304831614 0.2604725350257191
0.2448373845237876 0.2597863117231901
0.24583687272841423 0.2590492447524329
0.24683759421197102 0.25829716469978997
0.24783740917789585 0.25764270123871913
0.2488371923548007 0.25687079088011694
0.24983730640460292 0.25618884249101176
0.2508375083421341 0.25544849297470934
0.2518366378522366 0.2547384285762692
0.25283726727580785 0.25398639751451635
0.2538369973914927 0.2531673516417834
0.25483672419375497 0.252594930248611
0.2558372606037352 0.25185365549414956
0.25683743168395384 0.2510592227575242
0.2578370948089419 0.25034933385203545
0.2588371356006974 0.2496253125386399
0.259837149315095 0.24892928778543483
0.2608374792068511 0.24821753803254454
0.26183699014764894 0.24751623791108512
0.2628370814591357 0.24675985942479267
0.2638369569600509 0.2460838641041126
0.26483710126414184 0.24534853085127972
0.2658372153331759 0.24458821679745374
0.26683704524208685 0.24390466762272528
0.2678371530005009 0.2430974853049998
0.26883692229346345 0.2425004128655679
0.269836817771218 0.24172934870780277
0.2708367488391737 0.24096684685096403
0.2718372458520296 0.24031243629379295
0.2728369328343964 0.23961164228745802
0.2738360977831533 0.23883416460118756
0.2748370044170623 0.23810827441674481
0.2758368399050183 0.2373392632557184
0.27683734903862994 0.23668941325284198
0.277836286202993 0.23599738263859527
0.27883685485398935 0.23520243421459097
0.27983694395562425 0.2344994109219451
0.2808373199897624 0.23379074712338072
0.2818368170038885 0.2330357575438593
0.2828362767312786 0.23232392495221854
0.28383634949723224 0.2316327154494151
0.2848368777566044 0.2308655547059864
0.28583710209228563 0.2301644574720959
0.28683627464005595 0.22932355100015878
0.2878369443752776 0.2287580221480749
0.2888368496686472 0.22805209767976492
0.289836681526098 0.2272695334363516
0.2908361875738089 0.22661166749737427
0.2918362369647689 0.22591265135708838
0.2928372886168698 0.22508401522018873
0.2938368565918449 0.22439129460102758
0.2948372525866366 0.22373720424589005
0.29583653204995064 0.22294980159150868
0.2968371665186885 0.22221996794240317
0.29783615545218156 0.22145989040641045
0.29883674714700503 0.22088208439432638
0.2998364231766391 0.22013455987740022
0.3008366540654651 0.2192991400039523
0.30183653065726845 0.21865407058886616
0.30283618649094524 0.2179021264840405
0.30383652161444974 0.21721921122613536
0.30483596412870906 0.21642776213752407
0.30583596092877136 0.21574070423767905
0.3068361657526593 0.21501409829632284
0.30783629870988893 0.21430644902584467
0.30883655094971346 0.2135761222623555
0.30983583740918536 0.21282369076633273
0.31083702472120306 0.21212871333745914
0.31183635121573755 0.2113489728194322
0.312836106754658 0.21067450519663128
0.31383707153967816 0.2098932758222185
0.31483579469710576 0.2092705411189118
0.3158360574426387 0.20855709881875772
0.3168365172537004 0.20776427280309495
0.31783559444680204 0.2070908134623708
0.31883679866691705 0.20630397913273762
0.3198355505892049 0.20564920656546176
0.3208361138114 0.20493345587980588
0.3218354673620152 0.2042513534245225
0.3228358106840701 0.20348585849758088
0.32383593266636 0.20280176973319053
0.32483629748648435 0.20200364688127542
0.3258361547667935 0.20131642778136194
0.32683601795545625 0.20060147035249387
0.3278367097881737 0.19987406703565924
0.3288356356071924 0.1991335480460601
0.3298361461215632 0.19845960175548627
0.33083610497314775 0.1977981262098799
0.3318358744822576 0.19695929318610622
0.332835421142783 0.19626268135459196
0.3338356653541503 0.19550713522255375
0.3348366931152784 0.19481793042636486
0.33583591385440503 0.19416871909436417
0.33683587672210547 0.19340948171086625
0.33783535368371054 0.19268332001998123
0.3388365781777396 0.19198641287146956
0.3398352553854652 0.19124754066103522
0.34083532073121536 0.1905594861756882
0.34183560607042107 0.18975098913246974
0.3428352317785014 0.1890855498282742
0.34383478705620274 0.1883331577178004
0.344835641057743 0.18759846781583978
0.34583562177558635 0.18689168288110553
0.3468355778665664 0.18615082845525155
0.34783625385001404 0.1854521861955839
0.3488354874201618 0.18479172968571633
0.34983519982658084 0.1840254792018065
0.3508351197955104 0.18333784410990822
0.3518355987374673 0.18255978735839445
0.35283561114883943 0.18187158909052303
0.3538355708824147 0.1811379936092814
0.35483558776828084 0.18039748352934537
0.3558355770760494 0.17965234342778763
0.356836271564135 0.17898679204509577
0.35783562708971917 0.1782272168650051
0.35883534799320493 0.17750806163961352
0.3598356841505411 0.17684955305228256
0.3608354125494184 0.17608392046173793
0.3618357764763126 0.17529788246109024
0.3628352124756742 0.17463671009564502
0.3638350557980615 0.17399122867941857
0.36483510552781817 0.1732164260339531
0.3658349483512321 0.17248969492642913
0.366835676141381 0.17172046350539677
0.36783550530056985 0.1709706648425952
0.36883582732526576 0.170284125464566
0.36983501706000477 0.16957169121531102
0.3708351452725557 0.16878357668646204
0.3718357871639031 0.1681039082444037
0.37283509257811664 0.16736904708881384
0.37383562864361475 0.16668494397975697
0.37483531557561145 0.16596138157554885
0.37583494060018063 0.1652141815220372
0.3768351395636017 0.1645618148620629
0.377834160516607 0.1637726517171466
0.3788361371375243 0.16310992137572228
0.37983514496511317 0.1624058497635515
0.38083492097571015 0.16161979067070698
0.3818354409567939 0.16089738449622382
0.38283545989465684 0.16017604120253026
0.3838339343785323 0.15937871114230434
0.3848344585800666 0.1587455680636261
0.38583466756210927 0.15805306713083578
0.3868346812422341 0.1573502491280252
0.38783442225364295 0.15661282927047815
0.3888348182685464 0.1558590213052004
0.38983437279405087 0.1551776932753557
0.39083480190374076 0.1544224272764046
0.39183457516331976 0.15370121435383993
0.3928350929262081 0.1530026475104278
0.3938349297277557 0.15233328994576367
0.39483474476486513 0.151536309543094
0.39583512217682737 0.15081914259399976
0.3968349455435427 0.15007390085291572
0.39783501473145877 0.14939307513829553
0.398834116692218 0.14868553400818574
0.39983457524628885 0.1479280024520186
0.4008342977055932 0.14717933286826101
0.40183498578075927 0.14646988282149864
0.40283466785732047 0.1457991894832002
0.4038351912498732 0.14502392531944958
0.4048351784369587 0.14431054688817269
0.4058346881664098 0.1435937598269898
0.40683429859693665 0.14286669017233378
0.40783420756824307 0.14218901025149006
0.40883476508435856 0.14146348419374993
0.409834807113717 0.14079347938202874
0.41083472978394076 0.13999773132292226
0.41183371613145525 0.13925662944144013
0.41283548773423273 0.13852977816601414
0.41383406610175677 0.1378088350862854
0.4148346975678987 0.1371247329860215
0.4158347670377097 0.13639677875446543
0.4168340026412568 0.1357021006497524
0.4178342442017188 0.1349072523085162
0.4188353739349032 0.13422832199844503
0.41983457230244137 0.13351138876377072
0.42083449905652626 0.13277064814318956
0.42183403281753074 0.1320727612051143
0.42283411218943934 0.13130996561424746
0.4238350745003976 0.13061322148015125
0.4248352642655102 0.12991858405916923
0.4258342108585077 0.1292001738529755
0.4268335229337421 0.12843786426727544
0.42783434554540034 0.12768649669980464
0.4288348752581159 0.12705673796150108
0.4298341214788778 0.12627577127784978
0.4308341695248449 0.12553142830853964
0.4318339068969431 0.12482921611888942
0.4328344051061289 0.12410238796499734
0.4338348248369547 0.12338714796101019
0.434834562747215 0.12263280508089458
0.4358340694306855 0.12196839308658614
0.4368342806777812 0.12114894533855469
0.4378343796064288 0.12048590896140715
0.4388353316241428 0.11981594083436431
0.4398346415674106 0.11904331182867878
0.4408339593485384 0.11831513488551776
0.4418340613391354 0.11764744393987853
0.44283339792944776 0.11686520032688313
0.4438340561528532 0.1162007387096789
0.4448341329762109 0.11545332132226938
0.4458330652429383 0.11473294548429203
0.4468339964036455 0.11398590689346416
0.4478340014608585 0.11324641512813194
0.44883350451559956 0.11261323131549528
0.44983339396717437 0.11186272187010177
0.45083394975561053 0.11117420059108091
0.45183354954125354 0.11040394889598054
0.45283447524729525 0.10970587409552901
0.45383367875406355 0.1089421490560673
0.45483411665994133 0.10821104071449489
0.4558339325103893 0.10755655480907694
0.45683391266997264 0.10681016591695053
0.4578341630767162 0.10608666976970205
0.4588341346603396 0.10538504053497288
0.459833870030527 0.10464414090659452
0.46083337274112623 0.10393020431806882
0.461834183793039 0.10320680032653412
0.4628338241056361 0.10244552488710928
0.46383387315052915 0.101767115912902
0.4648333708224758 0.10101648580169803
0.4658326477239939 0.10031945944923576
0.46683331391989524 0.0995958365717326
0.46783364876152944 0.09887531266663846
0.4688332547573568 0.098111260264237
0.4698339782112182 0.09741454280155121
0.470833707134259 0.09670624379824627
0.4718333280337911 0.09599605588843829
0.4728334559256947 0.09527126612057718
0.4738336903432596 0.09455774001872702
0.474834111761512 0.09385146966750016
0.4758344162733529 0.09311812492160068
0.4768329438403951 0.09239937131450288
0.477834012026381 0.09166922094875704
0.47883329637408134 0.09093797799171194
0.4798343120313605 0.09018029511939951
0.48083382837021793 0.08948193666290713
0.48183298722712065 0.08875995301178263
0.48283355062697286 0.08806444129222205
0.48383401140018256 0.08734772283188458
0.4848336128275744 0.08655977792771141
0.4858327191369095 0.08589581526440859
0.48683325042071635 0.08511870198487231
0.4878338587285178 0.08448354272838762
0.4888333276223573 0.08369724145738414
0.48983340878326 0.08298195123898813
0.4908333010957774 0.08233841225774421
0.49183397828601283 0.08155260776358733
0.4928330569230793 0.0808009599178165
0.49383274607288297 0.08011566389609023
0.4948333717004597 0.07937744478595748
0.49583276295003376 0.07865659356253121
0.49683374420004545 0.07793557991112682
0.49783346745820956 0.07723260484340905
0.498832649950782 0.07646936668980367
0.49983310519636004 0.07578865800486817
0.5008334225888207 0.07505878275446443
0.5018321441491969 0.07437580484011055
0.5028334451832577 0.07360310541747286
0.5038326770676801 0.07290784537239717
0.504832940734556 0.07215336281430268
0.5058331897392108 0.07149443294714239
0.5068335961191377 0.07068228228014597
0.5078329432059546 0.06997520552535066
0.5088327886406558 0.06928481688911275
0.5098324364980157 0.0685723609936548
0.5108327811985333 0.06788016704644231
0.5118335559090686 0.0671455196292148
0.5128333127237185 0.06643999824369085
0.5138324969213072 0.06570394364622195
0.514833062168896 0.064969079477939
0.5158327154176919 0.06424974093561309
0.5168328081441259 0.0634901492197292
0.5178320323583608 0.06282587273269286
0.5188328336116136 0.062126334329999054
0.5198328192092173 0.06132727765845552
0.5208330104143449 0.060650830990909226
0.5218334901731597 0.05991560788786406
0.5228327913253371 0.05918531401232673
0.5238326176852356 0.05845375245927189
0.524833469344666 0.05774893229350805
0.5258328020313864 0.05701025326852171
0.5268323326720284 0.05631895166785477
0.5278328838716003 0.05560369473561782
0.5288322963574735 0.054880679157079414
0.5298325939344112 0.05413172017567857
0.5308309525060083 0.053398819620695086
0.5318320443553114 0.052710562846369456
0.5328322976852676 0.05194431220946449
0.5338327811802329 0.05121947234188328
0.5348330583351594 0.050582772767468746
0.5358318504073941 0.049847108794696386
0.53683241309234 0.049092331628700435
0.5378321023428904 0.048362813573195516
0.5388324086000443 0.04763900707774687
0.5398323542547688 0.04694595579117219
0.5408321531568351 0.046174757104413676
0.5418329903689515 0.045494084209360706
0.542831733224674 0.04478630262390409
0.5438328538434997 0.04403530538420979
0.5448328025882186 0.04331042574476753
0.5458329552466396 0.04260139723080824
0.5468315948598758 0.04187964876801522
0.547832959539989 0.04117887301809194
0.548832263298855 0.04042339486838228
0.5498328774822631 0.03970154148435883
0.5508319370229745 0.038998145705039976
0.5518334616344641 0.03826535077300621
0.5528322857273597 0.037538528815891085
0.5538325443268594 0.03682990847982267
0.5548319637397657 0.036135063984231046
0.5558319952607903 0.03538829102227344
0.5568317920412919 0.03466325353002441
0.5578316123289669 0.033898328990313135
0.5588317973541829 0.03322298577740442
0.5598316858546873 0.03247034934526193
0.5608317960361245 0.03177162815405409
0.561832013495413 0.031053360443636706
0.5628315531473155 0.03032181382951695
0.5638321095266282 0.029587281270786074
0.5648327959869582 0.028873445605456592
0.5658327725242788 0.028151774351138546
0.5668325354738041 0.027446390003504954
0.5678322823362748 0.0267059689133193
0.5688308847436493 0.025985204178317588
0.569832070545656 0.025281471446236596
0.570831076679447 0.02456677759070263
0.5718309110236762 0.023831173315464964
0.572831799329551 0.02309160314063407
0.5738320616545128 0.022415830297255517
0.5748317655318903 0.02167571795136635
0.5758324531639322 0.020972565749501758
0.5768320459277075 0.020258859124183314
0.5778311652759346 0.019519451971470973
0.5788314514436129 0.01879472169701201
0.5798309810927492 0.018072169556775868
0.5808310786075238 0.01734626473817138
0.5818318502637853 0.01660197276670327
0.5828323687556961 0.015899863703197813
0.5838318956315806 0.015168477096100997
0.5848314653112762 0.01446468900004424
0.5858318223937032 0.013720155293709175
0.5868310804444695 0.013024325872376863
0.5878318801594281 0.012302433418375136
0.5888318773169855 0.011554537871286625
0.5898329960006702 0.010866158508839869
0.5908311029625742 0.010151136252004722
0.5918321257589191 0.009416073724141627
0.5928322669303111 0.008681604369216079
0.5938313125223561 0.00797208379961314
0.5948311309914963 0.007232389694757835
0.5958314950446791 0.006538890246705809
0.5968324149192431 0.005810309213289478
0.5978303978862672 0.005086814746322244
0.5988318473206004 0.004369841678085568
0.5998315670513023 0.00366709805508369
0.6008310337796757 0.002906854959839689
0.6018314276867059 0.00222277289371336
0.602831778069132 0.0014821175318461503
0.6038321451857117 0.0007516132833943149
0.6048315936949024 3.7341329687407346e-05
0.60583118055855 -0.0006825081602897295
0.6068317287955843 -0.0014070760152534497
0.6078322946285261 -0.0021363275310236404
0.6088318099907196 -0.0028692811962647887
0.6098327543803966 -0.003581534624999055
0.6108313646995763 -0.00430750807911468
0.6118303278596614 -0.005013785934835707
0.6128308484308497 -0.005724573675642891
0.6138320152025544 -0.0064706530341961995
0.6148305338515337 -0.007173395006691346
0.6158311388782606 -0.007907648785588644
0.6168311176050706 -0.00865687439932209
0.6178299193698266 -0.009355516738622565
0.6188312291060777 -0.010072849981967202
0.6198314134248412 -0.010780728445940168
0.6208309749799578 -0.011522614935235048
0.6218314558772063 -0.012233873712929005
0.6228310863223486 -0.012965694552084883
0.6238311668609057 -0.01367626980447254
0.6248318841595654 -0.014373844004955177
0.6258303528215526 -0.015116814825766356
0.6268315882145584 -0.015849240169523222
0.6278314559563397 -0.016574859695664475
0.6288304691056189 -0.017306059649823242
0.6298302951473685 -0.01801724978043779
0.6308311752144357 -0.018711570887080177
0.6318295678908147 -0.01944134854682298
0.632831952336154 -0.020180372817321636
0.6338312421458444 -0.020919268095437267
0.6348305601257044 -0.021603033960461933
0.6358310023968262 -0.022322634849297647
0.6368311624380695 -0.02306863090223827
0.6378300700465153 -0.023791047178852144
0.6388302893419368 -0.024495362920107157
0.6398298556951861 -0.025205972159690067
0.6408311665899745 -0.025934786144612233
0.6418291681277469 -0.02666340129258469
0.642831051282286 -0.02740523544329846
0.6438313989858847 -0.028097721162479695
0.6448307382172752 -0.028827511646441824
0.6458299173740839 -0.029555285365259344
0.6468314383319854 -0.030271040539177292
0.6478315625420451 -0.03101846015734367
0.6488313129171047 -0.03170557481520988
0.6498307414550483 -0.03243918643543072
0.6508306116737906 -0.03317158271742544
0.6518308050488261 -0.03386603508303349
0.652831088176196 -0.03459624244478172
0.6538312452978435 -0.035332155163291266
0.654830796881576 -0.03603804475297016
0.6558306103835304 -0.03676379274016466
0.6568304756633868 -0.037495015590050605
0.657831388258279 -0.0382189380290748
0.658831313456964 -0.038932873448277415
0.6598298549516289 -0.039625402959593346
0.660830677918261 -0.04034603519787689
0.661830331037815 -0.0410945969873471
0.6628309689643174 -0.041816615161164826
0.6638303620694127 -0.04254413968281837
0.6648300537753523 -0.043239988432731115
0.665830614219454 -0.04396923326394212
0.6668303340794633 -0.04470446723678998
0.6678291210682624 -0.04543302670030055
0.6688303042764906 -0.04615841267824187
0.6698302238531108 -0.04689032963622119
0.670829763423665 -0.04757689282919148
0.6718298001558806 -0.04831233308182382
0.6728306497684792 -0.049044197452845835
0.6738304029578871 -0.04974074404394451
0.6748295814037656 -0.05046400918531207
0.6758302025222581 -0.051189792038573455
0.6768302449542601 -0.051921757833713396
0.6778301918155537 -0.05262946636516635
0.6788298952579458 -0.05336573010189156
0.6798307714272783 -0.054093290481484126
0.6808299914695596 -0.05479453168222167
0.6818301666750576 -0.05550919391629134
0.6828308594159828 -0.05624807112458093
0.6838309078188539 -0.05694239928480648
0.6848299505330565 -0.057691755200408666
0.6858291935889888 -0.05840915796651144
0.6868288997825945 -0.05914208365769206
0.6878291796993158 -0.059848221657346094
0.6888300197064602 -0.06057124994653167
0.6898306862118716 -0.06127824998018513
0.6908286277837615 -0.06201953483749579
0.6918297706673414 -0.06272666547150335
0.6928303902675318 -0.06345095889669634
0.6938286203596716 -0.06418561733508125
0.6948306066827473 -0.0648911034589448
0.6958304085577492 -0.06562857353126096
0.6968295911763039 -0.06633422211286144
0.6978305235276289 -0.06706386086677221
0.6988301468376498 -0.06779919234574963
0.69982890833767 -0.0685037134956947
0.7008302907896432 -0.06922506930892347
0.7018302461879257 -0.06995008459073994
0.7028302573885109 -0.0706559192287773
0.7038309635811543 -0.07139153115050693
0.704829338311208 -0.07211414630468407
0.7058289889160446 -0.0728534298897429
0.7068297765364976 -0.07355304744985922
0.7078308149522728 -0.07428293863048013
0.7088304907918715 -0.0749925113639189
0.7098299097564061 -0.07571766633181934
0.7108297156314999 -0.07643780097670012
0.7118298441696264 -0.07716755824535351
0.7128288382020785 -0.07787563968268661
0.713829714704408 -0.07861142685281546
0.7148299716473921 -0.0793315806709311
0.7158284719517979 -0.0800461793639165
0.7168280236827641 -0.08076668030970466
0.7178298441605736 -0.08148102757830848
0.7188302702657657 -0.0822267934730513
0.7198286103931536 -0.08293914563059797
0.7208294006935841 -0.0836532325212473
0.7218300687763451 -0.084379870056498
0.7228307033419473 -0.08510121077833738
0.7238286541981512 -0.08583140996942844
0.7248283450757734 -0.08653250038018274
0.7258297920092313 -0.08726792869338122
0.7268287012769826 -0.08798569514129524
0.7278301518035003 -0.0887024556840878
0.7288295397918448 -0.08941234706780676
0.7298286855201331 -0.09014623802002941
0.7308297156094011 -0.09086953139113918
0.7318283800465114 -0.0915877669322702
0.7328282924895376 -0.09232034318416481
0.7338299587284666 -0.09302832508007852
0.7348295442142164 -0.09376857646270852
0.7358280489474142 -0.09447788724235032
0.736829332322987 -0.09519480412284945
0.7378297926470568 -0.09592901311989711
0.7388289397892235 -0.09662808610216836
0.7398287529427005 -0.09736744689257686
0.7408285830465761 -0.09808783322582043
0.741829739778524 -0.09879570003638675
0.7428304098435455 -0.09952428155708536
0.7438279815253858 -0.1002527342395945
0.7448294324761061 -0.10097323709923771
0.7458290749125335 -0.10169863017471326
0.7468290690497809 -0.1024138491104679
0.7478290625046636 -0.10313150829240891
0.7488290926206594 -0.10385848019518559
0.7498280438935033 -0.10458346254319367
0.7508289280546515 -0.10529851668104716
0.7518283422133197 -0.10601728795960605
0.7528288572127232 -0.10674559793282745
0.7538301168681346 -0.10746177770997772
0.754830215964512 -0.10818666334560173
0.7558277305601716 -0.10890783897008943
0.756829902552219 -0.10962949338120323
0.7578293350352633 -0.11034487041072807
0.7588278958658586 -0.11107498226463666
0.7598285048101515 -0.11179213984031897
0.7608291257653174 -0.11251284044286504
0.7618291240607126 -0.1132309210777164
0.7628291536610347 -0.11395452110823984
0.763829707580305 -0.11468190951314305
0.7648295878747887 -0.11540362426943165
0.7658285042689709 -0.11612220462412934
0.7668275889396642 -0.11684010308961293
0.7678279100385582 -0.11756643758844645
0.7688306172455205 -0.11828533512149259
0.7698294947585836 -0.11900686117409032
0.7708280293917634 -0.1197255234891472
0.7718267355848597 -0.1204465890820827
0.7728289843537398 -0.12116776456206937
0.7738272666040557 -0.12189190644956119
0.7748278380844992 -0.12261074168990108
0.7758286492558676 -0.12333350767184939
0.7768289036826795 -0.12405925275628887
0.7778279839058148 -0.1247794133715662
0.7788279906486048 -0.12550701989196458
0.7798293376909097 -0.12621995769545286
0.7808271835257498 -0.1269415536874238
0.781828174682596 -0.12766048918856612
0.7828287441728276 -0.12838870496477703
0.7838287572959678 -0.12910679640478911
0.7848287289978321 -0.12982973540709794
0.7858288153588818 -0.1305472889460199
0.7868274425488314 -0.131272753205664
0.787827545339627 -0.13199169674607947
0.788828221194415 -0.1327125235244465
0.7898289822192811 -0.13343676312167882
0.7908283700019608 -0.13415438363493415
0.7918282417099111 -0.13488135952094468
0.7928270879935712 -0.13560111228688668
0.7938287232465998 -0.13632179866357907
0.7948294723026116 -0.13704518307072375
0.7958272869507531 -0.13776117448602443
0.7968263005435109 -0.13848671011383912
0.7978282080892879 -0.1392069382963072
0.7988271961247532 -0.13992845789258812
0.7998280190865868 -0.14065261474401275
0.8008277937707858 -0.14137217746699288
0.8018270376376143 -0.1420929065896115
0.802827829130878 -0.14281558668294053
0.803828891686254 -0.14353650923297157
0.8048267437374473 -0.14425731815874188
0.8058285096078414 -0.14497952662991487
0.8068287086283424 -0.14570201617775527
0.8078272927113647 -0.14642334329430057
0.8088291259072039 -0.1471447608085325
0.8098270180058219 -0.14786540004803622
0.8108266182597678 -0.14858670745238473
0.8118277874023866 -0.14930764592991339
0.8128286963289414 -0.1500286786153458
0.8138279505685978 -0.15075073884237178
0.8148292592517071 -0.15147228575095678
0.8158284085127939 -0.1521935097412556
0.8168281446099869 -0.1529147910336227
0.8178278434843284 -0.15363664587245573
0.818827584065322 -0.15435813625313774
