#C1_inf,C2_inf
0.0 0.7215478225750205
0.004558735116800716 0.7173846094285098
0.009052819996463346 0.7133888200872828
0.013538880107588303 0.7091918671003395
0.01799590529286843 0.705174330829694
0.02245062543697507 0.7011663336432129
0.026880723055023537 0.6972102933138796
0.03126738438664456 0.6932864331285497
0.03564951230286961 0.6891804475860804
0.03990644353079065 0.6851967251912415
0.044274746787146935 0.6814300184364006
0.04846954719812602 0.6776082564855188
0.05276735130896393 0.6739414753432376
0.05699256078761772 0.6700530171019933
0.06120117878643838 0.6661581504301677
0.0653204945940925 0.6624182252778031
0.06952480648973991 0.6588102057729887
0.0736637642989042 0.6549201949829238
0.07783040351179604 0.6510208299862599
0.08195311966708663 0.6475083237366615
0.08594309039263848 0.6438286823388325
0.08985110925378681 0.6402926058901266
0.09390245444846601 0.6367139733638244
0.09798500838852464 0.6330435274491785
0.10195953025305704 0.6294098171566059
0.1057775703880256 0.6260568583006129
0.1097963541659901 0.622346330802545
0.11367511639932437 0.6187619210802133
0.11750372188509206 0.6154401681438626
0.12142695465132713 0.6117579483986484
0.12526632932558013 0.6083814988095223
0.12903366293153617 0.604984463464837
0.13282644664609378 0.6016459728193204
0.13659471808140833 0.5980467135011857
0.14038623445543275 0.5948215999804167
0.14414803355103378 0.5914131388781129
0.14777579631093307 0.5880946563252561
0.15150432327800256 0.5846229206424546
0.1551374752534077 0.581430961956701
0.15878420589479447 0.5780851694351617
0.16250078795861633 0.5747708396891381
0.16607587669799206 0.5716380905363562
0.16955209590221554 0.5684260573955185
0.17325332527210624 0.5649855077806196
0.17688220657296205 0.5617670964384434
0.18037453587363894 0.558557641293664
0.18382299388603807 0.5555960215466389
0.18735031330625773 0.5522900031303524
0.19084384469729776 0.5490776847667291
0.19423631624914994 0.5459747028657819
0.19777761689331008 0.5428160356584504
0.20103996096498533 0.5400896364063563
0.20450985295135915 0.536683006546647
0.20800375289149908 0.5335569889034004
0.21127303943818776 0.5304154983185233
0.2147228612747747 0.5275402498539097
0.21807387827731994 0.5244277444909253
0.22143212337115825 0.5215692735853845
0.2245989472888439 0.518610268662135
0.22787882049527453 0.5155809114751398
0.231295017425584 0.5125653373751023
0.23444701438443194 0.5095391280469825
0.2378103572272655 0.5065365588774965
0.24098107796231438 0.5038179181855226
0.24410025837664273 0.5009634652382877
0.24742361070720975 0.49792073027343664
0.25056201080124607 0.4951013276783387
0.25362959243980643 0.4921780407427052
0.2567683528057805 0.4894512014846848
0.25993532382652074 0.48650464315795716
0.26297835366699396 0.4838976736182964
0.266035406662266 0.480820555071673
0.2692042013058096 0.47801711858904583
0.27218287144048925 0.4754582765501667
0.2753001862076131 0.4726471242810998
0.2782717423663381 0.47011463549838184
0.28129187568410785 0.46725655654580045
0.28430920317450403 0.46450466747518426
0.28737918762828585 0.46168344257036953
0.29020916564738963 0.45900212157775855
0.2932227432464314 0.456443662415843
0.2961372503846843 0.4538464384083384
0.2991532405695886 0.4509937828734686
0.30213235444384334 0.44826037529919993
0.30503842172799855 0.4456650366418534
0.3078369490353414 0.44299810570680265
0.3107527217494701 0.4403425596839403
0.3137564744004391 0.4377689442631538
0.3163895115610661 0.43535133646341995
0.31923298386016985 0.4328065253008154
0.3220626334024159 0.4301681338752441
0.32480799367899293 0.42770064341608793
0.32757721601867396 0.4251137437674334
0.33047268330686985 0.4225261640188118
0.33322537559958654 0.42010384767926057
0.3358370287390463 0.41758391734152267
0.3386933981242015 0.4150279150076721
0.34138631070930747 0.4126354702835823
0.3440527870667123 0.41017315835171253
0.34674520449940915 0.4076615598388037
0.3494830202293068 0.40536904069628366
0.35231345561196625 0.4026195470324683
0.3548238091920082 0.40043638239685175
0.35741087872690136 0.3978703598256471
0.36039738400534216 0.3951260823380568
0.36265647228067666 0.3932307066723151
0.36536786400161536 0.39073918242451566
0.3680450801204387 0.38819649539245926
0.37063687453744965 0.3860257112354858
0.37314254328897967 0.383771747379003
0.3756250090209876 0.3813600513561053
0.3781545065503561 0.37911720468878085
0.38080354149953455 0.3767131587712904
0.383263329779133 0.3743459975675387
0.38576781065404386 0.3721122718337273
0.38824862190091325 0.36993448758594216
0.39078392581552823 0.3675232250539958
0.39325287147696897 0.3651107808834695
0.39582726993797246 0.36289558335364014
0.3982522819036981 0.3606497849882172
0.40071613213551105 0.358279872731871
0.40294268527349963 0.3564781749830199
0.405495154975947 0.35408513875619085
0.4078416167133374 0.3518955668032615
0.4101975190159708 0.3498202720311776
0.41262768122072835 0.3475151808879633
0.4151515352188342 0.34503309705836416
0.4174595088932812 0.343127076611737
0.4198792367507139 0.34094298491400654
0.422249786863802 0.3387699736485563
0.42454045367698023 0.3367506278298308
0.4269578134922135 0.33432215565645984
0.4291864623335001 0.33225483335160677
0.4313339304905479 0.3303451918207059
0.43377891397335266 0.32807376969573976
0.4359338808393065 0.3262122601785056
0.4381987041506835 0.32418414391602746
0.4404065379791895 0.32206377084518456
0.4428195489549034 0.3199952556497929
0.4450825588870181 0.3176450126190967
0.4472837475636199 0.3156088142664152
0.4493493112475231 0.3136787829448724
0.4515427913450534 0.3118545744878791
0.4538986419401687 0.30954387784274373
0.4561489416872092 0.3074515660604292
0.4582606485315601 0.30559833570671824
0.4603527997717508 0.30357576166973443
0.46254808747262055 0.301748704821882
0.4647337732161446 0.29950487647115753
0.4667993345997389 0.29766941333076014
0.46890365605639117 0.2958354713931409
0.47125591850784765 0.293578372809734
0.47329163060229984 0.2919278099347997
0.47533323739032973 0.2899157277738832
0.47731311378704044 0.28808143186070445
0.47945635337618064 0.2861302759752984
0.48154086729380663 0.2842215338529148
0.48363832763375936 0.2820754518154417
0.4856921159941716 0.28018773067430613
0.487733168138459 0.278500453807362
0.4898574181825277 0.27642446841978274
0.49194030469401073 0.27439583728856043
0.4938401866134986 0.2726542845791845
0.495775374747754 0.27116580256909706
0.4980254131342392 0.2687668611726721
0.4997907132362145 0.26738478992734116
0.5018174826920674 0.26519601954521943
0.5038181347603576 0.2635363363120191
0.5056829016046669 0.26191394732737505
0.5078055803566573 0.2598720421164983
0.5096627613676694 0.25817518934964245
0.5116645869039603 0.2562044757580847
0.5135379575667538 0.2543394344889478
0.5153238919352008 0.2530699929795168
0.5174180300721267 0.25088123273818597
0.5193082348774511 0.24918223713025855
0.5212316766191013 0.24744754775311473
0.5230647569454883 0.24569938036116357
0.5250558821582287 0.24382557393948656
0.526925111535435 0.24201133316503243
0.5287489449059174 0.24029063813006102
0.5306473494665014 0.2386034662759018
0.5324006958519392 0.23688034204496544
0.5342694841779063 0.23519104339700148
0.535942872748779 0.23371933929105093
0.5379692891289891 0.2318755917546309
0.5395789348489199 0.23031943085249496
0.541631297500301 0.22824501289644772
0.5433550710745334 0.2267737158245937
0.5452015509856749 0.2251223361225343
0.5469826841485887 0.22341365609585906
0.5486762466141359 0.2216300384765575
0.550553891822428 0.22002239039436033
0.5522064675744005 0.21864550968838792
0.554011241984397 0.21699997766681722
0.555758269072352 0.21532812614118424
0.5574905619052881 0.21358627830040344
0.5591258187722894 0.21206078991521782
0.5610827922155359 0.21024323307576687
0.5628317690169402 0.20870357195563738
0.5644363255732425 0.20720605778298262
0.5664102658549293 0.20514044497770523
0.5677788469431388 0.20385310233785758
0.5694026409505508 0.20260341736627963
0.5712897836159443 0.20075412966471173
0.5728262112685937 0.19949993212604367
0.5745085507833265 0.19780234275080866
0.5760738108517267 0.19615917215787948
0.5779936698015042 0.19447484768027645
0.5793425100235409 0.1932188487570966
0.5812408788752754 0.19144631620173502
0.5827619006269104 0.1900070320460624
0.5842343239263228 0.18862584887671252
0.5861065238587171 0.1870192849790706
0.587531856519184 0.1854458181650418
0.5892361619744639 0.18402461779524604
0.5907788411672374 0.18251869494791628
0.5923381234478136 0.1810267613229537
0.5939970283865859 0.17925630519551783
0.5955230577221386 0.17796070795716745
0.5971506631904986 0.17646258906070322
0.5987616561869666 0.17489284852511666
0.600255436711592 0.17336831886351067
0.6017800063142686 0.1722222228787278
0.6033446237955777 0.170724107377483
0.6048445295264331 0.1692345015736354
0.6064828705918206 0.16764489629855328
0.6080138893512226 0.1661425718151759
0.6093646451157586 0.16485078210459658
0.6110194884357353 0.1631721658574713
0.6123923873790282 0.16207075398548842
0.613882863156175 0.16080452223483643
0.6155962597541259 0.1590085510384559
0.617042478930039 0.1577169500002784
0.6184380077157665 0.15635639030663406
0.6199094943585577 0.15495475905448508
0.6214638381817565 0.15347472719556055
0.6226692298368799 0.15240757367769242
0.6242062040720843 0.1509224353712827
0.6256814575234835 0.14954541129891896
0.6272489559595931 0.1480494072607732
0.628659250886842 0.14693719107987868
0.6301357984586088 0.1454084380722146
0.6314576432519767 0.14411487841852866
0.6329382604909914 0.14253303313813914
0.634523705904992 0.1410474583296366
0.6356610076137041 0.14017872205668103
0.6371748470257346 0.1387985371955791
0.6385799513207652 0.13749125408230178
0.6399188256016022 0.13592234857647023
0.6414479834144122 0.1346517066574464
0.6427657053804672 0.13336156526787346
0.6441021908431487 0.13227262787863003
0.6454550980935991 0.13087546732670718
0.6467707618895437 0.12949307659391596
0.6480972273702388 0.12822772459959864
0.6494513307446248 0.1270164081855254
0.6508408851454361 0.12558753493541053
0.652206444525924 0.12433161273301951
0.6534873087145311 0.12328264553453738
0.6548152792989281 0.12180049277949312
0.6562567323972089 0.1205209844715257
0.657483739726603 0.11940042702008691
0.6587502352771925 0.11801230353139702
0.6600724327886738 0.11697724025504463
0.6615402321815047 0.11558499773258535
0.6626808203859031 0.11435342216737276
0.6641043188469578 0.11305620791578752
0.6653625683911817 0.111804515311684
0.6665128446375466 0.11079697308378855
0.6678465586404531 0.10948436265082606
0.6691461551341931 0.10834391919147457
0.670586505416203 0.10689498565849243
0.6715694540323969 0.10598098003997314
0.6728806081607608 0.10468081751280667
0.6740615848297676 0.10356186811213652
0.6753196775747959 0.10236809088793597
0.6766602331263445 0.10094418979951003
0.6778375023352694 0.09995860931966227
0.6790904085124949 0.09875038852435591
0.6803292754959165 0.09773655199414555
0.6816370550556876 0.09620206038437251
0.6827899759941822 0.09525640304905414
0.683796943648919 0.09415052694736115
0.6852717882518213 0.09296623605931087
0.6862387093887363 0.09187520993863907
0.6876116663959224 0.0902953140754188
0.688838191097856 0.08940271213337425
0.6899318270521387 0.08842377643687971
0.6910415025947956 0.0872712680337997
0.6922871755239683 0.08584334872361876
0.6934925589043199 0.08492909425820416
0.6945825925682672 0.08368602555267679
0.6957002201668794 0.08274814181985479
0.6968226069257679 0.08168847254697331
0.6981816301006272 0.08043490128724273
0.6991698054025492 0.07929745808282629
0.7004918925973397 0.07825729143955329
0.7014631429688998 0.0772016102019546
0.7026134523575178 0.0762980873350716
0.7037016946103828 0.07499377193636103
0.7049182723734083 0.07375463146179928
0.7061156091173842 0.07269599537798566
0.7071825319416324 0.07158953910639998
0.7083273178254921 0.07060641356847164
0.7092773280189835 0.06959200876779326
0.7104359070119461 0.0683984422243491
0.7115789966891635 0.06734047210305372
0.7125477364059714 0.06663105417771642
0.713602377237091 0.06551650459720015
0.7147831629431131 0.06438521875130088
0.7159262508163475 0.06339980724777816
0.7169740669408273 0.06224318259364381
0.7180505287885681 0.06111595262734637
0.719140556956321 0.06016653871503985
0.7201847966799826 0.05919581402059482
0.7212324062934976 0.057993157583539734
0.7222990998456196 0.057179673860733304
0.7233125413887764 0.05617549383325904
0.7244743127936184 0.054961406931539614
0.7253968846546855 0.05416396202624829
0.7264648278463491 0.053289796609821694
0.7273668541621865 0.05211879050351098
0.7285161762391134 0.051460759004082646
0.729487699752742 0.050212557316658524
0.730588203423377 0.04909073335124359
0.7314982691376526 0.048316838248917415
0.732703556996084 0.047058424863222204
0.7335198985639512 0.04623046467565006
0.7345219628030634 0.04528277133769809
0.7355311695510613 0.04440793900719431
0.7365103358698247 0.043381483069802385
0.7375263468818993 0.042317334136245055
0.7385720909766065 0.04139530049185591
0.7395120805848173 0.04050435720012768
0.7404938077477342 0.03948797396328396
0.7415455686060546 0.038575472445928405
0.7424969363037632 0.03764639342080067
0.7433605481520831 0.03682144123751163
0.7443370218931684 0.035759066606245504
0.7453629622380308 0.03463921138145387
0.7462320491797317 0.033986855127506765
0.7472822508101036 0.03294187427161299
0.7482939780265635 0.031806293549017206
0.7492689579958469 0.031132140651855655
0.7500940880055444 0.030024044635863056
0.7511213614130609 0.0291314556197807
0.7518954196386164 0.02850278060763578
0.7529489032132013 0.02735055537544273
0.7539824879413721 0.026256089158732454
0.7547774814159571 0.02551003155105458
0.755682194246692 0.024780701316017506
0.7564996419652558 0.024035194457399434
0.7574444118034513 0.02294333688547412
0.758379820875921 0.021977641340529597
0.759215928702718 0.021461119295205222
0.7601351436560972 0.02041064027972661
0.7610058128835383 0.01942355479786151
0.7620945053414705 0.01855224477082862
0.7627910841487368 0.017727029621903978
0.7637611098455339 0.016813388515396266
0.7646128581498108 0.016012416380454253
0.765637910743443 0.014903723355051302
0.7663823412711399 0.014287010221501362
0.7672475084846472 0.013645933887994288
0.7681581504289658 0.012614026431062353
0.7689766073487246 0.011569231500211719
0.7698255046159577 0.011039289835197197
0.7708153204120789 0.009915078600017724
0.7716202530318002 0.009160588070918463
0.7724390295677437 0.008489710649751014
0.7731986617813512 0.007720056774394801
0.774028606260226 0.006863720742217083
0.775007009010874 0.00559535074799844
0.7757641613113058 0.005139614664292802
0.7766678992780065 0.004095514644721243
0.7774159440164841 0.003441133474093361
0.778120405878209 0.002659106254244925
0.7791501760481724 0.001748358481141854
0.7799272442809405 0.0007764885866839988
0.7807999616740386 0.00023440888619563616
0.7815764703038379 -0.0005206313468075763
0.7824589557740577 -0.0014566372146610496
0.7831805687262272 -0.0021329639953864277
0.7839158516484404 -0.002957443461571563
0.7848489576801462 -0.003904581281731434
0.7856353642795477 -0.00436107723747492
0.7863589113548226 -0.005367442753671847
0.7872572688811228 -0.006295289340848331
0.7878824951692032 -0.006678185901990208
0.788764792919329 -0.007855417652745333
0.7896490362169952 -0.008464128594722009
0.790426113185065 -0.009305502868182769
0.7911670321770804 -0.01022071827168658
0.7918690393724102 -0.010712242489204993
0.7927810336130072 -0.01158813763459765
0.7934511938606221 -0.012418261890691396
0.7942258765352859 -0.01313149359833754
0.7948653822914307 -0.013649593147962324
0.7956503075725787 -0.014365843217432506
0.7965178968929717 -0.015371445078683599
0.7972056289094573 -0.016068302598166717
0.7980558198879167 -0.01688762653610787
0.7987973160805931 -0.017460714896892937
0.7995836298319534 -0.01837083860357791
0.8003006495660739 -0.019081016679433405
0.8009643539960761 -0.01983818891357869
0.8018086728146577 -0.02059787547833658
0.8024025352705744 -0.021029320227014203
0.80319087105994 -0.021865873100221256
0.8038072196876029 -0.022335684328775196
0.8046349516436582 -0.023347448894903033
0.8054574713625109 -0.024095836115432867
0.8062145043537244 -0.02509539606585054
0.8068271027637026 -0.025378513948665082
0.807624865529007 -0.02618615507276889
0.8082942377987756 -0.026888816076405808
0.809023764463304 -0.027723501628131864
0.8095731500311212 -0.028349090693160495
0.8103376666923268 -0.029061403331365643
0.8111258575186691 -0.02968922564931442
0.8118273184041704 -0.030480576718067143
0.8125002034338484 -0.03099092351105326
0.8131759672040565 -0.0317114410243301
0.8138841805142158 -0.032581574332024354
0.8145722368732589 -0.03310455902854903
0.815167279562566 -0.03366290968665964
0.8159725135821114 -0.03453277635988394
0.8167283107137294 -0.035427242696885686
0.8173209742834097 -0.035829519638335916
0.8178572043592125 -0.036229363544970195
0.8184882503279558 -0.037067593364551454
0.8192485320844671 -0.03778992221803734
0.8198975346022885 -0.03860622536614167
0.8204753493047248 -0.038807341912614035
0.8211558113806074 -0.03959507106542981
0.8218838576226957 -0.04050803366251965
0.8225391410758995 -0.04112387020947006
0.8231712517345091 -0.041888530506241306
0.8238063600050043 -0.04226106494933246
0.824582241378892 -0.04302589514701938
0.8250926908238949 -0.04358272452810241
0.8257774126629767 -0.04410802730519481
0.8265439810037203 -0.045062445802394935
0.8271436892273965 -0.04562286955550254
0.8276839214840941 -0.04612546982026133
0.8283034774533885 -0.046713870050064776
0.8290595602321104 -0.047483589440023066
0.8296771241126949 -0.04812082865450107
0.8302302604543176 -0.04870207176447516
0.830772369892866 -0.0492515866987695
0.8316222233252765 -0.05016479733594059
0.8319608851462099 -0.050541538585400225
0.8326488759967818 -0.05109587457242659
0.8331477095817648 -0.051643072926998324
0.8338673491296541 -0.05231014791530153
0.8344755514959599 -0.0528895702271146
0.835116806284143 -0.05360392637631528
0.835823574940153 -0.05419692488344863
0.8363940567164203 -0.054807170682603434
0.8369582854526347 -0.05538428286110708
0.8376736600867719 -0.05609316364251982
0.838196740683149 -0.056592305142680654
0.8387194256388364 -0.057171715541028956
0.8394251115676926 -0.057918150986038364
0.8399880371360714 -0.05846620588049489
0.8405558955569434 -0.05888731711614015
0.8411258888769184 -0.05947985686983803
0.841631593216972 -0.06008329006859836
0.8422432174741198 -0.060678933311849925
0.842846519694581 -0.06118497810233847
0.8434807201713694 -0.0618912970957437
0.8439683472073308 -0.062465863285998124
0.8446146291003299 -0.06284405372470359
0.8451675239564082 -0.06354062184137022
0.8456855494905189 -0.06387329140423303
0.8463426555572096 -0.06451201432446219
0.8469099687344632 -0.06534104695566212
0.8474758176873671 -0.06583352512357465
0.8479251645533055 -0.06635089450854958
0.848471931109503 -0.06682937045009618
0.8489300961173193 -0.06708792882335446
0.8496257908186882 -0.06794471831419124
0.8501589701169898 -0.06876188846427667
0.8507225760661342 -0.06897613298727145
0.8512047996190679 -0.06960303527265155
0.8517620464266875 -0.06994726870302936
0.8523451165714695 -0.0707504597828017
0.8529819526437392 -0.07114788749820256
0.8535553052941615 -0.0718024544492758
0.8539293643958735 -0.07240952323016592
0.8545316545129258 -0.07283150496738111
0.8549943300617452 -0.07328020213582953
0.8554753124933151 -0.07386460800101935
0.8560576062929596 -0.07450047159094997
0.8565818055825368 -0.07527105679047119
0.8572266494950438 -0.07538618259957253
0.857714668464562 -0.07608526001281923
0.8581562504734288 -0.07669191788273455
0.8587477679325615 -0.07706647999371863
0.8591923841180392 -0.07758735603470679
0.8596272557036114 -0.07776763197099135
0.860125552716225 -0.07859390130651
0.8607387038573509 -0.07905368254862433
0.8612726462083806 -0.07955913957857663
0.8617750286824861 -0.08024653550335059
0.8623005360884077 -0.08067571289675324
0.862657525743393 -0.08090845970939009
0.8633443801555061 -0.08158141394697016
0.8637741182352208 -0.08212315075296783
0.8642664044592354 -0.08264573549593224
0.8647115338293321 -0.08308066338883568
0.8652100567845602 -0.08350470620832495
0.8655730796393603 -0.08397383728267893
0.8661785522239045 -0.08441569659117287
0.8666204172422757 -0.08521128985501403
0.8672646641917785 -0.08572278819339374
0.8675712357831864 -0.08590491306220938
0.8680425097425676 -0.08653842492417574
0.8686358871242001 -0.0869709768606286
0.8690581698425399 -0.08753870605644187
0.8696880995052425 -0.08786752738324255
0.8701013676497538 -0.08844269683770634
0.8704889982406023 -0.0887571549327939
0.8710410435434282 -0.0896042627754845
0.8715129099666074 -0.09001525452535175
0.8718688632287828 -0.09020145594763207
0.8724770083527507 -0.09076082818648534
0.8728151536717851 -0.09134096560988769
0.8732861228158288 -0.09171814024845526
0.8737513394115247 -0.09192467787948477
0.8742308238770038 -0.09271295593095008
0.8747363847156828 -0.09304197661497837
0.8751539555559139 -0.09359891809398124
0.8755679506554177 -0.09386142486052784
0.8760474426636691 -0.09430116172023251
0.8764942482973872 -0.09488790338611386
0.8768936040178474 -0.0952515730655521
0.8773763659613918 -0.09571480458862225
0.877843102234672 -0.09637055957243912
0.8782573585041668 -0.09690133333097017
0.8786434330520223 -0.09709238525706465
0.8791906338649828 -0.09749639517221353
0.8795296427211012 -0.09787188491226018
0.8800150711457675 -0.0985216268157505
0.8804309467535688 -0.09876714513051132
0.8808849786803991 -0.09932878097245534
0.881291946874424 -0.0996567884630688
0.8817891439074691 -0.10027890878619516
0.8821906032993198 -0.10052950661512916
0.8826080815392247 -0.10110705574786516
0.8831027260085926 -0.10158318782260634
0.8834624467242888 -0.10181030802036817
0.8838712082751288 -0.10242054827847347
0.8843777701876275 -0.10280429455717754
0.8846798690454317 -0.10322567721005738
0.8851182430994341 -0.10349631977389662
0.8855088913812809 -0.10391480024591082
0.8859993616092569 -0.10438543501137254
0.8864381901746211 -0.10489672850376353
0.886768885391718 -0.10511179023697659
0.8871607974279287 -0.10565415697041791
0.8875012347370567 -0.10598422905433058
0.8880424682396248 -0.10674500652120034
0.8883687842281273 -0.10679437741306963
0.8888318517899344 -0.10735730358325812
0.8891859137327701 -0.1076878739224022
0.8895720097153077 -0.10791928179565757
0.889901921006767 -0.10862223827983197
0.8904065363812146 -0.10900324411408868
0.8908217834934785 -0.10934954909586192
0.8911682569641567 -0.10970767085123356
0.891575019530865 -0.11009613121741013
0.8919713441414976 -0.11049316957845345
0.8924600091970925 -0.11096812472809714
0.8927627248516925 -0.11135201338694745
0.8931780909536583 -0.11192706519436701
0.8935164279680519 -0.11209254924330558
0.893931748622589 -0.11257606324537417
0.8942935769951827 -0.11279617741128467
0.8947566159348568 -0.11327565456283573
0.895033230080221 -0.11362088679632654
0.8954525119720026 -0.11418731771762658
0.8958418195209841 -0.11450987456882777
0.8962156853553196 -0.11493044326713453
0.8966527765429231 -0.11517680966054678
0.8970106062827499 -0.11562122299789102
0.897411077087673 -0.11616694021306884
0.8976894033343753 -0.11638691603010687
0.8981109498696591 -0.11672408450156713
0.8983417370360856 -0.11703657773542697
0.8987829762575322 -0.11731443077041781
0.8990926659988656 -0.11775455172143867
0.8995934875095457 -0.11827567982505016
0.899881247567425 -0.11848281511551229
0.9002046509036388 -0.11884447898499695
0.9006568175467077 -0.11959822237742246
0.9009118776991455 -0.11970994142900071
0.9012561763409332 -0.12012327912166532
0.9015957593216992 -0.12030515166777134
0.9021004321898205 -0.12097160630562809
0.9024000554085798 -0.12126734121210969
0.9027166799558913 -0.1216159952774526
0.9030929397219887 -0.12192373399010825
0.9033820792161579 -0.12238823082861161
0.9038143018635149 -0.12249776179859084
0.9041568618602572 -0.12324499322441851
0.9044281414000356 -0.12335320066243283
0.9048166498803106 -0.12391735484126432
0.9051987874028726 -0.12425810601790621
0.9055241535417456 -0.12441686395115814
0.9058211102246664 -0.12480812829216614
0.9061884715283056 -0.12531748026735767
0.9064777055708442 -0.1254204337074767
0.9067991382797932 -0.12572407031713684
0.9071716133342965 -0.12615332235051302
0.9075680738335045 -0.12653766660216947
0.9078273573673391 -0.12677744573749317
0.9081568229208737 -0.127201610408762
0.9085313016884272 -0.12750880040099066
0.908876943224663 -0.1278556218058241
0.909178778238136 -0.12824761991817213
0.9094553431436703 -0.1286384100130633
0.9098877898881643 -0.12920811521884445
0.9100904405026814 -0.12916217820870302
0.9104285149511995 -0.12968400478475495
0.9108340274651917 -0.12985464114919665
0.9110634788512483 -0.1304435868613777
0.9114071925433628 -0.13049006736137503
0.9118080661908028 -0.13116152207628562
0.9121170745683922 -0.13123859866385335
0.9123152140859895 -0.13172219666994966
0.9127581334673611 -0.13220738740827875
0.9130494985916817 -0.13239163176605895
0.9133070859355273 -0.13258249804658828
0.9135624583678397 -0.13289268365726703
0.9138950417042236 -0.1332052456559224
0.914276603709887 -0.13374637273220424
0.9145605504965968 -0.13390226238566894
0.9147542579638266 -0.13412738607004493
0.915123729546121 -0.1347792437374249
0.9154431935526216 -0.13476722411591713
0.9157328187880275 -0.1351877118280217
0.916003321773357 -0.13530225332922674
0.9163504273450676 -0.13590216748007844
0.9166346145012743 -0.13629912375813924
0.9168851854439777 -0.13644258722382374
0.9173234971349974 -0.13670838601650626
0.9175533957787599 -0.13709974983350592
0.9178873574547748 -0.1374976257053746
0.9181381584040821 -0.13773516917837625
0.9184491110442906 -0.13803409009775003
0.9187778110445305 -0.13850132365867218
0.9190131363822941 -0.1385112987604601
0.9192744365232659 -0.13914697519866004
0.9195873337660111 -0.1394010086391021
0.9198797921381483 -0.1395629131555587
0.9202445244332136 -0.1401217754728723
0.9203722645691211 -0.14025294497747665
0.9207088383783434 -0.1403530221368382
0.9209987102939209 -0.14088132334091574
0.9213169519461857 -0.1413717499447964
0.9216153651166449 -0.14157726362429213
0.921855134208917 -0.14173282022311673
0.922165540407603 -0.14211538724623018
0.9225306910948827 -0.14254237513214174
0.9226935995415382 -0.14262945357658974
0.9230019296634853 -0.14297436047195644
0.9231864698247458 -0.1434274496073249
0.9235380140888614 -0.14376776555162807
0.9237266374951959 -0.14379657364849374
0.9240560308298335 -0.14412491619311962
0.924355284442805 -0.1445838752724652
0.9245497921921665 -0.14467161052348743
0.9249552920894566 -0.14516990160755983
0.9251897610832944 -0.1454504855482588
0.9254187391570242 -0.14563191797183583
0.9257485660301894 -0.14607389918842228
0.9259998085817153 -0.14627152171898394
0.9261783664403295 -0.14681480171054628
0.9264477369718765 -0.14699015238278068
0.9267506609846237 -0.14725330659554303
0.9270000954372624 -0.14745550932801899
0.9273119159465844 -0.14798421928396532
0.9274848830156206 -0.14788742859884718
0.9277575681776571 -0.14844265829715386
0.9280914364567873 -0.14871601106350452
0.9282314260985932 -0.1488295851979421
0.9284650491925102 -0.1491145892142891
0.9287662214703446 -0.149308747381368
0.9290112081748377 -0.1498330557306925
0.9292824018947193 -0.14998392726318344
0.9296536961783908 -0.15037913766116806
0.9298574638261125 -0.15075912045808704
0.9300501812008886 -0.15096588768708608
0.9302619344385208 -0.151411729324193
0.9305572310221104 -0.15165502961341004
0.9309149227644933 -0.15195132075377815
0.9310899818040224 -0.1523383757264256
0.9312951923354671 -0.15237378860687723
0.9314948143945541 -0.1526024908362018
0.9317108828259576 -0.15287680865672437
0.9319990102145348 -0.15335525309802178
0.9323014140090922 -0.1535681732060168
0.9325504246025001 -0.1540525597125485
0.9327927102822176 -0.15420238343442771
0.9329261540960718 -0.15447865457020526
0.933184218195712 -0.15481089657968816
0.933408695661204 -0.15477420867105174
0.9336700603920531 -0.15530036941620207
0.9339781255337491 -0.15571029304226336
0.9341416646425326 -0.15578565767610508
0.9344003994072837 -0.1562397588941432
0.9346006101562916 -0.15664823442589682
0.9348583001634381 -0.1566041958349318
0.9351148171102267 -0.15698266337782318
0.9352735811897122 -0.1573294420656839
0.9355841139887686 -0.15747409450867655
0.9358097019105127 -0.1578781032755796
0.9360274931401662 -0.15794853661952168
0.9362268909098638 -0.15829249082077423
0.9365058992581761 -0.15879720379711304
0.9367671712573388 -0.1588442273067322
0.9368908984712991 -0.15928472172573982
0.9371360124469628 -0.15970147525844713
0.9374245201097514 -0.15990107494360506
0.9375411259930914 -0.1598072639861351
0.937781130068024 -0.1603803682229331
0.9380399206005625 -0.16043416163490254
0.9382596488921354 -0.16095278066764462
0.9384482734844004 -0.1611683982469414
0.9386760586971168 -0.16137766919840013
0.9389279615064832 -0.1616942704915607
0.9391095987164856 -0.1620845092029909
0.939367298439727 -0.16250568669523902
0.9395547901037116 -0.1626624986537193
0.9397857888705581 -0.16279654953060985
0.9399715596334292 -0.16309970016441555
0.9401627890851453 -0.16332734052265707
0.9404473535791528 -0.1636195417170686
0.9406134118341154 -0.16383764478986818
0.9408589992361394 -0.16415043922418526
0.9410647636465763 -0.1645308264473957
0.9413180882871797 -0.16463582477009608
0.9414713291021305 -0.16511378122738074
0.9416286676786062 -0.16530950407248624
0.9418425491975227 -0.16547948896650444
0.9420631943472451 -0.16593482721031538
0.9422497203730773 -0.1661383895889419
0.9424699165437983 -0.16628494457828402
0.9427075823287122 -0.1667064375999926
0.9429136098805132 -0.16693588769811873
0.943125119662022 -0.16712148649233882
0.9432752862173627 -0.1675848313200653
0.9434959050381391 -0.16756741292191424
0.9436465844027505 -0.1680230667399728
0.9439043529977271 -0.16818603860544679
0.9440850107000357 -0.16860613354337806
0.9442689241329831 -0.16875290274682442
0.9444894727796672 -0.16913621383010857
0.9447884008548724 -0.169534147479377
0.9448828028025238 -0.16973166662494088
0.9450715943773528 -0.16994056988250306
0.9452392287157627 -0.17000198007542555
0.9453875195390293 -0.17037222406612273
0.9456744656741389 -0.17073326274525846
0.945863993900267 -0.17092010382790368
0.9460744829712769 -0.17136447935542887
0.9462574971304978 -0.17160387150630307
0.9464647665819045 -0.17175751479708057
0.9465975831717667 -0.1721081267284127
0.946797772902852 -0.17238896457225716
0.9469786433645881 -0.17274978333372104
0.9471991937465665 -0.17289115026083834
0.9474147120403095 -0.17321475197157776
0.9475986635475364 -0.17359176859084569
0.9477546173585986 -0.17377604152036874
0.9478783654715703 -0.1739861468509225
0.9480746651140358 -0.17430806056992199
0.9482820871205735 -0.17460087111450617
0.9484949816668135 -0.17495569799675426
0.9486541960867794 -0.17510752056501722
0.9488551902365818 -0.17530435122503163
0.9490428692779042 -0.17584074901696567
0.9491493225691028 -0.17582531876228957
0.9493311728990832 -0.1760381360124883
0.949564585669529 -0.1763695387351476
0.9496884029933814 -0.1768578077618339
0.9499307645350901 -0.17694174098260862
0.9500251533254637 -0.17700959490871704
0.9502423768847628 -0.17779142940767523
0.950441344269904 -0.17784596318887425
0.9505767356708823 -0.1784272111119578
0.9507815713755384 -0.17860289401606477
0.9510110949826264 -0.1788951108609781
0.9511061901922453 -0.1789554756774061
0.9513448982935897 -0.17920027405149397
0.9514756853282365 -0.17963774915872932
0.9516426729070334 -0.17987349171993727
0.9517771533548628 -0.1800290606165088
0.9519772722526005 -0.18035510095759566
0.9521236795311587 -0.1807169346529165
0.9522968901402115 -0.18090500683441857
0.9525145260405903 -0.18115990249654423
0.9526906715514594 -0.1816319852395134
0.9527559509833166 -0.18182651286483753
0.9530308013530305 -0.18209166305535118
0.9531546828049765 -0.18249635924241103
0.9533232998617978 -0.18275240851934682
0.9535201761064295 -0.18294880201585528
0.9536978531133441 -0.18322471106376648
0.9537950132818644 -0.18360344576496157
0.9539474372376433 -0.18387695380200975
0.954106544669109 -0.18408792057858636
0.9543285240684106 -0.18445612050895643
0.9544364399449844 -0.184370156180106
0.9546542672849551 -0.1847557996278789
0.9548445276938586 -0.18530315359385474
0.9549480534663117 -0.18553684122266656
0.9550847645213171 -0.1858476266507455
0.9552078179313044 -0.18608012819845188
0.9554182886440595 -0.18632750992970604
0.9556042080233352 -0.1867214770494915
0.9557413120525128 -0.1869453770203332
0.9558262694909087 -0.18735823329805845
0.9560260993347337 -0.18747673578167945
0.9561592222405733 -0.18798212450657736
0.9563516192552032 -0.18808435647147437
0.9565170315101984 -0.18859210900886147
0.9566453362315614 -0.18858318856490364
0.9568080988849814 -0.18897730661416068
0.9570410595434956 -0.18945913588338048
0.9571722205194166 -0.18968252076652803
0.9572190150495213 -0.18987638289218756
0.9574314204613749 -0.19027497598459842
0.9575694111962971 -0.19050891281488114
0.9577718058136355 -0.19081717322480407
0.9578556938116438 -0.19102655800517176
0.9579900002612037 -0.19132851409899476
0.9581687621858144 -0.19164307564650152
0.9583906278154639 -0.1921708051544042
0.9584149941391312 -0.19225259718815135
0.9586374421485943 -0.19269957917116176
0.9587913157367702 -0.19292113563963276
0.9588916366576059 -0.19304077772229444
0.9590343831508463 -0.19350963855333658
0.95913682265666 -0.1937577087315686
0.959338054407705 -0.19415738313771302
0.9594694203436227 -0.19453455730066427
0.9595880138793728 -0.19474749578338224
0.959753964941066 -0.19509372764075072
0.9599087791931034 -0.19541371577420175
0.9599884711004193 -0.195581210467496
0.9601484348447644 -0.1960129854793382
0.9603174098607747 -0.19630499684269798
0.9604381485127517 -0.19661950896127445
0.960525321461313 -0.19691844527827174
0.9606127672731241 -0.19696890346669227
0.9608632721954052 -0.19751967512647817
0.9609995784641217 -0.19791616160807335
0.9611568594528975 -0.19810873509862825
0.9612261180985996 -0.19860242970770303
0.9613751774094048 -0.19875276230187233
0.961494545519797 -0.19904388305021836
0.9616934592681899 -0.19934044750820357
0.9619141186261506 -0.199964170670333
0.9620323961232028 -0.20007571773853117
0.9620858418120719 -0.2002901084807336
0.9622570316009197 -0.2008582271478213
0.9622884678191196 -0.20097447676903146
0.9624022733621793 -0.20110992022560592
0.9626165034422981 -0.2017892469253978
0.9627482173490571 -0.20191192776988287
0.9627958738155217 -0.20214910550976095
0.9630038573889852 -0.20267134112393403
0.9630879336545224 -0.20281800010120254
0.9632106953560404 -0.20327534094842226
0.9633729407070547 -0.20368567570613838
0.9635222338253765 -0.20393249659722346
0.9636720284303627 -0.20431628690861048
0.9637808116592165 -0.20448892536645558
0.9639075012308781 -0.2049309736118924
0.9639720224264937 -0.2052502047391297
0.9641763792360935 -0.20570269973727207
0.9642547890792141 -0.20609826097738537
0.9643953457055832 -0.2063110136890418
0.9645055026720161 -0.20653940974534002
0.9646831438149602 -0.207117080258853
0.964779780289941 -0.20740851826634066
0.9648894526174517 -0.2076933298168172
0.9650245647530766 -0.20813667679494663
0.9651107207946882 -0.20842504292772357
0.9652581508690445 -0.20882410046913247
0.9653810463849994 -0.20901022940306535
0.9655077994815849 -0.2091759537102057
0.96563814725703 -0.20993220427471904
0.9657724373325117 -0.21013025227147508
0.9658796200979 -0.2105755025412993
0.9659476697433523 -0.2109225853153912
0.9660786508477784 -0.21115015937350046
0.9661743644241687 -0.21148137190133265
0.9664023075086987 -0.21184705427737804
0.9664622700653639 -0.2123131213995476
0.9665865899694098 -0.21248506849850968
0.9667022635378982 -0.21297201531099208
0.966845863803729 -0.21333865458530588
0.966941058435569 -0.21360727782185684
0.9670584267052909 -0.21397852647785687
0.9671064799941971 -0.21431722728290747
0.9672484108567104 -0.21486839595907747
0.9673847550134925 -0.2151781026351004
0.9675317744662189 -0.2154548898890336
0.9676400894656698 -0.21581824635971047
0.9677493271025379 -0.21624352297550198
0.9678463879447416 -0.21668530970924982
0.967959632667037 -0.2170006236691968
0.9680629033017367 -0.21738470363015083
0.968199409022171 -0.21762436792159479
0.9683373570671211 -0.2182134984273424
0.9684004999882004 -0.21853639578199424
0.9685275254754243 -0.21899116234288563
0.9686396685612064 -0.2194867999054002
0.9687505525956227 -0.21976724855728447
0.9688357294069119 -0.21990731403078034
0.9689742142454644 -0.22055915197589127
0.9690674378588958 -0.22075959985081817
0.9692190080190594 -0.22139759932706904
0.9692564249657385 -0.2215696196329533
0.9693526436771629 -0.2220126032264662
0.9694715373091024 -0.2223245848483314
0.9695824950668007 -0.2228619425267261
0.9697358809347832 -0.22323078960606846
0.9697881090957045 -0.22361566235670394
0.9699254726811585 -0.2240710024793494
0.9700147415731312 -0.22434185493297176
0.9701263036652806 -0.2248802942670266
0.9701549655283095 -0.22515137821160947
0.9703497673503038 -0.22570874735916246
0.9703917793594341 -0.22608296206840373
0.9705391441144009 -0.2263959322130642
0.9705875709606459 -0.22678950067664416
0.9707772897858815 -0.22724809471550045
0.9708165309315072 -0.22753517885098062
0.9709223903675824 -0.2281498308319322
0.9710667618738658 -0.22846728823131146
0.9711834141676062 -0.22880779768785386
0.9712468432703253 -0.22932760194963497
0.971365783663538 -0.22987782592727346
0.9714530829682413 -0.23006739870797777
0.9715404887989382 -0.2306019444918629
0.9716518103685247 -0.23104480943952865
0.9717518140898592 -0.2313696583594923
0.9718183120161354 -0.23166599498732765
0.9719112392139635 -0.23229145529995465
0.9720404683694088 -0.2327443968940679
0.9721281986671809 -0.23323671604769036
0.9722768061264201 -0.23372728555099276
0.972370813254593 -0.23392607937030396
0.9724438293661807 -0.23458934846150592
0.9724962532057442 -0.23477429738972555
0.9726068513648853 -0.23538590870118248
0.9727737838190942 -0.2357904310948471
0.9728281264839089 -0.23637763090610386
0.9728923891457739 -0.23678241122314536
0.9730322104930932 -0.23723359469290772
0.9730866367825716 -0.23762536073997154
0.9731751256610198 -0.23812160271748628
0.9732530518706355 -0.2385546270896024
0.9733914213695315 -0.2390306663277063
0.973495511354041 -0.23937230852404723
0.9735634068418132 -0.24003664087033416
0.9736599084571418 -0.24032694869876003
0.9737232079562914 -0.24073332966415117
0.9738387157468329 -0.24129779137963836
0.9739735237821776 -0.24175628436297814
0.9739951931146053 -0.2421450320444577
0.9740744200584116 -0.24275781814556263
0.9742074364427289 -0.24320276363873927
0.974276118806297 -0.2436826494259764
0.9743451360923238 -0.24407524730699304
0.9744687285200313 -0.24462771528722294
0.9745256426099659 -0.2451389107364993
0.9746145134765166 -0.2453107770262989
0.9746598675214095 -0.24608498007529422
0.9748336239880612 -0.24663429974364337
0.9749107416882739 -0.24707149821784635
0.9750080838675963 -0.24749905446804998
0.975080951323957 -0.2480005914116562
0.9751610659319421 -0.24857247162335172
0.9752273747516154 -0.248972455783518
0.9753152606465076 -0.24959370734747188
0.975387084889728 -0.25004232749078115
0.9755203979576744 -0.25064780618161275
0.9755653400840611 -0.25111665571273867
0.9756563622009679 -0.251632261835535
0.9757583720341797 -0.252175631022732
0.9758416276594798 -0.25264833667414377
0.9758834499925646 -0.2531037117931234
0.9760105011194211 -0.2535832528505697
0.9760742013354888 -0.25416019174380744
