0
1
2
3
4
5
6
7
8
9
10
11
12
13
14
15
16
17
18
19
20
21
22
23
24
25
26
27
28
29
30
32
33
34
35
36
37
38
39
40
41
42
43
44
45
46
47
48
49
50
51
52
53
54
55
56
57
58
59
60
61
62
64
65
66
67
68
69
70
71
72
73
74
75
76
77
78
79
80
81
82
83
84
85
86
87
88
89
90
91
92
93
94
96
97
98
99
100
101
102
103
104
105
106
107
108
109
110
111
112
113
114
115
116
117
118
119
120
121
122
123
124
125
128
129
130
131
132
133
134
135
136
137
138
139
140
141
142
143
144
145
146
147
148
149
150
151
152
153
154
155
156
157
158
160
161
162
163
164
165
166
167
168
169
170
171
172
173
174
175
176
177
178
179
180
181
182
183
184
185
186
187
188
189
190
192
193
194
195
196
197
198
199
200
201
202
203
204
205
206
207
208
209
210
211
212
213
214
215
216
217
218
219
220
221
222
224
225
226
227
228
229
230
231
232
233
234
235
236
237
238
240
241
242
243
244
245
246
248
249
250
252
256
257
258
259
260
261
262
263
264
265
266
267
268
269
270
271
272
273
274
275
276
277
278
279
280
281
282
283
284
285
286
288
289
290
291
292
293
294
295
296
297
298
299
300
301
302
303
304
305
306
307
308
309
310
311
312
313
314
315
316
317
318
320
321
322
323
324
325
326
327
328
329
330
331
332
333
334
335
336
337
338
339
340
341
342
343
344
345
346
347
348
349
350
352
353
354
355
356
357
358
359
360
361
362
363
364
365
366
368
369
370
371
372
373
374
376
377
378
380
384
385
386
387
388
389
390
391
392
393
394
395
396
397
398
399
400
401
402
403
404
405
406
407
408
409
410
411
412
413
414
416
417
418
419
420
421
422
423
424
425
426
427
428
429
430
432
433
434
435
436
437
438
440
441
442
444
448
449
450
451
452
453
454
455
456
457
458
459
460
461
462
464
465
466
467
468
469
470
472
473
474
476
480
481
482
483
484
485
486
488
489
490
496
512
513
514
515
516
517
518
519
520
521
522
523
524
525
526
527
528
529
530
531
532
533
534
535
536
537
538
539
540
541
542
544
545
546
547
548
549
550
551
552
553
554
555
556
557
558
559
560
561
562
563
564
565
566
567
568
569
570
571
572
573
574
576
577
578
579
580
581
582
583
584
585
586
587
588
589
590
591
592
593
594
595
596
597
598
599
600
601
602
603
604
605
606
608
609
610
611
612
613
614
615
616
617
618
619
620
621
622
624
625
626
627
628
629
630
632
633
634
636
640
641
642
643
644
645
646
647
648
649
650
651
652
653
654
656
657
658
659
660
661
662
663
664
665
666
667
668
669
670
672
673
674
675
676
677
678
679
680
681
682
683
684
685
686
688
689
690
691
692
693
694
696
697
698
704
705
706
707
708
709
710
711
712
713
714
715
716
717
718
720
721
722
723
724
725
726
728
729
736
737
738
739
740
744
752
768
769
770
771
772
773
774
775
776
777
778
779
780
781
782
784
785
786
787
788
789
790
791
792
793
794
795
796
797
800
801
802
803
804
805
806
807
808
809
810
811
812
813
816
817
818
819
820
821
824
832
833
834
835
836
837
838
839
840
841
842
843
844
848
849
850
852
856
864
865
866
868
872
880
896
897
898
899
900
901
902
904
905
906
908
912
913
914
916
920
928
929
930
932
960
961
962
1024
1025
1026
1027
1028
1029
1030
1031
1032
1033
1034
1035
1036
1037
1038
1039
1040
1041
1042
1043
1044
1045
1046
1047
1048
1049
1050
1051
1052
1053
1054
1056
1057
1058
1059
1060
1061
1062
1063
1064
1065
1066
1067
1068
1069
1070
1072
1073
1074
1075
1076
1077
1078
1079
1080
1081
1082
1084
1088
1089
1090
1091
1092
1093
1094
1095
1096
1097
1098
1099
1100
1101
1102
1104
1105
1106
1107
1108
1109
1110
1111
1112
1113
1114
1116
1120
1121
1122
1123
1124
1125
1126
1128
1129
1130
1132
1136
1137
1138
1140
1144
1152
1153
1154
1155
1156
1157
1158
1159
1160
1161
1162
1163
1164
1165
1166
1168
1169
1170
1171
1172
1173
1174
1176
1177
1178
1180
1184
1185
1186
1187
1188
1189
1190
1192
1193
1194
1196
1200
1201
1202
1204
1208
1216
1217
1218
1219
1220
1221
1222
1224
1225
1226
1228
1232
1233
1234
1236
1248
1249
1250
1280
1281
1282
1283
1284
1285
1286
1287
1288
1289
1290
1291
1292
1293
1294
1296
1297
1298
1299
1300
1301
1302
1304
1305
1306
1308
1312
1313
1314
1315
1316
1317
1318
1320
1321
1322
1324
1328
1329
1330
1344
1345
1346
1347
1348
1349
1350
1352
1353
1354
1360
1376
1408
1409
1410
1412
1416
1424
1440
1472
1536
1537
1538
1539
1540
1541
1542
1543
1544
1545
1546
1547
1548
1549
1550
1552
1553
1554
1555
1556
1557
1558
1560
1561
1568
1569
1570
1571
1572
1576
1584
1600
1601
1602
1604
1608
1616
1632
1664
1665
1666
1668
1672
1792
1793
1794
