0
512
256
128
64
32
768
16
640
384
576
320
192
544
8
288
160
528
896
272
4
96
832
144
704
520
800
448
2
264
80
672
136
416
784
516
48
608
1
72
260
656
352
400
132
960
40
514
224
776
592
68
258
336
24
648
928
560
130
36
208
513
392
304
584
772
66
257
864
20
328
176
912
129
644
34
12
552
736
200
112
388
65
18
296
480
580
770
848
33
536
10
168
324
280
17
6
642
104
548
720
196
904
152
9
386
292
464
816
578
769
88
5
532
164
322
840
56
688
3
276
100
641
546
194
432
524
148
385
712
290
624
268
84
900
577
530
456
162
368
808
140
52
992
321
274
98
240
76
545
193
522
146
680
44
836
289
266
82
424
28
792
529
161
518
138
50
616
708
273
97
262
74
360
664
452
521
145
898
134
42
232
804
976
408
265
81
70
26
600
517
137
49
38
676
344
261
73
22
420
834
568
216
515
133
41
788
14
612
312
259
69
25
356
706
184
944
131
37
660
228
450
120
67
21
404
897
802
780
35
13
596
19
340
968
674
880
652
11
564
212
418
833
396
7
308
786
610
752
588
180
354
496
705
332
116
658
226
449
556
204
402
801
300
778
594
936
540
172
338
673
284
108
650
562
210
417
156
394
306
785
609
92
774
586
178
872
353
60
330
114
964
657
225
646
554
202
744
401
390
298
488
920
777
593
582
538
170
337
326
282
106
649
561
209
550
198
154
393
305
294
90
856
773
585
177
534
166
58
932
329
113
278
102
728
645
553
201
526
150
472
389
297
270
86
824
771
581
537
169
142
54
868
325
281
105
78
696
643
549
197
153
46
440
740
387
293
89
962
30
632
484
579
533
165
57
916
376
323
277
101
248
547
195
525
149
291
269
85
531
163
141
53
852
275
99
77
523
147
45
724
930
267
83
29
468
908
519
139
51
820
263
75
135
43
692
866
71
27
1008
436
844
39
628
738
23
372
482
961
716
15
244
914
460
812
684
850
428
796
620
722
364
466
929
668
236
906
818
412
604
690
348
434
865
572
220
842
626
316
370
737
188
714
242
481
124
458
913
902
810
1000
682
426
849
838
794
618
362
721
710
666
234
465
454
905
410
817
806
602
346
689
678
570
218
433
422
841
314
625
790
614
186
369
358
713
122
241
662
230
457
984
406
901
809
782
598
342
681
654
566
214
425
398
310
837
793
617
590
182
361
334
118
709
665
233
558
206
453
409
952
302
899
805
601
542
174
345
996
286
110
677
569
217
158
421
313
888
94
835
789
613
185
62
357
121
760
707
661
229
504
451
405
803
781
597
341
675
653
565
213
419
397
309
787
611
589
181
355
333
117
659
227
557
205
403
301
779
595
541
173
980
339
285
109
651
563
211
157
395
307
93
775
587
179
61
331
115
647
555
203
391
299
583
539
171
948
327
283
107
551
199
155
295
91
535
167
59
884
279
103
994
527
151
756
271
87
500
972
143
55
79
47
31
940
876
978
748
492
924
860
946
732
476
828
882
700
754
993
444
498
636
970
380
252
938
874
746
977
490
966
922
858
730
945
474
934
826
698
881
442
870
634
753
378
497
742
969
250
486
918
854
726
937
470
910
822
694
873
438
846
630
745
374
489
718
246
965
921
462
814
686
857
430
798
622
729
366
473
670
238
933
825
414
606
697
350
441
222
574
869
633
318
377
190
741
249
126
1016
485
963
917
853
725
469
931
909
821
693
437
867
845
629
373
739
717
245
483
461
915
813
685
429
851
797
621
365
723
669
237
467
413
907
819
605
349
691
221
573
435
317
843
627
189
371
125
715
243
459
903
811
683
427
839
795
619
363
711
667
235
455
411
807
603
347
679
219
571
423
315
791
615
187
359
123
663
231
407
783
599
1012
343
655
567
215
399
311
591
183
335
119
207
559
303
175
543
287
111
159
95
63
1004
988
956
1010
892
764
508
1002
986
954
890
1009
762
506
998
982
950
886
1001
758
502
974
942
878
985
750
494
926
862
953
734
478
830
889
702
761
446
505
638
997
382
254
981
949
885
757
501
995
973
941
877
749
493
979
925
861
733
477
947
829
701
445
883
637
381
755
253
499
971
939
875
747
491
967
923
859
731
475
935
827
699
443
871
635
379
743
251
487
919
855
727
471
911
823
695
439
847
631
375
719
247
463
815
687
431
799
623
367
671
239
415
607
351
223
575
319
191
127
1020
1018
1014
1006
990
958
1017
894
766
510
1013
1005
989
957
893
765
509
1011
1003
987
959
891
763
991
507
751
895
479
767
255
503
999
943
879
639
863
831
703
975
1007
511
927
951
735
759
887
955
1015
983
447
383
1019
495
1021
1022
1023
