0
64
128
256
512
32
16
768
640
384
576
8
320
192
544
288
160
528
272
96
4
144
896
520
80
832
264
704
800
448
136
2
672
48
416
784
608
516
72
352
656
260
400
224
1
592
132
40
776
336
960
648
514
68
560
208
928
392
258
24
304
584
864
772
36
130
328
912
176
736
513
644
552
200
66
848
20
480
257
112
388
296
580
720
34
129
904
770
536
168
12
324
816
464
280
548
65
642
18
840
104
196
688
152
292
386
33
10
432
712
578
532
992
769
624
164
88
900
808
17
456
322
6
276
368
100
56
546
641
194
9
680
524
148
836
240
290
385
976
424
5
792
268
84
577
530
162
616
708
140
3
321
52
274
360
664
98
804
898
452
545
76
193
522
944
146
232
408
289
44
676
266
600
82
529
968
161
834
28
420
518
138
344
50
788
880
273
97
612
568
262
74
216
706
521
145
356
312
134
660
42
752
450
265
81
802
228
897
184
70
404
26
496
936
517
137
780
49
596
120
38
674
261
73
340
22
652
515
418
133
41
833
564
212
14
786
872
610
396
259
69
25
964
308
588
354
131
37
705
180
658
744
920
332
226
67
21
449
116
402
801
488
556
204
35
13
778
594
300
19
338
673
540
172
932
11
650
856
562
210
417
284
108
7
394
785
306
609
156
774
586
728
178
353
92
330
472
657
114
868
225
824
60
646
554
202
401
390
962
298
777
593
740
696
582
916
538
170
337
484
1008
440
326
282
106
649
561
209
632
550
198
154
393
305
376
294
773
90
585
177
852
248
534
166
58
329
113
278
102
930
645
553
201
724
526
150
389
297
468
908
270
86
771
581
537
169
820
142
54
325
281
105
866
78
643
549
197
153
692
46
387
293
89
436
844
738
30
579
533
165
57
961
628
482
914
323
277
101
1000
372
716
547
195
525
149
244
460
291
269
85
812
531
163
141
53
850
275
99
77
684
523
147
45
428
722
267
83
29
929
796
620
466
519
139
51
906
364
818
263
75
668
236
135
43
412
690
71
27
865
604
434
39
842
984
348
626
23
737
572
220
370
15
481
714
913
316
242
458
188
902
810
124
682
849
996
426
952
838
794
618
721
362
465
710
666
234
905
817
454
410
888
806
602
689
346
433
760
678
570
218
841
625
504
422
314
369
790
614
186
713
241
358
122
457
662
230
901
809
406
980
782
598
681
342
425
654
566
214
837
793
617
398
310
361
590
182
709
665
233
334
118
453
409
558
206
899
805
601
302
948
345
542
174
677
569
217
286
110
421
313
994
158
835
789
613
185
94
357
884
121
62
707
661
229
451
405
756
972
803
781
597
500
341
675
653
565
213
419
397
309
787
611
589
181
355
333
117
659
227
557
205
403
301
940
779
595
541
173
339
285
109
978
651
563
211
157
395
307
93
876
775
587
179
61
331
115
748
647
555
203
492
391
299
924
583
539
171
327
283
107
946
551
199
155
295
91
860
535
167
59
279
103
732
882
527
151
993
476
271
87
828
754
143
55
970
498
79
700
47
444
31
636
380
252
938
874
977
746
490
966
922
858
945
730
1016
474
934
826
881
698
753
442
870
497
634
969
378
742
250
486
918
854
937
726
470
910
822
873
694
745
438
489
846
630
965
921
374
718
246
462
814
857
686
729
430
473
798
622
933
825
366
670
238
697
414
441
606
869
633
350
377
574
222
741
249
318
485
190
963
917
126
1012
853
725
469
931
909
821
693
437
867
845
629
373
739
717
245
483
461
915
813
685
429
851
797
621
365
723
669
237
467
413
907
819
605
349
691
573
221
435
317
843
627
189
371
125
715
243
1004
459
903
811
683
427
839
795
619
363
711
667
235
455
411
807
603
347
679
219
571
423
315
791
615
187
359
123
663
231
988
407
783
599
343
655
567
215
1010
399
311
591
183
335
119
559
207
956
303
175
543
287
111
159
892
95
63
764
508
1002
986
954
1009
890
762
998
506
982
950
1001
886
758
502
974
942
985
878
750
494
926
953
862
889
734
478
761
830
505
997
702
446
638
382
254
981
949
885
757
501
995
973
941
877
749
493
979
925
861
733
477
947
829
701
445
883
637
381
755
253
499
971
939
875
747
491
967
923
859
731
475
935
827
699
443
871
635
379
743
251
487
919
855
727
471
911
823
695
439
847
631
375
719
247
463
815
687
431
799
623
367
671
239
415
607
351
223
575
319
191
127
1020
1018
1014
1006
990
1017
958
894
766
510
1013
1005
989
957
893
765
509
1011
1003
987
955
891
763
507
999
983
951
887
759
503
975
943
879
751
495
927
863
735
479
831
703
447
639
383
255
1007
959
1015
767
511
895
1019
991
1021
1022
1023
