0
8
16
32
64
128
256
512
640
768
384
576
320
192
544
288
160
4
96
528
272
144
80
520
264
136
48
2
896
832
72
704
800
448
672
516
416
260
608
784
40
352
656
132
400
224
592
1
336
68
776
648
208
24
560
514
392
304
258
584
36
960
328
176
130
928
772
552
200
864
644
912
112
296
736
66
388
20
513
848
480
580
168
257
720
536
324
904
816
34
770
464
280
129
548
104
12
840
196
688
642
292
152
712
432
386
65
18
624
808
578
164
456
900
532
88
992
368
680
322
769
276
33
836
10
100
546
424
240
976
792
56
194
641
148
616
524
708
290
17
804
664
385
6
360
944
268
452
84
898
577
530
162
408
676
968
9
232
140
600
321
274
880
52
98
834
420
788
545
344
5
76
522
193
146
612
936
752
568
289
706
216
660
266
356
44
82
3
496
802
529
312
450
161
404
897
518
138
228
872
780
964
50
28
273
596
184
97
674
262
74
920
521
340
145
744
120
652
418
833
786
134
42
564
265
610
212
81
488
396
932
70
26
856
308
517
588
137
354
705
658
49
38
180
261
332
801
73
449
226
402
728
778
868
22
556
116
594
515
133
204
41
1008
472
824
962
14
673
300
338
259
69
916
25
650
740
417
562
540
172
210
131
37
785
696
394
484
609
306
284
108
67
774
21
586
440
353
178
156
852
657
35
13
632
330
930
225
114
92
646
401
19
554
376
202
777
724
60
390
593
1000
11
298
908
248
468
582
337
7
538
170
820
649
866
326
561
209
282
106
393
550
198
305
692
154
773
844
585
961
738
914
294
177
436
90
329
482
534
166
113
628
58
645
716
553
201
278
102
372
984
389
460
297
526
150
812
850
244
771
581
537
169
270
86
325
281
105
929
142
54
684
722
643
549
197
153
78
906
428
466
996
387
293
89
818
796
46
620
579
533
165
57
952
30
364
323
277
101
865
690
668
236
547
195
525
149
842
434
412
291
269
85
737
626
604
913
531
163
141
53
481
888
714
370
348
275
99
77
458
242
572
220
902
523
147
45
810
760
316
267
83
29
504
980
188
849
519
139
51
682
124
263
75
426
838
721
135
43
794
618
465
905
71
27
362
710
817
39
666
234
454
23
410
806
689
15
948
602
433
841
994
346
678
625
570
218
422
369
713
314
790
614
241
457
884
186
358
901
972
809
122
662
230
756
406
681
500
782
598
425
837
342
793
617
654
566
214
361
398
709
310
665
233
590
453
182
940
409
978
899
805
334
118
601
558
206
345
677
302
569
217
421
542
174
876
313
835
789
613
286
110
185
357
158
748
121
707
661
229
94
492
451
946
924
405
62
803
781
597
341
675
653
565
213
993
419
882
860
397
309
787
611
589
181
970
355
754
732
333
117
659
227
498
476
557
205
403
828
301
779
595
541
173
1016
339
700
285
109
651
563
211
444
157
395
307
636
93
775
587
179
380
61
938
331
115
252
647
555
203
391
299
977
583
539
171
874
327
283
107
551
199
155
746
966
295
91
490
535
167
59
922
279
103
527
151
271
87
945
143
55
858
79
47
730
934
31
881
474
826
753
969
497
698
870
442
634
742
378
486
250
918
1012
937
854
726
873
470
910
822
745
489
965
694
921
438
846
630
374
718
246
857
462
814
729
473
933
686
825
430
798
622
697
366
441
869
670
238
633
414
377
741
606
1004
249
485
350
963
917
574
222
318
190
126
853
725
469
931
909
821
693
437
867
845
629
373
739
1010
988
717
245
483
461
915
813
685
429
851
797
621
365
723
956
669
237
467
413
907
819
605
349
691
892
573
221
435
317
843
627
764
189
371
508
125
715
243
459
903
811
683
427
839
795
619
363
711
667
235
455
411
807
603
1002
347
679
571
219
423
315
791
615
187
359
123
663
231
407
783
599
343
655
567
215
399
311
591
183
335
119
559
207
303
543
175
986
287
111
159
95
63
1009
954
890
998
762
506
982
1001
950
886
758
502
974
985
942
878
953
750
494
926
889
761
997
862
505
734
478
830
702
446
638
382
254
981
949
885
757
501
995
973
941
877
749
493
979
925
861
733
477
947
829
701
445
883
1020
637
381
755
253
499
971
939
875
747
491
967
923
859
731
475
935
827
699
443
871
635
379
743
251
487
919
855
727
471
911
823
695
439
847
631
375
719
247
463
815
687
431
799
623
367
671
239
415
607
351
575
223
319
191
127
1018
1014
1006
1017
990
958
894
766
510
1013
1005
989
957
893
765
1011
509
1003
987
955
891
763
507
999
983
951
887
759
503
975
943
879
751
495
927
863
735
479
831
703
447
639
383
255
1022
959
1015
767
511
895
1019
991
1021
1007
1023
