0
4
8
16
32
64
80
96
128
144
160
192
256
264
272
288
320
384
512
520
528
544
576
640
768
48
136
2
72
40
516
896
260
832
704
132
800
448
672
416
68
608
784
352
24
1
656
400
224
592
336
36
208
776
514
560
648
258
304
392
584
130
176
328
200
20
552
66
112
296
772
644
960
168
388
928
580
864
536
513
34
324
912
736
280
257
104
848
480
196
12
548
720
152
129
292
770
816
464
904
642
688
840
18
164
88
386
432
65
712
532
578
624
808
456
276
322
368
100
680
900
56
33
424
148
546
836
194
240
10
792
769
616
992
290
708
524
664
641
360
804
84
976
452
268
162
408
385
17
530
676
232
600
898
944
577
140
6
274
420
968
344
788
52
321
834
98
880
612
568
146
545
936
9
76
660
706
752
356
216
193
522
802
312
289
404
450
496
872
266
82
228
596
964
780
44
674
920
897
5
529
184
161
744
340
138
652
518
418
50
786
932
273
856
28
564
833
488
610
120
97
212
396
3
262
74
658
145
521
588
308
354
868
728
705
134
42
824
402
801
265
332
916
180
962
1008
81
472
226
449
778
594
740
556
70
137
204
517
26
696
673
116
49
338
484
852
650
300
38
261
930
73
440
562
417
785
210
540
1000
394
172
632
609
724
133
908
22
515
306
774
586
41
284
657
376
353
108
820
866
468
259
69
178
330
14
25
156
646
401
248
225
554
914
777
844
131
202
37
114
692
593
984
738
961
92
390
298
67
21
436
582
337
482
60
649
716
538
170
628
35
561
13
850
996
326
209
393
460
812
282
106
372
550
305
19
773
198
585
952
929
154
722
244
294
177
11
906
684
329
90
466
645
534
818
166
113
7
553
428
201
796
58
389
278
888
102
865
620
297
980
771
581
690
842
526
150
364
537
169
668
325
913
434
760
270
86
737
281
236
105
412
643
714
549
626
197
504
142
54
481
153
604
902
387
458
293
370
78
810
89
348
579
533
165
242
948
46
849
994
57
572
220
323
277
101
30
682
316
547
195
525
149
838
721
426
188
291
905
972
269
85
794
465
618
884
124
817
531
163
141
53
710
362
275
99
666
77
454
234
756
806
689
523
147
410
45
841
500
433
267
83
602
29
978
678
625
519
139
51
346
940
713
422
369
263
75
570
218
457
901
790
614
241
135
43
314
809
358
71
27
186
662
230
39
876
122
681
406
23
425
837
946
782
598
15
793
748
617
342
924
492
361
709
1016
654
566
214
993
665
233
453
398
310
899
409
970
805
882
590
182
601
334
860
118
345
677
754
558
206
569
217
421
498
302
732
835
313
789
613
542
174
476
185
357
828
286
110
707
121
661
229
158
451
938
405
700
94
803
781
597
977
444
62
341
636
675
653
565
213
380
419
874
397
309
252
787
611
589
181
966
355
746
333
117
659
227
490
922
557
205
403
1012
301
945
779
595
541
173
339
285
109
651
563
211
858
157
395
307
93
934
881
775
587
179
730
61
969
331
115
474
753
647
555
203
826
497
391
299
870
583
539
171
698
327
283
107
442
742
551
199
155
634
486
295
91
918
378
535
167
59
250
937
279
103
527
151
271
87
854
143
55
1004
873
79
726
47
470
745
965
31
910
822
489
921
694
438
846
630
857
374
718
246
729
462
933
1010
473
814
825
686
988
697
430
869
441
798
622
633
366
741
377
670
238
485
963
249
414
917
606
350
956
574
222
318
853
190
126
725
892
469
931
909
821
764
508
693
437
867
845
629
373
739
1002
717
245
483
461
915
813
685
429
851
797
621
365
723
669
237
467
413
907
819
605
349
691
573
221
435
317
843
627
986
189
371
125
715
243
459
1009
903
811
683
427
839
795
619
954
363
711
667
235
455
411
998
807
603
890
347
679
571
219
762
423
315
506
791
615
187
359
123
663
231
407
783
599
343
655
567
215
399
311
591
183
335
119
559
207
982
303
543
175
1001
287
111
159
95
63
950
886
758
502
974
985
942
953
878
889
750
997
494
761
926
505
862
734
478
830
702
446
638
382
254
981
1020
949
885
757
995
501
973
941
877
749
979
493
925
861
733
947
477
829
701
883
445
637
755
381
499
253
971
939
875
747
491
967
923
859
731
475
935
827
1018
699
443
871
635
379
743
251
487
919
855
727
471
911
823
695
439
847
631
375
719
247
463
815
687
431
799
623
367
671
239
415
607
351
223
575
319
191
127
1014
1006
1017
990
958
894
766
510
1013
1005
989
957
893
1011
765
509
1003
987
955
891
763
507
999
983
951
887
759
503
975
943
879
751
495
927
863
735
479
831
703
447
639
383
255
1022
1021
1019
767
511
895
991
1007
959
1015
1023
