0
1
2
4
8
16
24
32
36
40
48
64
68
72
80
96
128
132
136
144
160
192
256
260
264
272
288
320
384
448
512
516
520
528
544
576
640
672
704
768
800
832
896
416
608
352
784
656
224
400
514
592
258
336
130
208
20
560
776
304
648
392
66
176
584
328
200
112
552
296
34
168
772
644
12
388
580
536
104
324
280
513
257
196
152
548
129
960
18
292
928
864
164
88
912
736
65
770
848
480
642
720
532
386
100
816
464
276
904
578
688
840
56
322
432
148
33
712
624
10
808
456
194
368
546
680
290
84
424
524
900
240
616
268
836
792
162
769
360
708
664
17
641
140
530
804
452
408
232
385
52
274
676
600
98
577
6
992
420
344
321
76
146
898
612
976
788
216
568
834
356
944
660
545
193
522
9
312
968
706
880
404
82
289
228
266
802
596
44
936
450
752
184
780
674
340
161
872
496
138
529
652
964
418
920
50
744
897
564
786
212
610
273
5
120
518
396
28
932
856
97
488
308
74
833
588
658
354
262
145
728
868
332
705
402
521
180
824
916
226
594
801
472
134
740
778
42
556
449
3
962
265
81
204
696
338
852
673
484
116
1008
650
300
70
930
440
137
562
417
724
26
210
785
517
394
632
49
908
540
172
609
1000
820
586
306
866
468
774
38
73
261
376
657
284
353
844
914
330
108
692
178
738
984
646
401
133
248
554
41
961
156
22
515
225
777
593
202
716
436
482
850
114
390
996
628
298
812
69
259
92
582
337
460
25
952
14
649
929
372
538
722
906
561
170
131
37
326
684
209
393
60
818
282
466
244
980
550
305
585
773
888
106
67
428
198
796
21
865
842
620
154
690
294
329
177
35
913
645
760
13
553
668
534
364
737
90
434
166
201
113
714
948
389
19
994
504
626
902
297
412
278
236
481
810
58
102
581
458
771
604
849
972
11
370
537
526
169
150
325
884
348
682
242
281
7
270
643
105
86
549
838
721
197
905
572
220
426
153
142
387
794
978
54
293
756
465
817
316
618
579
940
710
89
78
533
165
500
188
362
323
666
454
57
806
841
46
277
689
101
124
234
547
195
410
525
30
149
433
876
291
602
946
678
713
625
269
85
901
531
163
346
1016
422
457
369
141
53
809
924
790
748
993
570
275
614
99
218
970
241
77
492
523
314
147
882
358
681
45
662
267
186
83
837
230
425
29
406
860
754
793
519
139
122
51
782
617
598
709
498
263
75
361
342
732
938
665
453
135
43
654
899
233
566
214
805
476
977
409
71
27
828
398
310
601
39
590
677
182
1012
345
23
700
334
874
421
118
835
966
569
217
15
444
558
206
789
613
313
636
302
746
357
707
922
185
380
542
174
661
945
490
229
451
121
252
286
110
405
803
781
158
597
94
341
675
858
934
969
881
653
62
565
213
419
397
309
787
611
730
753
589
181
355
474
1004
497
333
117
826
659
870
227
557
205
403
301
779
698
595
742
937
541
173
442
339
918
486
285
109
651
634
563
211
157
395
378
307
93
1010
775
587
250
179
873
61
854
331
115
965
647
555
203
745
726
391
299
988
489
921
470
583
539
171
910
822
327
283
107
551
199
155
694
295
91
857
438
535
167
59
846
933
630
279
103
729
374
527
151
956
718
473
246
271
87
462
825
143
55
814
869
79
697
47
892
686
1002
441
741
31
963
430
633
485
764
798
622
917
377
508
366
249
670
238
414
606
853
350
574
222
725
931
318
469
909
190
821
126
693
867
986
437
1009
845
629
739
373
483
717
245
915
461
813
685
954
851
998
429
797
621
723
365
467
669
237
907
890
819
413
605
762
691
349
506
435
573
221
843
627
317
371
189
715
243
125
459
903
811
1001
982
683
427
839
795
619
363
711
667
235
455
411
807
603
347
950
679
571
219
423
315
791
615
187
359
123
886
663
231
407
985
758
783
599
974
502
343
655
567
215
399
311
591
183
335
119
559
207
303
953
543
175
942
287
111
997
159
95
889
63
1020
878
761
505
750
494
926
862
734
478
830
981
702
446
638
382
254
949
885
995
757
501
973
941
877
979
749
493
925
861
1018
947
733
477
829
883
701
755
445
499
637
971
381
253
939
875
747
491
967
923
859
731
475
935
827
699
443
871
635
379
743
251
487
919
1014
855
727
471
911
823
695
439
847
631
375
719
247
463
815
687
431
799
623
367
671
239
415
607
351
575
223
319
191
127
1017
1006
990
958
894
766
510
1013
1005
989
957
1011
893
765
509
1003
987
955
891
763
507
999
983
951
887
759
503
975
943
879
751
495
927
863
735
479
831
703
447
639
383
255
1022
1021
1019
1015
1007
991
959
895
767
511
1023
