-0.000000000000000000e+00
0.000000000000000000e+00
-0.000000000000000000e+00
0.000000000000000000e+00
0.000000000000000000e+00
0.000000000000000000e+00
0.000000000000000000e+00
0.000000000000000000e+00
-0.000000000000000000e+00
0.000000000000000000e+00
0.000000000000000000e+00
0.000000000000000000e+00
0.000000000000000000e+00
0.000000000000000000e+00
0.000000000000000000e+00
0.000000000000000000e+00
-0.000000000000000000e+00
0.000000000000000000e+00
0.000000000000000000e+00
0.000000000000000000e+00
0.000000000000000000e+00
0.000000000000000000e+00
0.000000000000000000e+00
-1.264808053353591153e-321
-0.000000000000000000e+00
0.000000000000000000e+00
-0.000000000000000000e+00
4.446590812571218898e-322
-0.000000000000000000e+00
-7.509797816786947471e-322
-8.300302850132941942e-322
1.289568239761996880e-161
-0.000000000000000000e+00
0.000000000000000000e+00
0.000000000000000000e+00
0.000000000000000000e+00
0.000000000000000000e+00
0.000000000000000000e+00
0.000000000000000000e+00
-3.371503967220666417e-320
0.000000000000000000e+00
-0.000000000000000000e+00
0.000000000000000000e+00
-9.901075542658580745e-321
0.000000000000000000e+00
-1.174888105810484282e-320
4.001931731314097008e-321
-4.018761342429772362e-160
-0.000000000000000000e+00
0.000000000000000000e+00
-0.000000000000000000e+00
-5.331956449918732705e-320
0.000000000000000000e+00
-4.176633343683561786e-319
4.565759446348127564e-319
-1.986024427524237209e-159
0.000000000000000000e+00
5.312984329118428837e-319
1.589507995800458382e-318
4.708262731214015031e-159
2.194116877373517110e-317
-1.540819855580920843e-158
2.697498055056663425e-160
5.761123908451097741e-80
-0.000000000000000000e+00
0.000000000000000000e+00
0.000000000000000000e+00
0.000000000000000000e+00
0.000000000000000000e+00
-0.000000000000000000e+00
0.000000000000000000e+00
2.964097435659974517e-319
-0.000000000000000000e+00
0.000000000000000000e+00
0.000000000000000000e+00
6.233948384380096141e-317
0.000000000000000000e+00
1.623646548544280163e-316
-1.300839164079059496e-315
-7.047441051135306271e-157
0.000000000000000000e+00
-0.000000000000000000e+00
0.000000000000000000e+00
-6.331856385285164286e-318
0.000000000000000000e+00
-9.775094929383071308e-316
-1.860413171528655256e-315
-1.481160364404694091e-157
0.000000000000000000e+00
-5.821827379613657898e-316
-1.257301832572080096e-315
-8.340128099859888964e-158
1.295205210991251593e-314
-4.589654732284402419e-157
3.031150446160973881e-157
1.594816380088504384e-78
0.000000000000000000e+00
-0.000000000000000000e+00
0.000000000000000000e+00
9.238341814114882726e-317
-0.000000000000000000e+00
1.024819413374129350e-313
-4.728994951191228278e-313
1.725210791201219427e-157
-0.000000000000000000e+00
2.233958292517034856e-314
-2.641009779611443612e-314
1.542187337937740189e-156
-9.150955215285149490e-312
-1.073158903590868369e-155
3.214936574000080246e-155
1.880530761316220229e-77
-0.000000000000000000e+00
-2.547830608580353106e-312
2.716547866387514942e-312
4.677388924705861631e-156
2.343696167154706927e-310
9.499712974012968195e-155
3.542910147396324555e-154
5.900355182243160301e-77
2.087165747694477509e-311
-2.054229380370904941e-155
-8.867126591684175730e-155
-3.529024236530409709e-77
-2.267189358318887024e-154
4.200331139483304277e-77
1.484046050161250701e-78
-2.441244154724154751e-38
-0.000000000000000000e+00
0.000000000000000000e+00
-0.000000000000000000e+00
0.000000000000000000e+00
-0.000000000000000000e+00
0.000000000000000000e+00
-0.000000000000000000e+00
1.024216522358806881e-315
-0.000000000000000000e+00
0.000000000000000000e+00
0.000000000000000000e+00
7.050727828771928103e-317
-0.000000000000000000e+00
-5.948039413237679375e-316
2.064291721918832764e-315
1.372591630035850047e-157
-0.000000000000000000e+00
0.000000000000000000e+00
0.000000000000000000e+00
-5.867360726448523016e-315
0.000000000000000000e+00
-1.158682587608965684e-313
3.750534216273872262e-313
-1.965817597104000546e-156
-0.000000000000000000e+00
2.094958828428638623e-313
-7.389051531166829477e-312
4.375612290560162889e-156
1.592981343396705759e-313
1.399811519319463358e-156
-1.282127905804547209e-155
-5.574057735765140907e-78
0.000000000000000000e+00
-0.000000000000000000e+00
-0.000000000000000000e+00
6.155768400010186678e-314
-0.000000000000000000e+00
-1.183272278837765034e-310
-1.568517269919806613e-311
9.754070600643794367e-155
0.000000000000000000e+00
-2.917643925798479333e-312
-1.728977804593246112e-312
-4.588896644709986748e-157
-8.885842476443610803e-312
-1.263820136661120244e-154
1.729593054237319172e-155
-3.324940429821374324e-77
-0.000000000000000000e+00
1.749060981067710686e-313
-5.184806566176187219e-311
8.814837533883333573e-156
7.201848891310490323e-313
4.081326506260344327e-156
-5.087307422022567303e-155
4.439705434582088855e-78
2.904420520006962245e-311
-2.498645411820557840e-155
-2.546544969938811519e-154
-1.364182740946206820e-77
4.517428218976723717e-155
2.589826837678635895e-77
-5.488927686411539320e-77
-9.023268339037627789e-39
-0.000000000000000000e+00
0.000000000000000000e+00
0.000000000000000000e+00
-1.118476123397106706e-312
0.000000000000000000e+00
-4.567705288212852371e-311
4.970016022473135726e-312
-9.956761348797826327e-156
0.000000000000000000e+00
-8.050064454500561882e-311
-1.908026192214882564e-310
4.329226020394874744e-156
1.234640578484221914e-309
-1.421678899433117606e-154
-1.572658231270848427e-154
1.744029528799100024e-77
0.000000000000000000e+00
-1.965185614696147644e-308
-1.587705664020010640e-309
9.473229707976816903e-154
1.653786631553306512e-307
2.944965081751580101e-153
5.510434652393109801e-153
2.647812083205170071e-76
-9.305449508707398417e-309
-9.017546423419487050e-154
7.773916405119702433e-153
2.716887787316727028e-76
-9.324488241143453240e-152
2.930912648865785421e-76
2.442877170081509008e-76
7.994389730570461173e-38
-0.000000000000000000e+00
9.949911625207099379e-309
-1.674491005750487953e-306
1.501993270004728700e-153
2.854926587140585916e-306
-1.763665796746083664e-152
1.089475705075186688e-153
9.336766109786618047e-77
-3.108860998796707090e-308
3.427266350233797921e-153
-5.254103248583453758e-152
-9.927742148632606370e-77
-1.947772241729519180e-151
-8.171297460237676820e-76
8.762982553658764769e-76
-8.938668201285499856e-38
-7.339591672798261014e-305
-7.938579860499755407e-152
-1.937598157077070704e-151
-2.500134045455504487e-75
-4.053979100561082356e-152
4.757967381400738998e-76
-3.767667243343546859e-76
-5.978844717274338151e-38
1.165268613121546259e-151
3.612117685900348523e-75
-2.035730992672022307e-75
-1.485980035112587488e-37
5.108085862719484121e-76
-1.008116156586313127e-37
-5.340003517797292154e-38
2.394157826925647198e-19
-0.000000000000000000e+00
0.000000000000000000e+00
-0.000000000000000000e+00
0.000000000000000000e+00
-0.000000000000000000e+00
0.000000000000000000e+00
0.000000000000000000e+00
-3.955585550643087745e-314
-0.000000000000000000e+00
0.000000000000000000e+00
-0.000000000000000000e+00
5.301156496370118563e-315
0.000000000000000000e+00
-1.174519178000739869e-313
5.339692609839949569e-314
-1.191278399259754970e-156
0.000000000000000000e+00
-0.000000000000000000e+00
-0.000000000000000000e+00
2.541997959779711717e-312
-0.000000000000000000e+00
3.022533217508915021e-313
-1.944451549175440216e-313
8.380827892277672881e-156
-0.000000000000000000e+00
-3.304139107802337396e-313
-8.039808243583541322e-312
9.798001406613167646e-156
-2.653808886190888153e-312
9.608430523613832794e-157
4.859142164755873183e-155
-1.992596399272643714e-77
-0.000000000000000000e+00
0.000000000000000000e+00
-0.000000000000000000e+00
1.727573155962342105e-313
-0.000000000000000000e+00
8.450416612719707450e-314
7.918515129169813239e-312
8.060861861498596418e-156
-0.000000000000000000e+00
1.368441109790727065e-313
-3.085282802462973741e-311
2.971854570025074514e-155
2.098526118783374614e-312
-4.557707052747375671e-156
-1.252554153274018354e-154
4.237156565824478790e-77
-0.000000000000000000e+00
6.400887838782798531e-311
3.393568846876226517e-310
-1.118653584265642637e-154
-2.746947894892423672e-311
4.517334861222610900e-155
1.185408530387071263e-155
2.488537816737625962e-77
8.436323845667864687e-309
6.617438902715659443e-154
-1.846560949369438348e-153
2.385879176278867294e-76
-1.504273765774640075e-153
1.290111928239936101e-76
-2.144523462198247458e-76
4.484347852384212719e-38
-0.000000000000000000e+00
0.000000000000000000e+00
0.000000000000000000e+00
1.933083675741508966e-310
0.000000000000000000e+00
7.090562263199683486e-310
-8.910445344334144005e-309
6.145874900813525462e-155
-0.000000000000000000e+00
-5.229418750150592890e-310
1.123991930132683182e-307
-1.142279645024509533e-153
-9.178448926994880757e-308
-6.193336470098783363e-154
2.829820679281678850e-153
-1.695699916039680917e-76
0.000000000000000000e+00
-1.085276966348149812e-307
5.472588598817482401e-307
4.393229112681661033e-153
1.516810213080584965e-306
3.803976283296291818e-153
-1.053328139309958158e-152
-1.132721166913562665e-76
3.817844407348125094e-306
1.227895834653426956e-152
1.513482098058908249e-152
-4.122261436810764704e-76
7.065076452788564236e-156
7.891062063976070428e-78
-6.754558143845435407e-77
-4.274577437928094083e-39
-0.000000000000000000e+00
-2.008722163694533330e-307
2.514660459524856605e-305
1.913163552207801269e-152
2.009907481570276549e-305
-1.270469592987954745e-152
-5.455378986535926933e-152
1.706033706609708626e-78
-1.489954683659618029e-303
2.949460206542994619e-151
-7.598988672311154249e-151
-1.501255319897392418e-75
4.191159016019943911e-152
-5.791435049760880147e-76
6.569947192419046445e-75
-2.595469570553894321e-37
1.224009326955745154e-305
1.083921835506708953e-152
-8.331643702431161399e-152
-1.759984852572181354e-76
-1.979204627495059965e-152
-6.736622702785375813e-76
2.804798417191751750e-76
-4.737241392279915059e-38
1.351073327014908708e-151
1.381966639240511326e-75
-4.321175685099790234e-75
-1.034347558774762616e-38
2.651197878003841498e-75
-1.550136544019530261e-37
3.836482502583215182e-38
7.914753763104478687e-19
0.000000000000000000e+00
-0.000000000000000000e+00
0.000000000000000000e+00
-3.120733395580658336e-310
-0.000000000000000000e+00
-4.249668509639730851e-308
-7.608252085007983321e-310
-2.052844876245800638e-154
-0.000000000000000000e+00
-4.582264505007073521e-310
1.147850018666212678e-310
-4.758720037051298045e-155
1.723038214991055760e-309
-2.556668905545430060e-154
-7.767640053591071469e-155
-2.665407528177088875e-77
0.000000000000000000e+00
-2.554118151402608209e-307
-1.695532048225387085e-309
-2.364258553641453488e-154
-3.881775599406952709e-306
-1.517382624267582010e-152
-1.792337595283375707e-153
-1.132897254767582100e-77
9.039748472290934959e-309
2.741929887294648568e-154
9.736868619756801211e-153
2.963297327256641085e-76
-1.514018758770351705e-152
8.301400168518552172e-77
-1.241680673269198851e-75
-7.957544486056347864e-38
0.000000000000000000e+00
-1.083767986429799558e-304
4.878015508009078167e-303
-2.432465953692077055e-151
7.505711462777550270e-305
4.223156036952798733e-152
1.583095854965491795e-151
1.306019831852040662e-75
6.278974581200118042e-304
1.311248030043919441e-151
1.844181224782404814e-151
-1.385857229428299031e-75
1.486728616896389852e-151
4.391308168358130420e-75
-5.732691332006916167e-75
-1.451753154211250337e-37
-2.149744626818369451e-302
3.530087941370864878e-151
-1.353131576718782650e-150
-7.685229291230309981e-76
-7.615494825998326708e-152
-5.618624486129369315e-76
-6.152228149761769983e-75
-4.156530114720429714e-39
1.495393247713305573e-149
-2.512312322222300940e-74
8.022153350391530504e-76
1.018627340477579788e-37
2.578761346591073564e-74
5.835041415145433030e-37
-1.225120657686842808e-36
9.071299280612304413e-19
0.000000000000000000e+00
4.114728554287773765e-304
-1.550693683292846626e-304
5.127320568591412146e-151
2.471251193647286308e-302
-9.126545507884794780e-151
1.060466170441779518e-150
-7.364448699264231540e-75
-3.016989696017894154e-303
7.261992168859503582e-151
5.969736888684130999e-150
-6.949034232550803382e-75
2.971106924683521023e-150
5.965188121529808255e-75
-1.914528570626262534e-74
-2.571017599323851622e-37
-1.748594747288919166e-302
-3.604611093070866035e-150
-1.719087061182710505e-150
-1.202811856705365998e-74
-7.548960268131589138e-150
-2.201143675789265720e-74
-9.826972754687196719e-75
1.961928644970669165e-37
3.457048412728432479e-148
-8.802532106677124826e-74
8.356720453587164570e-74
8.179098005608435040e-37
-8.432621667706099552e-74
1.008068712242802814e-36
-3.038963126730631127e-36
-1.689330161490636319e-18
-1.516942667204706433e-303
-3.708212795477808182e-151
1.198959330390100953e-150
-3.766885660405762592e-75
3.853662928491475232e-149
4.858492682871212382e-74
2.574820390446604388e-73
-1.475746855987249685e-36
-8.004484091482082933e-150
-6.660671499499219477e-75
-2.659886955175420241e-74
1.159166221480408096e-37
5.924808649812214972e-74
-6.944881260688601582e-37
5.070837818755197545e-37
2.177466590629169821e-18
3.882165828749878368e-146
1.058240003308932226e-72
1.406018176040625232e-72
3.809012293487339348e-36
-6.974772638982770836e-72
4.890919741000582337e-36
6.579794478953752240e-36
-9.223788356807520412e-18
2.799231046214480031e-72
-4.751844337551948819e-36
-2.287344901124953188e-36
1.775149044208536130e-18
-5.889602360873158336e-37
9.054363415414867693e-19
1.190871510695694860e-17
-1.016867603856380624e-08
0.000000000000000000e+00
-0.000000000000000000e+00
0.000000000000000000e+00
0.000000000000000000e+00
-0.000000000000000000e+00
0.000000000000000000e+00
0.000000000000000000e+00
-2.813518548804769851e-315
0.000000000000000000e+00
0.000000000000000000e+00
0.000000000000000000e+00
-5.945024916738603284e-312
-0.000000000000000000e+00
7.981734228529206731e-311
-3.683543632529663237e-311
-3.380619805210576163e-155
0.000000000000000000e+00
-0.000000000000000000e+00
0.000000000000000000e+00
-1.043272149808783949e-310
0.000000000000000000e+00
-7.591633737762505745e-309
-8.508532378128803011e-309
-1.739748938774132268e-154
-0.000000000000000000e+00
9.748855130125618225e-310
-7.087547985713149378e-307
1.945841401619665629e-153
4.481680448680878123e-308
-3.624865893687226275e-153
1.306112536065232109e-154
1.102360754784543894e-76
0.000000000000000000e+00
0.000000000000000000e+00
0.000000000000000000e+00
8.565911997841359440e-308
-0.000000000000000000e+00
-2.817527064111584843e-308
-5.206845244922215209e-309
-9.683310947283766498e-154
0.000000000000000000e+00
-6.975945878926521230e-307
5.241580958633516330e-306
2.653606253941184214e-152
-1.484853227687865089e-303
1.036048935979167915e-152
1.555061405589836942e-150
3.758778077820104750e-75
0.000000000000000000e+00
-6.024170294343520278e-305
2.845711510023440916e-306
6.908150564117196903e-152
7.948688319122316319e-306
5.476424868536927677e-152
-2.588244430091615075e-152
-9.869570707473451819e-76
-6.522457127080700375e-305
7.706458569390813841e-152
2.412609378589297928e-151
1.405990588643253648e-75
-1.768859599570821885e-149
9.166106332491481224e-76
-2.397309690541414505e-75
-2.168838281370564965e-37
-0.000000000000000000e+00
0.000000000000000000e+00
0.000000000000000000e+00
3.205752895134843660e-308
0.000000000000000000e+00
2.358201842395020443e-307
5.132268265457208452e-307
-2.060942112315673610e-153
0.000000000000000000e+00
1.297949031660917650e-306
4.773816327661587983e-305
-4.002814558269998269e-152
-7.638680445102593226e-306
-6.286361665270709101e-153
-3.953468195655865172e-152
-3.523540078565566222e-77
0.000000000000000000e+00
-2.637670715582631895e-304
-5.856620806761771130e-304
-3.397440071954573782e-152
-3.263234279246773522e-303
5.932053007696775825e-151
-1.527095757639710861e-150
-4.249587999402995788e-75
-2.242274213506585113e-301
-5.988371359968146714e-151
4.388123702982539137e-150
7.777831717492314681e-75
-5.789399115935263705e-150
8.412855600519333614e-76
-1.323023808250393583e-74
1.561220088676960326e-37
-0.000000000000000000e+00
1.224732195747022080e-302
-1.643908331909355806e-302
2.218574091000072523e-151
-1.938453158388140360e-301
-2.395101069789135513e-151
-4.770499827329330887e-151
-1.569983766391847600e-75
-2.637541314054661384e-299
5.264525291613578315e-149
-2.076321091502134586e-151
2.073123270856167300e-74
-5.609620760284743539e-149
-1.138578500714511354e-73
4.014711027416908527e-75
1.897870202485058206e-37
-2.366978885784721729e-301
9.741978340802862943e-151
-2.168655764772075136e-148
1.166425370643095713e-73
1.194660809567353004e-149
1.252085586171649034e-74
-3.297461232633564042e-73
-4.195824776797904204e-37
5.785109099080800530e-149
1.632665848874198101e-73
1.894591677819209770e-73
1.511580854704457199e-36
-3.607503148021673345e-73
-2.383848824351411256e-36
1.530061207521051458e-36
3.943574764922209935e-18
-0.000000000000000000e+00
0.000000000000000000e+00
0.000000000000000000e+00
4.901350972251547427e-307
-0.000000000000000000e+00
2.314019767381327096e-307
-4.989837584597612905e-306
-1.040410441928231503e-152
0.000000000000000000e+00
2.675952930007452211e-305
-1.786974739721198638e-304
1.034682346450408237e-152
4.209253882077614369e-301
2.307565764320980520e-150
-3.186204601888750847e-149
8.368923507333579625e-75
-0.000000000000000000e+00
-7.985299418813240536e-305
-2.034782066457553925e-302
-8.876896182059966877e-151
-7.664181723200879832e-302
1.716570609562212477e-151
-5.650731010426988121e-151
-4.710862149197274735e-75
4.168440377995815231e-299
4.420633085714851477e-149
9.601875788223595542e-149
-5.224200670578491523e-74
-9.802066097146277366e-149
6.779405607260296689e-74
1.417026094184650810e-73
-1.133629697529213217e-36
-0.000000000000000000e+00
2.229600175766724816e-304
3.214723790835529923e-303
2.644552154350438972e-151
-5.431523264676502744e-302
-1.051761108420686178e-150
3.732059066835552856e-151
1.727988400443741806e-75
4.898297880149420552e-300
-1.421439934512589283e-148
-2.563893313110420910e-149
1.132284575399457238e-74
1.378427568562375985e-148
-8.165090103973951497e-74
9.820838541531701526e-75
-7.447866888681311218e-37
1.421526786089166484e-301
-1.343590634545218507e-150
1.387335019363230647e-149
-1.824620674496737986e-74
-1.880387770131342168e-150
3.143365583565826502e-75
-1.445530380270450953e-75
-1.738957476394293569e-37
-5.306384013604487261e-147
4.117147777651643396e-73
1.121807072794296950e-72
-3.081508453484612250e-36
-3.227596043602383717e-73
-4.332850630022024517e-37
1.061147056581259742e-36
-3.513161717640701977e-18
-0.000000000000000000e+00
-1.391908645195563834e-298
-2.048793454178580985e-299
2.997333830176595639e-149
7.196637466238672967e-299
2.460191777759417649e-149
1.221136910450755378e-148
3.662680938238912373e-74
2.995649684636961063e-295
-1.868267395901089399e-147
1.433203769150157481e-147
-1.202384671281271636e-73
-9.234263835900030870e-147
1.694309430561354774e-73
-2.606784320154136284e-73
1.192435250480230280e-36
-1.896533556845523027e-293
8.214851743106937658e-146
-6.609074771006367607e-146
-6.508656127844707542e-73
5.952072706808801271e-148
-7.609843370299072064e-74
-4.113742074250467196e-74
-1.134446049090199133e-36
3.321810918942633184e-146
1.015813735323413811e-72
-1.413377498146950208e-71
2.122292362206441544e-36
-7.798353233026629615e-72
-4.400698165980531551e-36
1.117671365455878251e-35
9.485510645051764649e-18
-6.177046851066233191e-294
1.002966907180332072e-145
1.366366453558876680e-146
-1.449388068725619790e-72
2.070435735316318230e-144
-2.323476496323920744e-71
-1.753642370555581934e-73
1.899351973901186933e-36
-1.663743082428358790e-144
4.840669832146550687e-73
2.432478552563636966e-72
-5.275297137938110964e-36
2.383301477520497937e-71
-2.273601817960592782e-35
5.207327852322910579e-36
6.489579596668863946e-18
2.402450481640489332e-143
1.110026925735649708e-70
9.362580091552723152e-71
6.516487106330446775e-35
2.734376597282123122e-70
-7.642925950337102068e-35
1.355383567248210607e-35
2.063072077571778168e-17
-2.036133016346310077e-69
5.521579928621311536e-35
-5.891537750586639757e-34
1.396149127459481492e-17
2.283804509262130008e-36
-7.582871942597873433e-18
-3.036098305820072883e-17
1.541238381875402336e-08
-0.000000000000000000e+00
0.000000000000000000e+00
0.000000000000000000e+00
-1.618230664500078287e-302
0.000000000000000000e+00
5.248930143623415891e-306
-4.081605517874726876e-304
6.657254461152203843e-151
0.000000000000000000e+00
8.073681455080483475e-306
-2.122480832890060151e-304
-5.683196739808814500e-151
7.422244413079526935e-306
-1.030052140951470155e-152
-9.436517082869487975e-151
-9.316028365702337322e-76
0.000000000000000000e+00
-8.407767192047686990e-299
-5.036643153719569046e-300
8.033128851075386313e-148
3.918765232707881142e-299
-6.431817559717278420e-149
4.024331742801345157e-148
-1.227713114265169917e-73
5.212164755660025996e-300
-1.208418130845819306e-148
1.389908166202770053e-149
2.399894126512400489e-74
-6.056861308617547351e-147
4.515349135634011080e-73
1.810678312219629771e-73
2.191539519909234442e-36
0.000000000000000000e+00
1.192782864312152887e-300
4.285244687609737218e-298
-1.471574928973048573e-148
-3.941225262817950514e-299
-5.146864866257643166e-149
-7.116929091808216027e-149
1.843439060944228745e-74
-1.152037175270774690e-299
-7.018709496558396321e-149
2.024563404336605629e-147
-1.935095174875285555e-73
-3.391777696503657822e-148
1.864065350568884443e-74
1.141722055416804803e-73
-9.655410423671526308e-37
3.964774470157432382e-295
2.474436740387913490e-146
-7.056943186322939352e-147
4.512420560106084266e-73
-5.370872850805141454e-145
1.324178543547435055e-72
-8.507984574267308254e-72
-4.074025666005978202e-37
-1.051582298489946015e-144
1.609264756617766999e-71
6.924731731870666980e-72
1.262041810299661801e-35
-4.355653679031577170e-71
-1.963621083613853365e-35
-5.500497146001258161e-37
-5.380907808263680335e-18
0.000000000000000000e+00
3.105158911353043211e-298
-1.143090505789533570e-294
-8.647731286905894878e-145
-9.428626824282718631e-296
2.694483267703869108e-147
5.248245071849702631e-146
2.495334028795359156e-72
1.184583306885847395e-294
6.504341098762969861e-146
-6.503289767721441546e-145
1.820363236884986129e-71
2.043375733156014523e-145
-4.901582307271725878e-72
-1.115030772845897922e-71
-9.352567705913000367e-36
2.935622744242280915e-294
-5.612328886799318442e-147
-4.922965255532302231e-144
4.838636056264746049e-72
-7.168515734190505990e-144
-3.470890939571164048e-72
-2.535991378174689044e-70
-1.069629053458445959e-36
-2.032411467240365051e-146
4.000879415748340373e-73
-5.265384262998455824e-73
2.379618155195118143e-36
-1.837899882210680739e-71
-1.066442967898374289e-35
-2.914310452065493635e-35
7.095429993033360575e-18
6.101980730472677100e-294
2.127663883377441011e-146
-2.399404423444122965e-144
1.232089466019370941e-71
-1.297225609204482463e-143
-2.183961657763231247e-72
-5.040369029840950564e-71
6.101955901746124914e-36
-6.227136738923463834e-143
-2.425955948922491644e-71
1.931346402468790264e-70
-6.633628684789939469e-35
2.300112069460686125e-71
-1.644239944778421437e-35
-2.996686929258731650e-36
6.809316817562534911e-18
-6.935229167090250452e-147
2.747698110116707223e-73
8.044474898294307816e-71
2.797711650699834702e-35
1.610771769811153455e-71
1.634766493732860860e-35
-3.330440930934623888e-34
3.618262125962217981e-17
8.594572702219665022e-70
8.556195513698896005e-35
-4.034913998716480865e-34
-8.073026871707299094e-18
-2.681594051341652861e-34
5.403259866114847037e-17
1.788733211397278992e-16
-3.849934294099189276e-08
0.000000000000000000e+00
2.507847015508353104e-298
-5.400957113253365038e-299
2.134570562296055534e-148
1.312208564410866459e-296
-3.491375876460610756e-148
1.703655652661170865e-146
7.876008247797486335e-73
-1.299369095091870156e-298
1.286370870725020150e-148
-1.054251590304822887e-146
-1.429943111172872916e-73
5.163733964630803146e-149
2.203832205565135680e-74
1.562740811142985063e-72
7.166757785845962777e-36
1.890471284887098555e-293
-1.443471235081598375e-146
-1.491019497921850512e-145
-5.143309123041266867e-73
2.524237453297653542e-144
5.182627255398085963e-72
1.635078197739768579e-71
1.332587692722959618e-35
1.425975522660106319e-144
5.092645985760038370e-72
-7.064614633382918773e-72
3.871787166467935586e-36
2.157697086670322390e-70
4.488783510606822621e-35
9.947752846325923789e-35
2.938760127031472955e-17
-5.230835092310598081e-286
1.281382260393545092e-141
-4.606390852122212820e-141
-1.123161192470777011e-69
1.098280888545541697e-140
3.714606273833263258e-70
2.803646123560388779e-69
-1.626299912922438956e-34
-3.434078161498620981e-144
2.826756668634173121e-71
7.425937370177754695e-71
3.082828865805893933e-35
2.907496853214941575e-70
6.866129882872481148e-35
2.108480464497667057e-34
-4.232777957288523545e-17
-3.475676756008836570e-143
-2.824820295142485513e-70
-3.274271197627378184e-70
1.285646462811231158e-34
-4.411411512022024584e-69
1.342639313473288755e-34
6.477994962035492447e-34
7.241493542236298305e-17
-1.604765717519591715e-70
3.141150993197321018e-36
1.008187313242694046e-34
-8.093695118099208386e-17
-4.743790732132708554e-34
-7.280542519979364691e-17
1.148519765233707887e-17
1.259403990293784572e-08
5.416509072315411793e-292
-8.290454393252724371e-144
-4.115770651954235216e-144
-1.020248828667843620e-71
1.888322720256931318e-142
8.280813099766583771e-70
3.608221179446288568e-70
-1.368986241139293423e-34
-2.917877470249771987e-142
-3.962791331013287798e-70
-3.629280059502994288e-70
2.377458968094946454e-35
-3.868282983694599995e-71
-1.799957118119477857e-34
-2.833402725876816590e-35
6.476554848732490466e-18
3.554116826719462233e-140
-8.102272380420532869e-70
-4.107218470820938224e-70
-2.267072297944331116e-34
5.985575051956791052e-70
-1.612642251435507055e-34
1.485898622049356151e-33
-1.327405561062136935e-16
-1.117455919442788150e-68
-1.968459332032296545e-35
-6.425794117285229031e-34
-9.275945708082839349e-18
2.957000136450307753e-35
6.141053287680149322e-17
3.677118422427897221e-17
2.783683838045323358e-08
8.260667366334804832e-140
-2.007469391184919782e-67
-2.558227134963297372e-68
1.211495700182803345e-33
4.135617753205937910e-69
-1.943280290238960629e-32
-2.233271430829997954e-35
1.494895776810351323e-17
-3.344117380285944524e-69
-3.243253597896031587e-33
-1.289431927920293162e-33
-2.920635387030147155e-16
-2.186603625017425129e-33
1.556210204698922125e-16
-1.287980040643140418e-16
-3.470595890893270526e-08
8.444450243101164196e-68
2.929436350909865565e-33
7.160265182459602921e-33
4.028191793944934983e-16
-4.371583543023009182e-32
1.656333450954063965e-16
3.516924814212312805e-16
8.576145351803620351e-08
-5.815929408960579075e-32
-1.278722895228474699e-15
-1.186514716552015363e-15
6.351855242026706069e-08
1.249145961634235542e-15
-1.027223608513555356e-07
-8.290577461652121781e-08
-7.525136472236297353e-04
