#N=1024
#K=512
#list_size=4
#TX_antenna=1
#RX_antenna=1
#modulation_symbol=2
#MAX_BLERR=10
#EsNodB,BLER,BER
-5.0 1.0 0.493240234375
-4.5 1.0 0.491642578125
-4.0 1.0 0.488111328125
-3.5 1.0 0.478232421875
-3.0 0.9940357852882704 0.4592561816600398
-2.5 0.9624639076034649 0.39571553176130897
-2.0 0.7299270072992701 0.2616089758211679
-1.5 0.34199726402188785 0.10245890689124487
-1.0 0.07937767899666613 0.019329240008334657
-0.5 0.011059610746162482 0.00225547110329343
0.0 0.00105 0.00014470703125
0.5 8e-05 8.6328125e-06
