#TX_antenna=1
#RX_antenna=1
#modulation_symbol=2
#MAX_BLERR=8
#EsNodB,BLER,BER
-3.0 1.0 0.494873046875
-2.5 1.0 0.4931640625
-2.0 1.0 0.47607421875
-1.5 1.0 0.489990234375
-1.0 1.0 0.4951171875
-0.5 1.0 0.4814453125
0.0 1.0 0.45947265625
0.5 1.0 0.49365234375
1.0 1.0 0.478271484375
1.5 0.5714285714285714 0.22516741071428573
2.0 0.26666666666666666 0.10514322916666667
2.5 0.12121212121212122 0.0458984375
3.0 0.03755868544600939 0.013314260563380281
3.5 0.004558404558404558 0.001431178774928775
4.0 0.00035887313834559486 0.0001334384252198098
4.5 3.1382492962475953e-06 8.167416381347501e-07
