#TX_antenna=1
#RX_antenna=1
#modulation_symbol=2
#EsNodB,BLER,BER
-5.0 1.0 0.4927093495447373
-4.5 1.0 0.49033341396387753
-4.0 0.9999573524394405 0.4845576681646622
-3.5 0.9974837939269874 0.46698062601287954
-3.0 0.947330262708973 0.40082967830411975
-2.5 0.6584356874786762 0.22819451885555272
-2.0 0.22308938928693278 0.0588192323172552
-1.5 0.03650631183896281 0.006206969277763562
-1.0 0.004904469464346639 0.00040748411378369157
-0.5 0.0008529512111907199 4.0315272091436367e-05
0.0 0.0 0.0
0.5 0.0 0.0
