#TX_antenna=1
#RX_antenna=1
#modulation_symbol=2
#EsNodB,BLER,BER
-5.0 1.0 0.48623848165864114
-4.5 0.9999773365968634 0.48221906045529445
-4.0 0.9999093463874535 0.4734494066187802
-3.5 0.9963285286918684 0.4552674414884257
-3.0 0.9652796663947059 0.4106397012163582
-2.5 0.8188514187290363 0.3101853333120031
-2.0 0.5117849696310398 0.1676497750990524
-1.5 0.19139243948871362 0.054486153993824886
-1.0 0.037371951772278124 0.009190843185247991
-0.5 0.003875441936361164 0.0007758882720888192
0.0 0.00020397062822953495 2.332997381710367e-05
0.5 0.0 0.0
