#TX_antenna=1
#RX_antenna=1
#modulation_symbol=2
#EsNodB,BLER,BER
-5.0 1.0 0.4930369527784886
-4.5 1.0 0.4908127825400887
-4.0 1.0 0.48589490241705047
-3.5 0.9995735243944046 0.47466618288340157
-3.0 0.9864380757420675 0.4376864164854145
-2.5 0.8523967929034459 0.3255579000607728
-2.0 0.4654981235073354 0.14443804175729275
-1.5 0.12350733538041624 0.030032212235585123
-1.0 0.017400204708290685 0.003266036815506653
-0.5 0.0016632548618219038 0.00020665741747697032
0.0 0.00012794268167860799 2.665472534971e-06
0.5 0.0 0.0
