#TX_antenna=1
#RX_antenna=1
#modulation_symbol=2
#EsNodB,BLER,BER
-5.0 1.0 0.49323629977174066
-4.5 1.0 0.49144735701790876
-4.0 0.9999560014079549 0.4877323092327712
-3.5 0.9984600492784231 0.4760251005301164
-3.0 0.9504135867652235 0.42295021559310103
-2.5 0.6466473072861668 0.2523694241784263
-2.0 0.18180218233016543 0.06030965342442375
-1.5 0.015223512847588877 0.004008621724104829
-1.0 0.0007039774727208729 9.283036276172496e-05
-0.5 4.399859204505456e-05 4.6665173381118474e-06
0.0 0.0 0.0
0.5 4.399859204505456e-05 3.999872004095869e-06
