#N=512
#K=256
#list_size=4
#TX_antenna=1
#RX_antenna=1
#modulation_symbol=2
#MAX_BLERR=10
#EsNodB,BLER,BER
-5.0 1.0 0.48508984375
-4.5 1.0 0.480015625
-4.0 1.0 0.4704296875
-3.5 0.9940357852882704 0.4485237015407555
-3.0 0.9689922480620154 0.3983428718507752
-2.5 0.8628127696289906 0.32043720340811044
-2.0 0.6161429451632778 0.20225854898336415
-1.5 0.321853878339234 0.08781707635983263
-1.0 0.11485012059262663 0.02775290355461123
-0.5 0.02672153488496379 0.005578120407236192
0.0 0.00451 0.000796953125
0.5 0.00056 7.3046875e-05
