#TX_antenna=1
#RX_antenna=1
#modulation_symbol=2
#EsNodB,BLER,BER
-5.0 1.0 0.49320162900353975
-4.5 1.0 0.49053865534907026
-4.0 1.0 0.485277762229188
-3.5 0.998805868304333 0.4709218603399011
-3.0 0.9700614124872057 0.4193639582800239
-2.5 0.752942681678608 0.2722205451957523
-2.0 0.31260661890139885 0.08907292866129307
-1.5 0.05719037871033777 0.011787802397859093
-1.0 0.006908904810644831 0.0008413730648669396
-0.5 0.0010235414534288639 8.421227290174002e-05
0.0 8.5295121119072e-05 1.2327810474240874e-05
0.5 0.0 0.0
