#TX_antenna=1
#RX_antenna=1
#modulation_symbol=2
#EsNodB,BLER,BER
-5.0 1.0 0.49603985747718354
-4.5 1.0 0.4953594123166155
-4.0 1.0 0.4931865524245138
-3.5 1.0 0.48896019583226713
-3.0 0.9992323439099283 0.47438422586681167
-2.5 0.9506141248720573 0.40274248803202833
-2.0 0.6006482429205049 0.2018515704964176
-1.5 0.1677755032412146 0.04166408449014841
-1.0 0.019873763220743773 0.0037285795963408392
-0.5 0.0020470829068577278 0.0002528867067553736
0.0 0.000170590242238144 1.1328258273626748e-05
0.5 0.0 0.0
