#TX_antenna=1
#RX_antenna=1
#modulation_symbol=2
#EsNodB,BLER,BER
-5.0 1.0 0.4928362926742153
-4.5 1.0 0.49065985105339477
-4.0 1.0 0.4844291424108666
-3.5 0.9943705220061413 0.46290211985030705
-3.0 0.9065165472534971 0.3732524495692596
-2.5 0.530237120436711 0.17144052797679973
-2.0 0.1375810303650631 0.030191224331499487
-1.5 0.022731149778232686 0.002497880949334698
-1.0 0.004222108495394063 0.0002383931998464688
-0.5 0.0007250085295121119 4.348052072671443e-05
0.0 4.2647560559536e-05 3.33184066871375e-07
