#TX_antenna=1
#RX_antenna=1
#modulation_symbol=2
#EsNodB,BLER,BER
-5.0 1.0 0.48577889711841993
-4.5 0.9999573415237608 0.4802753704622046
-4.0 0.9996587321900862 0.4707152893311151
-3.5 0.9963953587577852 0.4507816165962802
-3.0 0.9724639535875779 0.40944913576593295
-2.5 0.8721098882347923 0.3270657033849501
-2.0 0.6320919716747718 0.20720205053962973
-1.5 0.3280863407559082 0.09380748896211927
-1.0 0.11543383670335296 0.028655664779029092
-0.5 0.0262776213633649 0.005717235624093507
0.0 0.00488439552939169 0.0008629176531439297
0.5 0.000639877143588431 8.49836831328385e-05
