#TX_antenna=1
#RX_antenna=1
#modulation_symbol=2
#EsNodB,BLER,BER
-5.0 1.0 0.49313765766270046
-4.5 1.0 0.490602210209826
-4.0 0.9999573524394405 0.48547925529362845
-3.5 0.9994882292732856 0.47096417471639374
-3.0 0.968654042988741 0.41819015081243605
-2.5 0.7534118048447629 0.27210792898114977
-2.0 0.3124360286591607 0.090315205454623
-1.5 0.056209484817468444 0.011799047360116001
-1.0 0.006951552371204367 0.0009619856970743773
-0.5 0.0009382463323097919 4.331392869327874e-05
0.0 4.2647560559536e-05 3.33184066871375e-07
0.5 0.0 0.0
