#TX_antenna=1
#RX_antenna=1
#modulation_symbol=2
#MAX_BLERR=8
#EsNodB,BLER,BER
-3.0 1.0 0.500244140625
-2.5 1.0 0.495361328125
-2.0 1.0 0.4935302734375
-1.5 1.0 0.4893798828125
-1.0 1.0 0.4832763671875
-0.5 1.0 0.497314453125
0.0 1.0 0.484130859375
0.5 1.0 0.486572265625
1.0 1.0 0.4871826171875
1.5 1.0 0.4949951171875
2.0 1.0 0.478271484375
2.5 1.0 0.3458251953125
3.0 0.5714285714285714 0.23883928571428573
3.5 0.27586206896551724 0.08246901939655173
4.0 0.1702127659574468 0.039644281914893616
4.5 0.002204464039680353 0.0003686664714797465
