#TX_antenna=1
#RX_antenna=1
#modulation_symbol=2
#EsNodB,BLER,BER
-5.0 1.0 0.49273808667050495
-4.5 1.0 0.4906368613527806
-4.0 1.0 0.48441956336894404
-3.5 0.9962470146707608 0.4652703089016121
-3.0 0.9244285226885022 0.3866622753006653
-2.5 0.5914790174002047 0.1965028833749147
-2.0 0.1682446264073695 0.03983207189845616
-1.5 0.026142954622995564 0.0032843619391845786
-1.0 0.0057147731149778235 0.0004252261653445923
-0.5 0.001194131695667008 5.897357983623337e-05
0.0 0.00012794268167860799 2.665472534971e-06
0.5 0.0 0.0
