#TX_antenna=1
#RX_antenna=1
#modulation_symbol=2
#EsNodB,BLER,BER
-5.0 0.9999786707618804 0.4844147423694651
-4.5 0.9999146830475215 0.4783639874477434
-4.0 0.9977391007593209 0.46342502239570005
-3.5 0.9803557716918352 0.4286478662763416
-3.0 0.8855899667263886 0.3499378119401075
-2.5 0.6323265932940876 0.2173676820717089
-2.0 0.30449620339561473 0.08849742516103574
-1.5 0.08668202371811279 0.01995433543426329
-1.0 0.016252879447146148 0.0030448320589113557
-0.5 0.0026448255268321816 0.0003610140186417541
0.0 0.000405255524272673 4.04922254927054e-05
0.5 0.0 0.0
