#N=1024
#K=512
#list_size=4
#TX_antenna=1
#RX_antenna=1
#modulation_symbol=2
#MAX_BLERR=10
#EsNodB,BLER,BER
-5.0 1.0 0.260844696969697
-4.5 1.0 0.2505965909090909
-4.0 1.0 0.23833712121212122
-3.5 1.0 0.22212310606060606
-3.0 0.9891196834817013 0.19553472409555495
-2.5 0.8688097306689835 0.13703828028328463
-2.0 0.4432624113475177 0.05280111621534494
-1.5 0.10041168792047395 0.009339618192163628
-1.0 0.00718 0.00046149621212121213
-0.5 0.00015 8.011363636363637e-06
0.0 1e-05 2.462121212121212e-07
0.5 0.0 0.0
