#N=512
#K=256
#list_size=4
#TX_antenna=1
#RX_antenna=1
#modulation_symbol=2
#MAX_BLERR=10
#EsNodB,BLER,BER
-5.0 1.0 0.2573970588235294
-4.5 1.0 0.24405882352941177
-4.0 1.0 0.23072058823529412
-3.5 0.9970089730807578 0.21058882176998417
-3.0 0.9671179883945842 0.17839060188872455
-2.5 0.8285004142502072 0.12538074467566646
-2.0 0.5133470225872689 0.06304920582195918
-1.5 0.18328445747800587 0.018614153872692774
-1.0 0.03382721060821325 0.0027623897133442375
-0.5 0.00427 0.0002745220588235294
0.0 0.00028 1.3455882352941177e-05
0.5 0.0 0.0
