0
128
256
64
32
16
8
384
320
192
288
160
4
96
272
144
80
264
136
48
2
72
448
416
260
40
352
132
400
224
1
336
68
208
24
392
304
258
36
328
176
130
200
112
296
66
388
20
480
168
257
324
34
464
280
129
104
12
196
292
152
432
386
65
18
164
456
88
368
322
276
33
10
100
424
240
56
194
148
290
17
385
6
360
268
452
84
162
408
9
232
140
321
274
52
98
420
344
5
76
193
146
289
216
266
356
44
82
3
496
312
450
161
404
138
228
50
28
273
184
97
262
74
340
145
120
418
134
42
265
212
81
488
396
70
26
308
137
354
49
38
180
261
332
73
449
226
402
22
116
133
204
41
472
14
300
338
259
69
25
417
172
210
131
37
394
484
306
284
108
67
21
440
353
178
156
35
13
330
225
114
92
401
19
376
202
60
390
11
298
248
468
337
7
170
326
209
282
106
393
198
305
154
294
177
436
90
329
482
166
113
58
201
278
102
372
389
460
297
150
244
169
270
86
325
281
105
142
54
197
153
78
428
466
387
293
89
46
165
57
30
364
323
277
101
236
195
149
434
412
291
269
85
163
141
53
481
370
348
275
99
77
458
242
220
147
45
316
267
83
29
504
188
139
51
124
263
75
426
135
43
465
71
27
362
39
234
454
23
410
15
433
346
218
422
369
314
241
457
186
358
122
230
406
500
425
342
214
361
398
310
233
453
182
409
334
118
206
345
302
217
421
174
313
286
110
185
357
158
121
229
94
492
451
405
62
341
213
419
397
309
181
355
333
117
227
498
476
205
403
301
173
339
285
109
211
444
157
395
307
93
179
380
61
331
115
252
203
391
299
171
327
283
107
199
155
295
91
490
167
59
279
103
151
271
87
143
55
79
47
31
474
497
442
378
486
250
470
489
438
374
246
462
473
430
366
441
238
414
377
249
485
350
222
318
190
126
469
437
373
245
483
461
429
365
237
467
413
349
221
435
317
189
371
508
125
243
459
427
363
235
455
411
347
219
423
315
187
359
123
231
407
343
215
399
311
183
335
119
207
303
175
287
111
159
95
63
506
502
494
505
478
446
382
254
501
493
477
445
381
253
499
491
475
443
379
251
487
471
439
375
247
463
431
367
239
415
351
223
319
191
127
510
509
507
503
495
479
447
383
255
511
