0
4
8
16
32
64
128
160
192
256
288
320
384
96
272
144
2
80
48
264
136
72
40
260
132
68
24
1
36
448
416
352
400
224
258
336
130
208
20
304
392
66
176
328
200
112
296
34
168
12
388
104
324
280
257
196
152
129
18
292
164
88
65
480
386
100
464
276
56
322
432
148
33
10
456
194
368
290
84
424
240
268
162
360
17
140
452
408
232
385
52
274
98
6
420
344
321
76
146
216
356
193
9
312
404
82
289
228
266
44
450
184
340
161
496
138
418
50
212
273
5
120
396
28
97
488
308
74
354
262
145
332
402
180
226
472
134
42
449
3
265
81
204
338
484
116
300
70
440
137
417
26
210
394
49
172
306
468
38
73
261
376
284
353
330
108
178
401
133
248
41
156
22
225
202
436
482
114
390
298
69
259
92
337
460
25
14
372
170
131
37
326
209
393
60
282
466
244
305
106
67
428
198
21
154
294
329
177
35
13
364
90
434
166
201
113
389
19
504
297
412
278
236
481
58
102
458
11
370
169
150
325
348
242
281
7
270
105
86
197
220
426
153
142
387
54
293
465
316
89
78
165
500
188
362
323
454
57
46
277
101
124
234
195
410
30
149
433
291
269
85
163
346
422
457
369
141
53
275
99
218
241
77
492
314
147
358
45
267
186
83
230
425
29
406
139
122
51
498
263
75
361
342
453
135
43
233
214
476
409
71
27
398
310
39
182
345
23
334
421
118
217
15
444
206
313
302
357
185
380
174
490
229
451
121
252
286
110
405
158
94
341
62
213
419
397
309
181
355
474
497
333
117
227
205
403
301
173
442
339
486
285
109
211
157
395
378
307
93
250
179
61
331
115
203
391
299
489
470
171
327
283
107
199
155
295
91
438
167
59
279
103
374
151
473
246
271
87
462
143
55
79
47
441
31
430
485
377
508
366
249
238
414
350
222
318
469
190
126
437
373
483
245
461
429
365
467
237
413
349
506
435
221
317
371
189
243
125
459
427
363
235
455
411
347
219
423
315
187
359
123
231
407
502
343
215
399
311
183
335
119
207
303
175
287
111
159
95
63
505
494
478
446
382
254
501
493
477
445
499
381
253
491
475
443
379
251
487
471
439
375
247
463
431
367
239
415
351
223
319
191
127
510
509
507
503
495
479
447
383
255
511
